100 610 0
0
1 23 1 1
2 186 1 2
3 20 1 3
4 -83 1 4
5 54 1 5
6 114 1 6
7 -470 1 7
8 305 1 8
9 -182 1 9
10 -321 1 10
11 84 1 11
12 230 1 12
13 90 1 13
14 -209 1 14
15 88 1 15
16 75 1 16
17 -220 1 17
18 5 1 18
19 -234 1 19
20 231 1 20
21 -3 1 21
22 46 1 22
23 229 1 23
24 178 1 24
25 -269 1 25
26 2 1 26
27 -101 1 27
28 -182 1 28
29 -119 1 29
30 41 1 30
31 303 1 31
32 -259 1 32
33 75 1 33
34 149 1 34
35 -76 1 35
36 -34 1 36
37 77 1 37
38 49 1 38
39 339 1 39
40 52 1 40
41 -225 1 41
42 -172 1 42
43 23 1 43
44 169 1 44
45 31 1 45
46 -18 1 46
47 320 1 47
48 -318 1 48
49 166 1 49
50 -59 1 50
51 189 1 51
52 120 1 52
53 -213 1 53
54 -41 1 54
55 88 1 55
56 153 1 56
57 -329 1 57
58 136 1 58
59 -7 1 59
60 64 1 60
61 -49 1 61
62 27 1 62
63 -230 1 63
64 -94 1 64
65 -124 1 65
66 -324 1 66
67 41 1 67
68 213 1 68
69 70 1 69
70 91 1 70
71 176 1 71
72 -110 1 72
73 -93 1 73
74 -124 1 74
75 -116 1 75
76 -22 1 76
77 -52 1 77
78 -164 1 78
79 49 1 79
80 -132 1 80
81 -283 1 81
82 -4 1 82
83 -58 1 83
84 -318 1 84
85 89 1 85
86 67 1 86
87 72 1 87
88 -155 1 88
89 132 1 89
90 218 1 90
91 116 1 91
92 11 1 92
93 332 1 93
94 232 1 94
95 31 1 95
96 -195 1 96
97 -120 1 97
98 -320 1 98
99 161 1 99
100 -121 1 100
101 56 2 1 4
102 -154 2 1 8
103 200 2 1 11
104 -58 2 1 20
105 -150 2 1 24
106 168 2 1 27
107 134 2 1 30
108 -50 2 1 34
109 36 2 1 36
110 -182 2 1 56
111 -58 2 1 57
112 -184 2 1 58
113 72 2 1 63
114 154 2 1 64
115 156 2 1 65
116 -40 2 1 72
117 -102 2 1 75
118 -44 2 1 95
119 -158 2 2 21
120 -44 2 2 26
121 -106 2 2 36
122 -6 2 2 38
123 86 2 2 48
124 -132 2 2 60
125 -42 2 2 79
126 -14 2 2 82
127 44 2 2 84
128 -18 2 3 6
129 148 2 3 25
130 54 2 3 35
131 -26 2 3 40
132 -142 2 3 52
133 130 2 3 70
134 -58 2 3 87
135 -128 2 3 97
136 -110 2 4 20
137 16 2 4 21
138 114 2 4 27
139 -32 2 4 30
140 -160 2 4 59
141 76 2 4 72
142 198 2 4 77
143 76 2 4 80
144 -68 2 4 100
145 -106 2 5 22
146 88 2 5 24
147 -150 2 5 30
148 -122 2 5 34
149 76 2 5 37
150 52 2 5 57
151 -88 2 5 68
152 22 2 5 71
153 120 2 5 84
154 98 2 6 16
155 12 2 6 19
156 30 2 6 28
157 -192 2 6 35
158 -90 2 6 39
159 46 2 6 51
160 -194 2 6 62
161 22 2 6 73
162 84 2 6 86
163 152 2 6 95
164 -102 2 6 96
165 -76 2 6 99
166 -44 2 7 10
167 74 2 7 20
168 162 2 7 33
169 154 2 7 38
170 -76 2 7 49
171 198 2 7 53
172 26 2 7 66
173 134 2 7 71
174 120 2 7 88
175 192 2 7 98
176 -186 2 8 23
177 54 2 8 32
178 -174 2 8 46
179 -142 2 8 54
180 -8 2 8 95
181 188 2 9 17
182 -4 2 9 30
183 130 2 9 75
184 154 2 9 76
185 -152 2 9 83
186 48 2 9 92
187 110 2 10 14
188 138 2 10 21
189 58 2 10 39
190 -156 2 10 49
191 104 2 10 69
192 86 2 10 79
193 178 2 10 83
194 -42 2 10 89
195 -70 2 10 95
196 86 2 10 97
197 194 2 10 99
198 -106 2 11 16
199 -150 2 11 44
200 -28 2 11 54
201 70 2 11 66
202 74 2 11 70
203 150 2 11 76
204 2 2 11 79
205 -146 2 11 86
206 -136 2 11 97
207 -98 2 11 100
208 -48 2 12 15
209 104 2 12 25
210 -50 2 12 29
211 -146 2 12 43
212 -198 2 12 52
213 46 2 12 69
214 -196 2 12 75
215 -114 2 12 79
216 124 2 12 83
217 18 2 12 87
218 2 2 13 17
219 -78 2 13 59
220 -114 2 13 68
221 70 2 13 81
222 34 2 13 83
223 -94 2 13 84
224 114 2 14 73
225 194 2 14 98
226 16 2 15 17
227 -116 2 15 23
228 150 2 15 32
229 -186 2 15 61
230 90 2 15 70
231 116 2 15 71
232 -46 2 15 94
233 -66 2 15 97
234 62 2 15 98
235 -148 2 15 100
236 40 2 16 20
237 -36 2 16 21
238 -170 2 16 42
239 -44 2 16 44
240 184 2 16 53
241 142 2 16 54
242 -158 2 16 60
243 158 2 16 70
244 124 2 16 72
245 -62 2 16 76
246 -174 2 16 84
247 -90 2 16 86
248 -56 2 16 91
249 190 2 17 19
250 62 2 17 30
251 -76 2 17 40
252 12 2 17 52
253 -116 2 17 56
254 140 2 17 59
255 -76 2 17 77
256 -74 2 17 79
257 172 2 17 88
258 -122 2 18 24
259 108 2 18 37
260 148 2 18 41
261 -72 2 18 46
262 -186 2 18 50
263 -190 2 18 56
264 78 2 18 57
265 60 2 18 82
266 22 2 18 87
267 144 2 18 100
268 54 2 19 36
269 40 2 19 45
270 182 2 19 52
271 -152 2 19 71
272 -12 2 19 72
273 98 2 19 74
274 -36 2 19 78
275 12 2 19 89
276 190 2 19 95
277 -110 2 19 100
278 -96 2 20 26
279 -146 2 20 35
280 32 2 20 59
281 142 2 20 66
282 -22 2 20 68
283 -46 2 20 74
284 -76 2 20 79
285 -182 2 20 82
286 -24 2 20 85
287 10 2 20 90
288 54 2 21 23
289 54 2 21 27
290 -24 2 21 31
291 -196 2 21 35
292 -188 2 21 65
293 200 2 21 73
294 46 2 21 81
295 100 2 21 91
296 20 2 22 45
297 -156 2 22 47
298 196 2 22 57
299 -54 2 22 62
300 184 2 22 63
301 -114 2 22 64
302 -80 2 22 67
303 -14 2 22 88
304 24 2 22 91
305 -176 2 22 97
306 184 2 22 98
307 -42 2 23 28
308 -140 2 23 55
309 -4 2 23 56
310 8 2 23 75
311 -124 2 23 78
312 132 2 23 83
313 -40 2 23 92
314 134 2 24 42
315 -112 2 24 43
316 -42 2 24 51
317 50 2 24 54
318 98 2 24 63
319 -146 2 24 71
320 78 2 24 87
321 -72 2 24 93
322 14 2 24 96
323 -174 2 24 99
324 96 2 25 31
325 144 2 25 32
326 42 2 25 37
327 -96 2 25 38
328 -62 2 25 52
329 -18 2 25 63
330 -134 2 25 70
331 88 2 25 72
332 -12 2 25 74
333 66 2 25 85
334 172 2 25 97
335 -148 2 26 46
336 -162 2 26 54
337 152 2 26 74
338 160 2 26 84
339 -186 2 26 89
340 124 2 26 97
341 196 2 26 100
342 176 2 27 50
343 200 2 27 64
344 -50 2 27 66
345 -184 2 27 69
346 -154 2 27 82
347 -122 2 27 88
348 112 2 28 78
349 200 2 28 81
350 -106 2 28 84
351 184 2 28 87
352 -106 2 28 93
353 92 2 28 96
354 -110 2 29 67
355 198 2 29 80
356 200 2 29 100
357 -36 2 30 39
358 140 2 30 57
359 -84 2 30 69
360 -48 2 30 72
361 -188 2 30 91
362 124 2 30 96
363 -106 2 31 37
364 -70 2 31 49
365 -96 2 31 72
366 36 2 31 77
367 -68 2 31 83
368 -130 2 31 85
369 -124 2 31 89
370 -160 2 31 90
371 40 2 31 99
372 130 2 32 44
373 -176 2 32 57
374 46 2 32 64
375 -36 2 32 74
376 198 2 32 84
377 8 2 32 94
378 76 2 33 36
379 -40 2 33 37
380 68 2 33 50
381 -114 2 33 52
382 -186 2 33 54
383 46 2 33 57
384 -162 2 33 100
385 80 2 34 52
386 -110 2 34 59
387 -90 2 34 71
388 -108 2 34 72
389 102 2 34 100
390 178 2 35 49
391 98 2 35 60
392 -12 2 35 70
393 156 2 35 82
394 156 2 35 86
395 -68 2 35 88
396 124 2 35 90
397 178 2 36 42
398 80 2 36 47
399 198 2 36 54
400 -10 2 36 55
401 68 2 36 57
402 -80 2 36 72
403 -90 2 36 78
404 -170 2 36 87
405 -166 2 36 98
406 -12 2 37 54
407 -86 2 37 59
408 -182 2 37 70
409 104 2 37 92
410 -14 2 37 93
411 -108 2 37 97
412 64 2 37 100
413 -156 2 38 39
414 106 2 38 54
415 -60 2 38 69
416 -40 2 38 91
417 112 2 39 41
418 -148 2 39 45
419 -188 2 39 73
420 10 2 39 79
421 -104 2 39 93
422 -136 2 39 95
423 14 2 40 44
424 -18 2 40 85
425 -142 2 40 94
426 144 2 40 97
427 22 2 41 59
428 148 2 41 75
429 156 2 41 83
430 -78 2 41 91
431 -58 2 41 97
432 -18 2 42 50
433 130 2 42 55
434 -12 2 42 67
435 94 2 42 76
436 120 2 42 84
437 -88 2 42 86
438 -24 2 42 93
439 90 2 43 52
440 -66 2 43 57
441 -54 2 43 59
442 182 2 43 72
443 164 2 43 87
444 -16 2 43 94
445 -88 2 43 97
446 192 2 44 46
447 -148 2 44 51
448 16 2 44 62
449 -170 2 44 63
450 -96 2 44 69
451 30 2 44 81
452 -30 2 44 84
453 -82 2 44 89
454 32 2 45 65
455 200 2 45 66
456 -156 2 45 69
457 -50 2 45 96
458 74 2 46 48
459 -152 2 46 51
460 82 2 46 59
461 128 2 46 69
462 18 2 46 74
463 88 2 46 76
464 36 2 46 86
465 -36 2 46 100
466 -152 2 47 58
467 -84 2 47 60
468 -54 2 47 62
469 -192 2 47 83
470 -82 2 47 86
471 192 2 48 51
472 192 2 48 53
473 -32 2 48 85
474 124 2 48 96
475 -190 2 49 58
476 30 2 49 59
477 -68 2 49 61
478 90 2 49 65
479 -70 2 49 100
480 -102 2 50 51
481 72 2 50 67
482 108 2 50 88
483 -22 2 51 56
484 -192 2 51 89
485 -68 2 51 95
486 110 2 51 98
487 152 2 52 60
488 -158 2 52 61
489 66 2 52 62
490 -74 2 52 64
491 -196 2 52 66
492 104 2 52 69
493 -130 2 52 71
494 58 2 52 75
495 -76 2 52 92
496 166 2 52 97
497 -148 2 53 74
498 200 2 54 58
499 196 2 54 64
500 -84 2 54 66
501 10 2 54 68
502 -62 2 54 69
503 -142 2 54 80
504 18 2 54 93
505 -20 2 54 95
506 -16 2 55 87
507 -140 2 55 99
508 114 2 56 57
509 58 2 56 64
510 -70 2 56 72
511 -72 2 56 85
512 178 2 56 93
513 130 2 57 59
514 192 2 57 61
515 -92 2 57 73
516 34 2 57 91
517 -106 2 58 69
518 160 2 58 96
519 40 2 59 61
520 76 2 59 79
521 -52 2 59 83
522 200 2 59 89
523 -198 2 59 95
524 -194 2 60 93
525 134 2 60 95
526 56 2 60 98
527 120 2 61 77
528 170 2 61 82
529 94 2 61 85
530 -106 2 61 99
531 54 2 62 69
532 118 2 62 79
533 -36 2 62 86
534 30 2 62 92
535 150 2 63 66
536 92 2 63 77
537 52 2 63 83
538 -102 2 64 70
539 -176 2 64 87
540 18 2 65 73
541 140 2 65 91
542 78 2 66 72
543 170 2 66 78
544 162 2 66 82
545 -20 2 66 94
546 124 2 67 72
547 12 2 67 74
548 -170 2 67 77
549 -6 2 67 78
550 146 2 67 84
551 -190 2 67 87
552 132 2 67 95
553 -34 2 68 70
554 40 2 68 74
555 76 2 68 75
556 -90 2 68 82
557 -6 2 68 86
558 -198 2 68 90
559 184 2 69 70
560 -12 2 69 100
561 -188 2 70 76
562 -112 2 70 77
563 -84 2 70 79
564 30 2 70 86
565 82 2 71 82
566 -188 2 71 93
567 110 2 72 75
568 -116 2 72 90
569 -56 2 72 96
570 64 2 72 97
571 116 2 73 84
572 -72 2 73 90
573 68 2 73 100
574 54 2 74 82
575 116 2 74 84
576 -50 2 75 85
577 76 2 75 89
578 -26 2 75 95
579 -22 2 76 90
580 -170 2 76 94
581 16 2 77 84
582 188 2 78 83
583 -14 2 78 84
584 108 2 78 88
585 20 2 78 100
586 10 2 80 86
587 74 2 80 90
588 48 2 80 96
589 46 2 81 84
590 100 2 81 85
591 178 2 81 97
592 28 2 81 98
593 -6 2 81 99
594 -126 2 81 100
595 -72 2 82 95
596 -164 2 82 96
597 -88 2 83 92
598 -196 2 83 98
599 -28 2 84 95
600 -112 2 85 89
601 -2 2 86 94
602 6 2 88 99
603 186 2 89 100
604 -76 2 90 94
605 -158 2 91 93
606 134 2 91 96
607 -144 2 91 99
608 66 2 96 97
609 84 2 98 99
610 92 2 98 100
