100 582 0
0
1 142 1 1
2 -66 1 2
3 122 1 3
4 203 1 4
5 196 1 5
6 6 1 6
7 57 1 7
8 -129 1 8
9 -100 1 9
10 -158 1 10
11 105 1 11
12 215 1 12
13 9 1 13
14 186 1 14
15 163 1 15
16 23 1 16
17 -240 1 17
18 35 1 18
19 -97 1 19
20 -234 1 20
21 -103 1 21
22 -339 1 22
23 -198 1 23
24 -44 1 24
25 140 1 25
26 -93 1 26
27 -41 1 27
28 43 1 28
29 153 1 29
30 -16 1 30
31 154 1 31
32 -53 1 32
33 -104 1 33
34 -3 1 34
35 -175 1 35
36 -6 1 36
37 -136 1 37
38 -14 1 38
39 -6 1 39
40 100 1 40
41 30 1 41
42 -90 1 42
43 184 1 43
44 -229 1 44
45 -230 1 45
46 -99 1 46
47 -105 1 47
48 -215 1 48
49 -167 1 49
50 71 1 50
51 -17 1 51
52 -87 1 52
53 118 1 53
54 145 1 54
55 -155 1 55
56 -222 1 56
57 -54 1 57
58 200 1 58
59 71 1 59
60 155 1 60
61 177 1 61
62 -81 1 62
63 -129 1 63
64 -103 1 64
65 -396 1 65
66 -56 1 66
67 -10 1 67
68 109 1 68
69 -483 1 69
70 180 1 70
71 -24 1 71
72 226 1 72
73 33 1 73
74 -241 1 74
75 87 1 75
76 69 1 76
77 69 1 77
78 -118 1 78
79 294 1 79
80 242 1 80
81 -126 1 81
82 -30 1 82
83 131 1 83
84 -141 1 84
85 -141 1 85
86 244 1 86
87 182 1 87
88 -7 1 88
89 318 1 89
90 -67 1 90
91 41 1 91
92 -262 1 92
93 -163 1 93
94 -176 1 94
95 306 1 95
96 -482 1 96
97 -185 1 97
98 309 1 98
99 210 1 99
100 -167 1 100
101 -180 2 1 4
102 -18 2 1 16
103 62 2 1 19
104 -48 2 1 57
105 -100 2 1 73
106 6 2 2 6
107 130 2 2 8
108 -168 2 2 21
109 24 2 2 26
110 124 2 2 38
111 -182 2 2 43
112 46 2 2 54
113 196 2 2 75
114 24 2 2 78
115 28 2 2 80
116 -96 2 2 99
117 -98 2 3 14
118 132 2 3 40
119 -36 2 3 57
120 -176 2 3 73
121 -154 2 3 87
122 88 2 3 96
123 -142 2 4 10
124 18 2 4 21
125 -72 2 4 24
126 -96 2 4 25
127 -134 2 4 28
128 -128 2 4 49
129 116 2 4 63
130 -24 2 4 78
131 70 2 4 82
132 166 2 4 96
133 -112 2 5 13
134 92 2 5 33
135 -164 2 5 49
136 -188 2 5 57
137 -64 2 5 68
138 30 2 5 75
139 60 2 5 85
140 28 2 5 93
141 -74 2 5 100
142 -144 2 6 8
143 -126 2 6 11
144 36 2 6 21
145 -164 2 6 42
146 56 2 6 45
147 170 2 6 48
148 194 2 6 49
149 20 2 6 52
150 -110 2 6 68
151 -16 2 6 72
152 -20 2 6 74
153 116 2 6 81
154 96 2 6 84
155 98 2 6 86
156 -134 2 6 90
157 -90 2 6 96
158 -150 2 7 14
159 72 2 7 20
160 -122 2 7 25
161 6 2 7 32
162 196 2 7 37
163 80 2 7 40
164 -58 2 7 46
165 -66 2 7 59
166 -72 2 7 68
167 -4 2 8 27
168 84 2 8 53
169 -126 2 8 87
170 172 2 8 90
171 20 2 8 95
172 172 2 8 96
173 -46 2 8 100
174 138 2 9 20
175 -134 2 9 28
176 -172 2 9 29
177 180 2 9 34
178 8 2 9 36
179 180 2 9 93
180 24 2 10 28
181 180 2 10 36
182 20 2 10 44
183 154 2 10 69
184 -24 2 10 75
185 94 2 10 76
186 178 2 10 93
187 -168 2 10 95
188 68 2 11 17
189 134 2 11 23
190 172 2 11 55
191 -24 2 11 62
192 -156 2 11 67
193 18 2 11 77
194 -146 2 11 79
195 -182 2 11 80
196 32 2 11 97
197 54 2 12 22
198 -108 2 12 28
199 -78 2 12 59
200 -62 2 12 73
201 32 2 12 77
202 -136 2 12 86
203 -78 2 12 94
204 -58 2 12 96
205 4 2 12 100
206 -162 2 13 24
207 -18 2 13 27
208 -26 2 13 51
209 -58 2 13 58
210 166 2 13 62
211 -36 2 13 70
212 168 2 13 91
213 -118 2 13 93
214 178 2 13 100
215 -186 2 14 15
216 134 2 14 71
217 -162 2 14 85
218 90 2 14 88
219 108 2 15 25
220 148 2 15 44
221 -192 2 15 53
222 -142 2 15 60
223 8 2 15 75
224 -152 2 15 83
225 82 2 15 84
226 -146 2 16 61
227 198 2 16 82
228 -80 2 16 92
229 158 2 17 32
230 134 2 17 42
231 164 2 17 47
232 -174 2 17 48
233 100 2 17 62
234 34 2 17 64
235 -144 2 17 77
236 156 2 17 78
237 -52 2 17 81
238 -124 2 17 83
239 30 2 17 88
240 130 2 17 100
241 -178 2 18 21
242 -162 2 18 36
243 -96 2 18 39
244 34 2 18 61
245 158 2 18 62
246 158 2 18 65
247 142 2 18 90
248 -96 2 18 92
249 -30 2 18 98
250 100 2 19 24
251 60 2 19 29
252 -120 2 19 33
253 -118 2 19 36
254 -104 2 19 38
255 116 2 19 48
256 -124 2 19 55
257 168 2 19 63
258 184 2 19 64
259 188 2 19 77
260 -78 2 19 79
261 -140 2 19 98
262 200 2 20 22
263 -74 2 20 32
264 -110 2 20 39
265 138 2 20 45
266 164 2 20 57
267 -36 2 20 62
268 124 2 20 67
269 -170 2 20 72
270 52 2 20 77
271 -30 2 20 82
272 148 2 21 51
273 150 2 21 60
274 56 2 21 67
275 160 2 21 69
276 54 2 21 70
277 -44 2 21 81
278 150 2 21 92
279 -34 2 21 95
280 -142 2 21 99
281 122 2 22 28
282 146 2 22 37
283 184 2 22 38
284 150 2 22 39
285 60 2 22 53
286 -48 2 22 67
287 -190 2 22 70
288 10 2 22 95
289 -10 2 22 98
290 180 2 23 37
291 -8 2 23 49
292 -24 2 23 53
293 196 2 23 57
294 -126 2 23 80
295 2 2 23 83
296 -122 2 23 91
297 164 2 23 94
298 64 2 24 40
299 200 2 24 42
300 -40 2 24 48
301 126 2 24 64
302 -20 2 24 77
303 -194 2 24 88
304 86 2 24 93
305 -90 2 25 46
306 -84 2 25 49
307 70 2 25 52
308 -60 2 25 60
309 -6 2 25 82
310 16 2 26 50
311 26 2 26 52
312 28 2 26 55
313 -30 2 26 68
314 -38 2 26 70
315 58 2 26 77
316 -46 2 26 86
317 144 2 26 88
318 4 2 26 97
319 110 2 27 45
320 24 2 27 51
321 96 2 27 58
322 42 2 27 66
323 -168 2 27 89
324 -34 2 28 29
325 54 2 28 35
326 -114 2 28 37
327 14 2 28 39
328 42 2 28 51
329 168 2 28 69
330 112 2 28 71
331 -154 2 28 82
332 56 2 28 89
333 -132 2 29 34
334 162 2 29 36
335 -86 2 29 48
336 180 2 29 49
337 -116 2 29 53
338 -140 2 29 57
339 -162 2 29 58
340 124 2 29 94
341 10 2 29 95
342 170 2 30 49
343 200 2 30 51
344 -66 2 30 52
345 -126 2 30 71
346 -146 2 30 88
347 -98 2 31 34
348 -132 2 31 38
349 -184 2 31 45
350 -8 2 31 54
351 114 2 31 94
352 -130 2 32 44
353 -46 2 32 49
354 -194 2 32 67
355 176 2 32 73
356 74 2 32 76
357 -34 2 32 79
358 168 2 32 80
359 -10 2 32 98
360 12 2 32 100
361 32 2 33 40
362 -42 2 33 44
363 108 2 33 48
364 158 2 33 59
365 -34 2 33 70
366 -120 2 33 71
367 4 2 33 76
368 -50 2 33 77
369 194 2 33 88
370 -14 2 33 95
371 -190 2 34 54
372 196 2 34 56
373 26 2 34 59
374 60 2 34 81
375 -36 2 34 91
376 82 2 35 36
377 128 2 35 44
378 -4 2 35 46
379 -168 2 35 56
380 72 2 35 69
381 194 2 35 75
382 134 2 35 85
383 -142 2 35 95
384 144 2 36 52
385 -82 2 36 63
386 -146 2 36 71
387 140 2 36 73
388 -196 2 36 89
389 54 2 37 46
390 44 2 37 55
391 -184 2 37 68
392 -146 2 37 71
393 194 2 37 76
394 -192 2 37 83
395 -34 2 37 95
396 128 2 37 99
397 20 2 38 41
398 -148 2 38 45
399 -22 2 38 46
400 -102 2 38 72
401 184 2 38 74
402 6 2 38 97
403 18 2 38 100
404 6 2 39 43
405 48 2 39 45
406 -176 2 40 69
407 -182 2 40 87
408 -150 2 40 99
409 -26 2 41 45
410 -64 2 41 51
411 132 2 41 65
412 94 2 41 70
413 -120 2 41 78
414 30 2 41 82
415 70 2 41 86
416 -196 2 41 98
417 86 2 42 45
418 46 2 42 46
419 -186 2 42 58
420 58 2 42 61
421 68 2 42 71
422 -172 2 42 75
423 36 2 42 84
424 -64 2 42 88
425 138 2 42 92
426 -192 2 43 69
427 182 2 44 56
428 66 2 44 58
429 86 2 44 83
430 4 2 45 46
431 94 2 45 55
432 144 2 45 56
433 170 2 45 65
434 -172 2 45 91
435 140 2 45 96
436 136 2 46 56
437 144 2 46 66
438 66 2 46 70
439 -112 2 46 79
440 34 2 46 88
441 12 2 47 49
442 -10 2 47 55
443 198 2 47 71
444 -80 2 47 74
445 -78 2 47 76
446 -102 2 47 78
447 106 2 47 96
448 48 2 48 51
449 116 2 48 60
450 172 2 48 92
451 176 2 49 55
452 -44 2 49 62
453 60 2 49 71
454 16 2 49 78
455 8 2 50 65
456 -166 2 50 99
457 -98 2 51 53
458 -108 2 51 54
459 -132 2 51 55
460 116 2 52 63
461 -158 2 52 76
462 -94 2 52 77
463 138 2 52 82
464 -22 2 52 84
465 -164 2 53 55
466 118 2 53 69
467 -122 2 53 86
468 118 2 53 96
469 -24 2 53 97
470 124 2 53 99
471 54 2 54 57
472 -30 2 54 63
473 184 2 54 69
474 -190 2 54 93
475 -48 2 54 99
476 20 2 55 56
477 40 2 55 60
478 116 2 55 74
479 -148 2 55 87
480 128 2 55 88
481 8 2 55 90
482 176 2 55 92
483 36 2 55 95
484 -58 2 55 99
485 -92 2 55 100
486 -136 2 56 62
487 70 2 56 94
488 106 2 57 77
489 -56 2 58 69
490 -10 2 58 74
491 -90 2 58 90
492 -88 2 59 60
493 42 2 59 74
494 -136 2 59 75
495 -138 2 60 70
496 -120 2 60 79
497 -32 2 60 89
498 -36 2 60 100
499 -112 2 61 89
500 -188 2 61 98
501 -86 2 62 74
502 -28 2 62 84
503 92 2 62 87
504 130 2 63 65
505 -162 2 63 75
506 -6 2 63 78
507 8 2 63 96
508 -22 2 64 75
509 -180 2 64 90
510 38 2 64 92
511 26 2 64 95
512 184 2 65 69
513 10 2 65 76
514 -52 2 66 72
515 -174 2 66 74
516 -42 2 66 86
517 194 2 66 97
518 -44 2 67 73
519 8 2 67 93
520 114 2 67 97
521 160 2 67 98
522 170 2 68 78
523 72 2 68 96
524 154 2 69 72
525 -8 2 69 73
526 60 2 69 77
527 -96 2 69 82
528 136 2 69 84
529 62 2 69 85
530 42 2 69 87
531 -100 2 70 74
532 78 2 70 75
533 -124 2 70 81
534 -34 2 70 86
535 -10 2 70 88
536 52 2 70 94
537 118 2 71 74
538 -110 2 71 80
539 124 2 71 81
540 106 2 71 84
541 -18 2 71 88
542 -68 2 71 97
543 -138 2 71 98
544 -94 2 72 73
545 -92 2 72 84
546 -80 2 72 95
547 66 2 73 84
548 114 2 73 85
549 -108 2 73 89
550 30 2 73 96
551 34 2 74 81
552 190 2 74 90
553 156 2 74 93
554 112 2 74 97
555 -164 2 75 82
556 -120 2 76 79
557 74 2 76 82
558 6 2 76 83
559 -98 2 76 84
560 -74 2 76 92
561 -66 2 76 98
562 -140 2 77 86
563 10 2 77 90
564 -90 2 77 95
565 -124 2 77 100
566 22 2 78 79
567 100 2 78 92
568 -174 2 80 88
569 -88 2 80 94
570 -2 2 81 93
571 140 2 81 96
572 112 2 83 87
573 -30 2 85 94
574 104 2 85 100
575 -82 2 86 91
576 -152 2 86 95
577 98 2 86 100
578 -76 2 89 94
579 100 2 90 94
580 -84 2 90 99
581 162 2 91 100
582 72 2 96 99
