100 575 0
0
1 65 1 1
2 -76 1 2
3 -213 1 3
4 -146 1 4
5 230 1 5
6 75 1 6
7 -59 1 7
8 -133 1 8
9 -43 1 9
10 251 1 10
11 -166 1 11
12 62 1 12
13 -90 1 13
14 -235 1 14
15 -103 1 15
16 -111 1 16
17 75 1 17
18 324 1 18
19 46 1 19
20 -170 1 20
21 9 1 21
22 -169 1 22
23 255 1 23
24 112 1 24
25 33 1 25
26 -42 1 26
27 1 1 27
28 95 1 28
29 318 1 29
30 52 1 30
31 204 1 31
32 -234 1 32
33 -206 1 33
34 44 1 34
35 93 1 35
36 99 1 36
37 -202 1 37
38 247 1 38
39 -57 1 39
40 -145 1 40
41 59 1 41
42 -61 1 42
43 -20 1 43
44 349 1 44
45 35 1 45
46 30 1 46
47 11 1 47
48 -141 1 48
49 -131 1 49
50 -54 1 50
51 -428 1 51
52 -196 1 52
53 -162 1 53
54 65 1 54
55 150 1 55
56 -105 1 56
57 124 1 57
58 -155 1 58
59 -51 1 59
60 -339 1 60
61 112 1 61
62 64 1 62
63 269 1 63
64 -51 1 64
65 -202 1 65
66 328 1 66
67 16 1 67
68 144 1 68
69 263 1 69
70 -79 1 70
71 72 1 71
72 163 1 72
73 120 1 73
74 -26 1 74
75 306 1 75
76 -43 1 76
77 248 1 77
78 37 1 78
79 -59 1 79
80 -391 1 80
81 -148 1 81
82 15 1 82
83 -247 1 83
84 224 1 84
85 55 1 85
86 -23 1 86
87 262 1 87
88 -113 1 88
89 80 1 89
90 303 1 90
91 -47 1 91
92 -19 1 92
93 74 1 93
94 -76 1 94
95 -42 1 95
96 -45 1 96
97 -72 1 97
98 92 1 98
99 3 1 99
100 -179 1 100
101 198 2 1 11
102 -110 2 1 15
103 -180 2 1 16
104 -48 2 1 21
105 -82 2 1 23
106 62 2 1 47
107 126 2 1 49
108 168 2 1 50
109 -178 2 1 53
110 -20 2 1 66
111 104 2 1 67
112 162 2 1 80
113 -166 2 1 87
114 -166 2 1 94
115 -150 2 2 28
116 -52 2 2 30
117 -56 2 2 35
118 -42 2 2 40
119 -164 2 2 52
120 8 2 2 72
121 -10 2 2 83
122 166 2 2 84
123 138 2 2 89
124 124 2 2 92
125 190 2 2 100
126 138 2 3 7
127 86 2 3 15
128 122 2 3 17
129 -46 2 3 18
130 -170 2 3 31
131 -34 2 3 38
132 190 2 3 47
133 -174 2 3 57
134 160 2 3 59
135 -58 2 3 65
136 -60 2 3 68
137 184 2 3 85
138 88 2 3 99
139 168 2 4 12
140 48 2 4 15
141 106 2 4 24
142 -12 2 4 28
143 -2 2 4 39
144 6 2 4 60
145 -6 2 4 65
146 -16 2 4 74
147 -138 2 5 7
148 124 2 5 16
149 -148 2 5 19
150 -192 2 5 23
151 -28 2 5 31
152 -4 2 5 37
153 116 2 5 52
154 -172 2 5 53
155 -68 2 5 61
156 -64 2 5 64
157 18 2 5 67
158 138 2 5 74
159 -186 2 5 87
160 156 2 5 90
161 -12 2 5 100
162 -100 2 6 29
163 -178 2 6 42
164 128 2 6 53
165 180 2 7 11
166 60 2 7 26
167 -40 2 7 49
168 160 2 7 60
169 -156 2 7 66
170 -86 2 7 68
171 -70 2 8 19
172 150 2 8 52
173 198 2 8 58
174 -12 2 8 61
175 4 2 9 10
176 -18 2 9 29
177 -74 2 9 44
178 -196 2 9 50
179 188 2 9 72
180 188 2 9 76
181 -104 2 9 77
182 122 2 9 86
183 -24 2 9 94
184 -166 2 10 11
185 124 2 10 28
186 -182 2 10 47
187 54 2 10 69
188 -46 2 10 70
189 -104 2 10 72
190 -186 2 10 89
191 -86 2 11 18
192 -118 2 11 38
193 -18 2 11 40
194 92 2 11 42
195 80 2 11 48
196 154 2 11 53
197 -60 2 11 55
198 144 2 11 56
199 84 2 11 61
200 -182 2 11 62
201 90 2 11 78
202 -60 2 11 100
203 -152 2 12 17
204 84 2 12 19
205 86 2 12 25
206 118 2 12 46
207 -18 2 12 61
208 -58 2 12 63
209 -170 2 12 65
210 72 2 12 73
211 -138 2 12 78
212 24 2 12 93
213 -140 2 12 99
214 -66 2 13 32
215 -148 2 13 38
216 42 2 13 42
217 130 2 13 53
218 132 2 13 65
219 88 2 13 67
220 -180 2 13 69
221 182 2 13 80
222 130 2 14 25
223 -36 2 14 37
224 90 2 14 41
225 -70 2 14 47
226 44 2 14 53
227 158 2 14 56
228 -166 2 14 57
229 58 2 14 59
230 -10 2 14 61
231 194 2 14 63
232 78 2 14 91
233 160 2 15 21
234 190 2 15 22
235 -48 2 15 35
236 -48 2 15 52
237 144 2 15 62
238 -164 2 15 77
239 -52 2 15 88
240 74 2 16 23
241 -22 2 16 26
242 74 2 16 35
243 -92 2 16 78
244 58 2 16 79
245 64 2 16 87
246 102 2 16 90
247 20 2 16 94
248 52 2 17 42
249 -12 2 17 47
250 -160 2 17 68
251 -198 2 18 19
252 -96 2 18 24
253 -96 2 18 42
254 106 2 18 43
255 -174 2 18 63
256 -118 2 18 86
257 -70 2 18 88
258 130 2 18 89
259 -84 2 19 21
260 -156 2 19 27
261 38 2 19 36
262 130 2 19 37
263 128 2 19 56
264 152 2 19 58
265 42 2 19 72
266 -10 2 19 90
267 -26 2 20 21
268 174 2 20 48
269 174 2 20 49
270 68 2 20 51
271 -98 2 20 55
272 170 2 20 62
273 16 2 20 82
274 -192 2 20 86
275 -42 2 20 88
276 84 2 20 91
277 -180 2 20 94
278 192 2 20 96
279 76 2 21 32
280 8 2 21 41
281 46 2 21 53
282 -180 2 21 62
283 30 2 21 92
284 -52 2 22 31
285 140 2 22 37
286 60 2 22 48
287 40 2 22 60
288 50 2 22 64
289 -70 2 22 71
290 64 2 22 76
291 -110 2 22 79
292 26 2 22 82
293 104 2 23 47
294 -144 2 23 58
295 58 2 23 62
296 -126 2 23 72
297 -136 2 23 78
298 -66 2 23 86
299 138 2 24 41
300 -132 2 24 70
301 -108 2 24 78
302 -150 2 24 89
303 18 2 24 91
304 -110 2 25 38
305 74 2 25 58
306 -102 2 25 75
307 -152 2 25 85
308 -118 2 25 90
309 126 2 25 97
310 90 2 26 38
311 18 2 26 52
312 104 2 26 54
313 -166 2 26 56
314 90 2 27 40
315 -134 2 27 45
316 -184 2 27 61
317 -16 2 27 75
318 152 2 27 77
319 144 2 27 83
320 94 2 27 86
321 8 2 27 88
322 48 2 28 33
323 166 2 28 39
324 166 2 28 41
325 22 2 28 63
326 -28 2 28 71
327 -176 2 28 75
328 -158 2 28 82
329 -192 2 28 98
330 -104 2 29 54
331 -26 2 29 72
332 -84 2 29 76
333 -118 2 29 89
334 -120 2 29 90
335 -146 2 29 95
336 80 2 29 96
337 188 2 30 40
338 110 2 30 42
339 -162 2 30 45
340 -104 2 30 48
341 -42 2 30 49
342 -18 2 30 54
343 116 2 30 57
344 -98 2 30 74
345 -122 2 30 90
346 80 2 30 96
347 -100 2 31 35
348 -54 2 31 42
349 -54 2 31 48
350 -124 2 31 55
351 178 2 31 77
352 -4 2 31 89
353 168 2 32 55
354 184 2 32 81
355 106 2 32 100
356 -86 2 33 52
357 -90 2 33 54
358 -144 2 33 61
359 160 2 33 70
360 124 2 33 72
361 136 2 33 78
362 186 2 33 81
363 28 2 33 82
364 -74 2 33 89
365 124 2 33 97
366 -32 2 34 36
367 -116 2 34 52
368 -14 2 34 65
369 74 2 34 67
370 14 2 35 73
371 56 2 35 76
372 -98 2 35 77
373 140 2 35 85
374 -168 2 35 90
375 98 2 36 50
376 74 2 36 57
377 -192 2 36 73
378 -184 2 36 75
379 50 2 37 40
380 -182 2 37 55
381 106 2 37 64
382 -112 2 37 81
383 140 2 37 82
384 172 2 37 88
385 34 2 38 39
386 132 2 38 51
387 40 2 38 52
388 -168 2 38 69
389 -180 2 38 72
390 -54 2 38 80
391 -4 2 38 84
392 48 2 38 91
393 -90 2 38 93
394 -74 2 38 96
395 142 2 38 98
396 -178 2 39 47
397 14 2 39 53
398 4 2 39 70
399 -14 2 39 75
400 -114 2 39 77
401 48 2 39 79
402 156 2 39 86
403 -132 2 40 44
404 80 2 40 49
405 164 2 40 57
406 -70 2 40 64
407 -46 2 40 71
408 26 2 40 79
409 12 2 41 43
410 -184 2 41 57
411 -118 2 41 66
412 -124 2 41 97
413 -106 2 41 100
414 -50 2 42 49
415 22 2 42 58
416 -88 2 42 60
417 78 2 42 80
418 192 2 42 97
419 70 2 43 49
420 -84 2 43 69
421 140 2 43 83
422 36 2 43 86
423 -128 2 43 92
424 -112 2 43 98
425 -194 2 44 46
426 10 2 44 56
427 -156 2 44 57
428 -68 2 44 71
429 -84 2 44 87
430 6 2 45 49
431 -138 2 45 56
432 200 2 45 80
433 158 2 45 94
434 -18 2 46 63
435 34 2 46 79
436 -34 2 47 63
437 14 2 47 79
438 84 2 47 81
439 134 2 48 53
440 -92 2 48 68
441 84 2 48 81
442 -66 2 49 50
443 168 2 49 56
444 -104 2 49 61
445 118 2 49 66
446 -6 2 49 86
447 -172 2 49 91
448 14 2 50 51
449 94 2 50 60
450 80 2 50 75
451 198 2 50 88
452 -148 2 50 93
453 -134 2 50 95
454 -34 2 51 52
455 122 2 51 53
456 174 2 51 60
457 152 2 51 80
458 50 2 51 82
459 178 2 51 92
460 186 2 52 60
461 194 2 52 69
462 108 2 52 70
463 28 2 52 81
464 -198 2 53 67
465 58 2 53 83
466 142 2 53 86
467 -100 2 53 91
468 86 2 54 58
469 -6 2 54 63
470 68 2 54 68
471 -170 2 54 87
472 138 2 55 61
473 -56 2 55 63
474 82 2 55 66
475 -168 2 55 93
476 136 2 56 65
477 -78 2 56 66
478 -152 2 56 69
479 -24 2 56 73
480 -72 2 56 90
481 96 2 56 93
482 154 2 57 60
483 54 2 57 64
484 166 2 57 65
485 -120 2 57 90
486 -176 2 57 99
487 -118 2 58 60
488 18 2 58 87
489 -116 2 58 93
490 138 2 58 97
491 -116 2 59 85
492 -138 2 60 62
493 -70 2 60 67
494 188 2 60 94
495 90 2 60 99
496 -42 2 61 72
497 28 2 61 74
498 32 2 61 77
499 174 2 61 78
500 68 2 61 89
501 -76 2 61 91
502 -90 2 61 94
503 -82 2 63 80
504 -160 2 63 81
505 -166 2 63 83
506 -136 2 64 73
507 -128 2 64 76
508 96 2 64 77
509 194 2 64 100
510 -112 2 65 82
511 162 2 65 83
512 198 2 65 94
513 -30 2 65 96
514 -156 2 66 72
515 -168 2 66 84
516 -130 2 66 97
517 -30 2 66 98
518 98 2 67 75
519 -146 2 67 84
520 42 2 68 82
521 4 2 69 72
522 -196 2 69 82
523 -44 2 69 99
524 46 2 69 100
525 80 2 70 73
526 54 2 70 75
527 -70 2 70 84
528 -40 2 71 85
529 108 2 71 88
530 82 2 72 81
531 -34 2 72 84
532 -106 2 72 92
533 -184 2 73 75
534 66 2 73 77
535 136 2 73 89
536 170 2 73 91
537 -116 2 73 94
538 -126 2 73 97
539 -168 2 75 81
540 -10 2 76 92
541 -192 2 77 84
542 -114 2 77 85
543 -142 2 77 94
544 -92 2 77 96
545 34 2 79 80
546 14 2 79 99
547 88 2 80 81
548 -102 2 80 91
549 124 2 80 96
550 -10 2 82 88
551 36 2 82 91
552 194 2 82 93
553 -86 2 82 97
554 166 2 83 95
555 -140 2 84 87
556 140 2 84 93
557 92 2 85 87
558 -86 2 85 88
559 28 2 85 89
560 -46 2 85 94
561 180 2 86 94
562 -118 2 86 95
563 -184 2 86 96
564 48 2 87 95
565 -134 2 89 90
566 6 2 89 99
567 110 2 91 99
568 -50 2 92 99
569 8 2 93 97
570 -88 2 93 98
571 172 2 94 95
572 96 2 95 98
573 -40 2 96 97
574 34 2 96 99
575 62 2 97 99
