100 602 0
0
1 -87 1 1
2 -14 1 2
3 -50 1 3
4 137 1 4
5 151 1 5
6 -105 1 6
7 164 1 7
8 -17 1 8
9 173 1 9
10 -38 1 10
11 -186 1 11
12 452 1 12
13 296 1 13
14 -195 1 14
15 -21 1 15
16 6 1 16
17 -297 1 17
18 21 1 18
19 158 1 19
20 36 1 20
21 239 1 21
22 330 1 22
23 98 1 23
24 214 1 24
25 190 1 25
26 -224 1 26
27 127 1 27
28 -209 1 28
29 -48 1 29
30 185 1 30
31 -323 1 31
32 34 1 32
33 -20 1 33
34 194 1 34
35 -88 1 35
36 270 1 36
37 287 1 37
38 185 1 38
39 -87 1 39
40 -310 1 40
41 -86 1 41
42 80 1 42
43 -171 1 43
44 -139 1 44
45 -357 1 45
46 -41 1 46
47 -187 1 47
48 95 1 48
49 -141 1 49
50 -66 1 50
51 100 1 51
52 -55 1 52
53 46 1 53
54 -12 1 54
55 205 1 55
56 51 1 56
57 -247 1 57
58 -144 1 58
59 -140 1 59
60 -312 1 60
61 -36 1 61
62 72 1 62
63 152 1 63
64 305 1 64
65 239 1 65
66 -147 1 66
67 18 1 67
68 -324 1 68
69 362 1 69
70 294 1 70
71 -76 1 71
72 -200 1 72
73 -143 1 73
74 -156 1 74
75 -196 1 75
76 19 1 76
77 33 1 77
78 -11 1 78
79 -100 1 79
80 -9 1 80
81 -181 1 81
82 -160 1 82
83 156 1 83
84 -444 1 84
85 -95 1 85
86 -68 1 86
87 105 1 87
88 -64 1 88
89 -131 1 89
90 -15 1 90
91 129 1 91
92 -131 1 92
93 -379 1 93
94 80 1 94
95 119 1 95
96 -138 1 96
97 116 1 97
98 -40 1 98
99 -302 1 99
100 110 1 100
101 -126 2 1 12
102 -124 2 1 13
103 68 2 1 15
104 -88 2 1 32
105 66 2 1 35
106 48 2 1 39
107 168 2 1 50
108 98 2 1 52
109 64 2 1 89
110 118 2 2 15
111 112 2 2 17
112 52 2 2 29
113 28 2 2 36
114 -98 2 2 38
115 -64 2 2 65
116 -8 2 2 72
117 72 2 2 73
118 -186 2 2 97
119 2 2 2 100
120 -58 2 3 9
121 30 2 3 40
122 122 2 3 56
123 -134 2 3 58
124 30 2 3 70
125 -126 2 3 79
126 156 2 3 84
127 80 2 3 98
128 78 2 4 8
129 -98 2 4 9
130 -2 2 4 18
131 -190 2 4 35
132 -8 2 4 47
133 128 2 4 48
134 -192 2 4 54
135 186 2 4 58
136 -84 2 4 78
137 -92 2 4 88
138 -134 2 5 7
139 112 2 5 11
140 -90 2 5 28
141 68 2 5 37
142 32 2 5 45
143 42 2 5 49
144 -74 2 5 70
145 -168 2 5 73
146 -90 2 5 87
147 -40 2 6 8
148 180 2 6 17
149 -8 2 6 25
150 -88 2 6 30
151 14 2 6 63
152 -158 2 6 65
153 190 2 6 66
154 120 2 6 81
155 142 2 7 13
156 -150 2 7 18
157 -92 2 7 24
158 -106 2 7 27
159 112 2 7 38
160 14 2 7 57
161 186 2 7 62
162 -118 2 7 63
163 -182 2 7 64
164 -96 2 8 25
165 -132 2 8 33
166 116 2 8 35
167 84 2 8 37
168 -32 2 8 59
169 16 2 8 74
170 40 2 8 82
171 104 2 9 18
172 -190 2 9 25
173 -48 2 9 50
174 -194 2 9 67
175 172 2 9 75
176 -178 2 9 77
177 -26 2 9 94
178 170 2 9 95
179 -2 2 10 25
180 -24 2 10 39
181 -30 2 10 45
182 152 2 10 47
183 62 2 10 54
184 -128 2 10 57
185 46 2 10 68
186 -94 2 11 30
187 -40 2 11 41
188 200 2 11 64
189 32 2 11 70
190 78 2 11 75
191 74 2 11 76
192 -38 2 11 83
193 14 2 11 87
194 34 2 11 96
195 16 2 12 19
196 -196 2 12 29
197 -84 2 12 34
198 -192 2 12 38
199 124 2 12 40
200 -156 2 12 46
201 -138 2 12 51
202 -126 2 12 59
203 -26 2 12 90
204 -176 2 13 22
205 -144 2 13 38
206 62 2 13 39
207 24 2 13 47
208 -98 2 13 58
209 194 2 13 59
210 -132 2 13 64
211 -154 2 13 70
212 -78 2 13 78
213 -108 2 13 87
214 -8 2 14 22
215 2 2 14 32
216 52 2 14 50
217 156 2 14 60
218 -190 2 14 71
219 146 2 14 72
220 180 2 14 77
221 28 2 14 78
222 -10 2 14 81
223 34 2 14 98
224 -104 2 15 17
225 82 2 15 32
226 -184 2 15 36
227 -172 2 15 40
228 148 2 15 42
229 192 2 15 43
230 38 2 15 49
231 -28 2 15 53
232 -182 2 15 62
233 66 2 15 77
234 114 2 16 46
235 -126 2 16 76
236 110 2 17 41
237 182 2 17 58
238 80 2 17 63
239 42 2 17 74
240 -46 2 17 78
241 36 2 17 83
242 116 2 17 84
243 -114 2 17 95
244 -196 2 18 20
245 74 2 18 26
246 130 2 18 49
247 -120 2 18 51
248 160 2 18 58
249 -26 2 18 62
250 -48 2 18 64
251 32 2 18 78
252 -76 2 19 37
253 56 2 19 44
254 -108 2 19 51
255 -100 2 19 77
256 72 2 19 80
257 -168 2 19 81
258 138 2 19 97
259 -146 2 19 98
260 168 2 20 26
261 108 2 20 33
262 76 2 20 52
263 -190 2 20 56
264 170 2 20 68
265 98 2 20 81
266 22 2 20 85
267 -78 2 20 92
268 -158 2 20 95
269 -92 2 20 100
270 32 2 21 25
271 -78 2 21 30
272 -162 2 21 37
273 176 2 21 46
274 -106 2 21 57
275 14 2 21 70
276 134 2 21 78
277 -148 2 21 79
278 -160 2 21 90
279 -180 2 21 97
280 -14 2 22 34
281 -88 2 22 43
282 -58 2 22 67
283 -192 2 22 69
284 -2 2 22 72
285 -122 2 22 81
286 100 2 23 42
287 -194 2 23 49
288 24 2 23 53
289 -12 2 23 54
290 -16 2 23 68
291 -98 2 23 91
292 -186 2 24 32
293 118 2 24 33
294 2 2 24 40
295 -192 2 24 52
296 -78 2 24 54
297 -132 2 25 27
298 42 2 25 31
299 -80 2 25 57
300 -46 2 25 61
301 -140 2 25 62
302 -134 2 25 69
303 -36 2 25 72
304 138 2 25 78
305 178 2 25 84
306 46 2 25 91
307 48 2 25 99
308 -162 2 26 34
309 148 2 26 47
310 146 2 26 53
311 22 2 26 57
312 -68 2 26 86
313 94 2 26 92
314 26 2 26 95
315 190 2 27 28
316 110 2 27 31
317 -164 2 27 33
318 -102 2 27 35
319 -92 2 27 38
320 126 2 27 57
321 -54 2 27 74
322 64 2 27 75
323 -24 2 27 80
324 -160 2 27 82
325 108 2 27 86
326 -18 2 27 88
327 104 2 28 34
328 -190 2 28 48
329 -172 2 28 52
330 42 2 28 55
331 54 2 28 65
332 10 2 28 66
333 152 2 28 84
334 188 2 28 88
335 -34 2 28 95
336 164 2 28 99
337 -112 2 29 30
338 200 2 29 33
339 -82 2 29 64
340 -68 2 29 71
341 34 2 29 72
342 86 2 29 76
343 86 2 29 88
344 196 2 29 90
345 -100 2 29 99
346 10 2 30 32
347 -138 2 30 49
348 -162 2 30 54
349 -22 2 30 55
350 -20 2 30 58
351 112 2 30 68
352 40 2 30 71
353 90 2 30 74
354 116 2 30 75
355 -20 2 30 77
356 -166 2 30 94
357 162 2 30 95
358 44 2 31 34
359 -20 2 31 55
360 132 2 31 66
361 2 2 31 68
362 70 2 31 79
363 8 2 31 80
364 130 2 31 81
365 180 2 31 93
366 60 2 31 95
367 -112 2 31 96
368 172 2 32 45
369 -190 2 32 53
370 44 2 32 66
371 86 2 32 82
372 -188 2 33 36
373 72 2 33 44
374 14 2 33 48
375 104 2 33 54
376 -190 2 33 70
377 98 2 33 93
378 -62 2 34 39
379 -190 2 34 75
380 -24 2 34 88
381 128 2 35 54
382 142 2 35 57
383 -36 2 35 63
384 156 2 35 75
385 -104 2 35 88
386 -158 2 36 37
387 178 2 36 39
388 72 2 36 40
389 10 2 36 45
390 -114 2 36 55
391 -156 2 36 72
392 28 2 36 84
393 -94 2 36 86
394 38 2 36 96
395 -130 2 37 38
396 -46 2 37 52
397 152 2 37 54
398 8 2 37 56
399 -8 2 37 60
400 -92 2 37 67
401 -190 2 37 73
402 -24 2 37 97
403 -94 2 38 47
404 -62 2 38 62
405 -180 2 38 70
406 -6 2 38 87
407 188 2 38 88
408 138 2 38 90
409 190 2 38 92
410 78 2 39 58
411 -192 2 39 71
412 76 2 39 75
413 -156 2 39 82
414 180 2 39 85
415 -14 2 39 97
416 172 2 40 48
417 108 2 40 49
418 156 2 40 62
419 122 2 40 70
420 86 2 40 73
421 -96 2 40 83
422 16 2 40 84
423 2 2 41 42
424 -20 2 41 46
425 144 2 41 54
426 28 2 41 79
427 -52 2 41 82
428 -156 2 42 44
429 -120 2 42 48
430 -120 2 42 69
431 -14 2 42 78
432 -46 2 43 46
433 -10 2 43 48
434 14 2 43 52
435 58 2 43 58
436 104 2 43 73
437 188 2 43 79
438 48 2 43 81
439 -162 2 43 91
440 76 2 43 96
441 -32 2 43 97
442 164 2 44 60
443 148 2 44 62
444 -6 2 44 88
445 -96 2 45 58
446 190 2 45 61
447 72 2 45 74
448 172 2 45 88
449 190 2 45 89
450 2 2 45 98
451 -138 2 46 48
452 16 2 46 50
453 36 2 46 63
454 114 2 46 70
455 -108 2 46 90
456 182 2 46 96
457 -88 2 46 98
458 40 2 47 59
459 168 2 47 60
460 138 2 47 86
461 -70 2 47 95
462 -50 2 47 98
463 -74 2 47 99
464 18 2 48 51
465 -16 2 48 61
466 -122 2 48 64
467 -196 2 48 76
468 156 2 48 79
469 26 2 48 84
470 64 2 48 87
471 24 2 48 92
472 168 2 49 51
473 -50 2 49 59
474 180 2 49 60
475 -22 2 49 61
476 194 2 49 76
477 -174 2 49 94
478 -120 2 50 53
479 194 2 50 57
480 80 2 50 84
481 -48 2 50 93
482 -162 2 50 97
483 -60 2 51 80
484 12 2 51 98
485 28 2 51 100
486 184 2 52 53
487 8 2 52 71
488 -30 2 52 79
489 170 2 52 84
490 -18 2 53 57
491 -88 2 53 67
492 -70 2 53 76
493 80 2 53 86
494 -12 2 53 100
495 -116 2 54 60
496 -98 2 54 70
497 120 2 54 71
498 -28 2 54 95
499 -104 2 55 57
500 6 2 55 61
501 -186 2 55 83
502 -8 2 55 92
503 -4 2 55 98
504 -186 2 56 63
505 -144 2 56 69
506 170 2 56 71
507 -60 2 56 89
508 178 2 56 94
509 -134 2 57 69
510 116 2 57 73
511 68 2 57 82
512 176 2 57 86
513 -108 2 57 87
514 168 2 57 93
515 146 2 57 99
516 -166 2 58 65
517 -2 2 58 66
518 20 2 58 70
519 186 2 58 71
520 -110 2 58 73
521 -120 2 58 75
522 -8 2 58 91
523 172 2 58 99
524 66 2 59 73
525 174 2 59 75
526 -146 2 59 88
527 160 2 59 93
528 -28 2 60 68
529 154 2 60 82
530 134 2 60 85
531 -132 2 60 94
532 -48 2 60 95
533 -34 2 61 80
534 110 2 61 81
535 -116 2 61 97
536 -154 2 62 63
537 -18 2 62 75
538 -52 2 62 84
539 124 2 63 79
540 -64 2 63 88
541 -98 2 64 79
542 -146 2 64 86
543 -80 2 65 66
544 16 2 65 72
545 -178 2 65 77
546 -16 2 65 92
547 82 2 65 97
548 32 2 65 99
549 36 2 66 71
550 -40 2 66 77
551 4 2 66 85
552 200 2 67 68
553 -48 2 67 71
554 28 2 67 74
555 124 2 67 79
556 92 2 67 89
557 -20 2 68 93
558 182 2 68 99
559 -188 2 70 77
560 -36 2 70 91
561 200 2 71 74
562 -98 2 71 75
563 -122 2 71 78
564 -58 2 71 86
565 160 2 71 95
566 8 2 71 99
567 110 2 72 73
568 184 2 72 77
569 78 2 72 80
570 34 2 72 98
571 200 2 73 93
572 -54 2 74 82
573 -28 2 74 97
574 70 2 75 87
575 50 2 75 92
576 -148 2 75 95
577 10 2 75 98
578 14 2 77 90
579 6 2 77 93
580 40 2 77 96
581 148 2 77 97
582 34 2 78 84
583 8 2 79 89
584 -96 2 79 90
585 -34 2 80 90
586 12 2 80 99
587 -8 2 81 87
588 164 2 81 96
589 106 2 82 90
590 160 2 82 94
591 128 2 82 99
592 -28 2 83 84
593 12 2 84 97
594 -150 2 85 95
595 -38 2 87 99
596 6 2 88 92
597 -58 2 88 99
598 -32 2 89 99
599 14 2 93 99
600 -66 2 95 97
601 -146 2 96 100
602 196 2 97 98
