100 567 0
0
1 7 1 1
2 270 1 2
3 293 1 3
4 -245 1 4
5 16 1 5
6 -139 1 6
7 -180 1 7
8 196 1 8
9 -176 1 9
10 -61 1 10
11 80 1 11
12 52 1 12
13 245 1 13
14 -119 1 14
15 45 1 15
16 -330 1 16
17 272 1 17
18 -505 1 18
19 -288 1 19
20 96 1 20
21 -22 1 21
22 53 1 22
23 -134 1 23
24 -172 1 24
25 355 1 25
26 54 1 26
27 -134 1 27
28 44 1 28
29 -13 1 29
30 -55 1 30
31 -42 1 31
32 89 1 32
33 29 1 33
34 6 1 34
35 -67 1 35
36 -206 1 37
37 143 1 38
38 -62 1 39
39 121 1 40
40 -61 1 41
41 -246 1 42
42 9 1 43
43 -132 1 44
44 -337 1 45
45 -189 1 46
46 385 1 47
47 -110 1 48
48 -79 1 49
49 50 1 50
50 32 1 51
51 146 1 52
52 465 1 53
53 54 1 54
54 -90 1 55
55 82 1 56
56 126 1 57
57 -136 1 58
58 78 1 59
59 213 1 60
60 11 1 61
61 246 1 62
62 -485 1 63
63 4 1 65
64 66 1 66
65 127 1 67
66 -280 1 68
67 -343 1 69
68 24 1 70
69 -12 1 71
70 -234 1 72
71 -124 1 73
72 117 1 74
73 -96 1 75
74 181 1 76
75 73 1 77
76 -85 1 78
77 88 1 79
78 117 1 80
79 80 1 81
80 -36 1 82
81 -214 1 83
82 160 1 84
83 -185 1 85
84 316 1 86
85 173 1 87
86 215 1 88
87 246 1 89
88 -65 1 90
89 -219 1 91
90 -18 1 92
91 38 1 93
92 -219 1 94
93 -145 1 95
94 297 1 96
95 -24 1 97
96 112 1 98
97 -152 1 99
98 -137 1 100
99 116 2 1 7
100 182 2 1 12
101 52 2 1 27
102 40 2 1 32
103 -118 2 1 36
104 -130 2 1 69
105 -172 2 1 74
106 128 2 1 95
107 -112 2 1 99
108 22 2 2 14
109 -12 2 2 27
110 196 2 2 28
111 -108 2 2 33
112 -156 2 2 38
113 -74 2 2 49
114 74 2 2 50
115 -184 2 2 56
116 60 2 2 57
117 -182 2 2 65
118 -88 2 2 66
119 -88 2 2 87
120 58 2 3 16
121 162 2 3 18
122 30 2 3 20
123 -178 2 3 25
124 -182 2 3 30
125 -46 2 3 36
126 42 2 3 44
127 -178 2 3 50
128 -76 2 3 51
129 -174 2 3 64
130 200 2 3 88
131 -112 2 3 89
132 44 2 3 94
133 -176 2 3 95
134 188 2 4 33
135 -114 2 4 38
136 -2 2 4 56
137 -42 2 4 76
138 156 2 4 82
139 146 2 4 83
140 158 2 4 97
141 136 2 5 69
142 -46 2 5 86
143 -122 2 5 100
144 176 2 6 7
145 -58 2 6 20
146 -154 2 6 34
147 108 2 6 41
148 140 2 6 69
149 132 2 6 80
150 -66 2 6 90
151 20 2 7 12
152 -150 2 7 17
153 138 2 7 33
154 -6 2 7 38
155 122 2 7 64
156 -66 2 7 90
157 10 2 7 96
158 66 2 8 10
159 116 2 8 18
160 34 2 8 45
161 -176 2 8 53
162 -52 2 8 64
163 -68 2 8 68
164 -46 2 8 69
165 -92 2 8 70
166 -174 2 8 77
167 114 2 9 20
168 -66 2 9 24
169 -188 2 9 25
170 -196 2 9 32
171 180 2 9 40
172 -8 2 9 57
173 154 2 9 63
174 128 2 9 68
175 122 2 9 69
176 112 2 9 71
177 -20 2 10 18
178 118 2 10 24
179 -84 2 10 28
180 12 2 10 31
181 -14 2 10 32
182 -22 2 10 34
183 106 2 10 37
184 158 2 10 45
185 86 2 10 47
186 86 2 10 60
187 -54 2 10 93
188 34 2 10 96
189 -182 2 10 98
190 -168 2 10 100
191 116 2 11 12
192 88 2 11 15
193 -54 2 11 17
194 24 2 11 23
195 -174 2 11 31
196 -108 2 11 40
197 -72 2 11 69
198 -82 2 11 85
199 102 2 11 94
200 42 2 12 26
201 -172 2 12 28
202 -148 2 12 34
203 -28 2 12 38
204 92 2 12 52
205 -84 2 12 55
206 -20 2 12 70
207 -188 2 12 80
208 84 2 12 93
209 186 2 13 16
210 -174 2 13 37
211 -130 2 13 47
212 -88 2 13 57
213 -16 2 13 66
214 -114 2 13 75
215 -186 2 13 88
216 32 2 13 93
217 194 2 14 45
218 22 2 14 61
219 -26 2 15 17
220 80 2 15 18
221 -192 2 15 60
222 86 2 15 72
223 90 2 15 80
224 -120 2 15 85
225 -96 2 15 92
226 180 2 16 24
227 32 2 16 44
228 -34 2 16 53
229 44 2 16 54
230 -30 2 16 56
231 116 2 16 64
232 -106 2 16 66
233 196 2 16 68
234 48 2 16 72
235 -30 2 16 86
236 -138 2 17 24
237 8 2 17 28
238 -124 2 17 29
239 -16 2 17 32
240 190 2 17 37
241 110 2 17 44
242 -80 2 17 45
243 -30 2 17 46
244 86 2 17 48
245 10 2 17 62
246 -140 2 17 79
247 -190 2 17 97
248 -166 2 18 20
249 198 2 18 27
250 140 2 18 42
251 190 2 18 55
252 118 2 18 63
253 192 2 18 90
254 116 2 19 27
255 -28 2 19 38
256 92 2 19 39
257 80 2 19 42
258 68 2 19 82
259 106 2 19 83
260 142 2 19 84
261 -76 2 20 31
262 108 2 20 44
263 -58 2 20 53
264 152 2 20 75
265 -198 2 20 76
266 -84 2 20 93
267 44 2 20 94
268 -12 2 21 23
269 18 2 21 36
270 58 2 21 77
271 -20 2 21 78
272 -58 2 22 36
273 106 2 22 44
274 -118 2 22 47
275 -196 2 22 68
276 18 2 22 77
277 178 2 22 91
278 -36 2 22 95
279 -2 2 23 26
280 -28 2 23 33
281 102 2 23 36
282 -84 2 23 40
283 144 2 23 46
284 10 2 23 55
285 114 2 23 61
286 -48 2 24 41
287 -66 2 24 59
288 184 2 24 63
289 174 2 24 72
290 162 2 24 78
291 -156 2 24 82
292 -184 2 25 36
293 54 2 25 41
294 82 2 25 43
295 -10 2 25 46
296 -64 2 25 55
297 -82 2 25 57
298 -30 2 25 58
299 58 2 25 64
300 -128 2 25 74
301 -140 2 25 88
302 -18 2 25 92
303 -56 2 25 96
304 174 2 25 100
305 -98 2 26 29
306 34 2 26 39
307 -130 2 26 60
308 114 2 26 69
309 -68 2 26 93
310 114 2 27 31
311 104 2 27 36
312 -186 2 27 39
313 80 2 27 41
314 -154 2 27 52
315 -66 2 27 54
316 134 2 27 60
317 198 2 27 67
318 82 2 27 77
319 -112 2 27 85
320 -82 2 27 87
321 -198 2 27 89
322 -116 2 28 36
323 -12 2 28 48
324 -34 2 28 75
325 112 2 28 78
326 14 2 28 80
327 26 2 29 39
328 60 2 29 45
329 -136 2 29 59
330 -190 2 29 61
331 194 2 29 69
332 182 2 29 70
333 -130 2 29 76
334 126 2 29 87
335 -10 2 29 89
336 126 2 29 96
337 78 2 30 57
338 64 2 30 61
339 -18 2 30 67
340 168 2 30 97
341 198 2 31 34
342 70 2 31 46
343 -138 2 31 62
344 -86 2 31 64
345 164 2 31 65
346 78 2 32 66
347 -70 2 32 95
348 -100 2 33 43
349 -84 2 33 44
350 -194 2 33 53
351 114 2 33 72
352 84 2 33 74
353 134 2 33 78
354 -76 2 33 79
355 -126 2 33 82
356 -196 2 34 42
357 126 2 34 54
358 126 2 34 61
359 108 2 34 74
360 -88 2 34 88
361 182 2 34 91
362 -120 2 34 92
363 -24 2 34 94
364 38 2 35 45
365 -46 2 35 46
366 118 2 35 56
367 76 2 35 58
368 -190 2 35 63
369 -58 2 35 75
370 196 2 35 96
371 168 2 36 43
372 52 2 36 89
373 78 2 36 90
374 -58 2 37 39
375 98 2 37 49
376 -44 2 37 54
377 56 2 37 56
378 30 2 37 71
379 86 2 37 73
380 -38 2 37 76
381 168 2 37 87
382 2 2 37 91
383 -10 2 37 96
384 174 2 38 42
385 182 2 38 45
386 -48 2 38 51
387 -192 2 38 60
388 -70 2 38 81
389 -48 2 39 61
390 42 2 39 70
391 106 2 39 85
392 68 2 39 93
393 -50 2 39 96
394 98 2 39 99
395 46 2 40 42
396 20 2 40 60
397 -150 2 40 85
398 18 2 40 90
399 -78 2 40 93
400 -86 2 40 96
401 36 2 41 49
402 -48 2 41 55
403 8 2 41 56
404 -134 2 41 64
405 -52 2 41 68
406 -18 2 41 71
407 32 2 41 72
408 -44 2 41 74
409 148 2 41 83
410 -166 2 42 64
411 90 2 42 72
412 190 2 42 79
413 16 2 42 81
414 118 2 42 82
415 -76 2 43 44
416 146 2 43 58
417 -110 2 43 59
418 194 2 43 68
419 -26 2 43 79
420 -34 2 43 85
421 -94 2 43 87
422 -122 2 43 96
423 -46 2 43 98
424 174 2 44 63
425 -176 2 44 81
426 -18 2 44 92
427 46 2 44 95
428 122 2 45 54
429 102 2 45 91
430 -136 2 45 96
431 126 2 46 47
432 136 2 46 55
433 160 2 46 64
434 -172 2 46 81
435 -104 2 47 55
436 -10 2 47 68
437 -106 2 47 87
438 -176 2 47 91
439 -16 2 47 92
440 -158 2 47 93
441 -164 2 47 98
442 134 2 48 51
443 184 2 48 63
444 -150 2 48 79
445 -34 2 48 88
446 12 2 48 99
447 -140 2 49 53
448 -38 2 49 54
449 180 2 49 64
450 76 2 49 65
451 38 2 49 69
452 -96 2 49 80
453 -182 2 49 86
454 78 2 49 94
455 182 2 49 95
456 -122 2 50 56
457 166 2 50 63
458 -66 2 50 65
459 -184 2 50 69
460 148 2 50 75
461 68 2 50 90
462 170 2 50 92
463 -30 2 50 93
464 -146 2 50 99
465 -158 2 51 54
466 -112 2 51 60
467 28 2 51 96
468 168 2 51 98
469 -98 2 52 53
470 -2 2 52 60
471 90 2 52 63
472 10 2 52 67
473 -134 2 52 78
474 -108 2 52 86
475 140 2 52 87
476 -104 2 52 93
477 -32 2 52 95
478 8 2 52 96
479 46 2 53 56
480 -96 2 53 87
481 -142 2 53 93
482 -38 2 53 100
483 -114 2 54 67
484 20 2 54 97
485 -28 2 55 70
486 -66 2 55 72
487 98 2 55 81
488 26 2 55 97
489 114 2 55 100
490 -190 2 56 62
491 136 2 56 69
492 -198 2 57 71
493 -92 2 57 89
494 78 2 57 100
495 144 2 58 60
496 58 2 58 81
497 -122 2 58 96
498 156 2 59 95
499 -182 2 60 86
500 -152 2 61 77
501 42 2 61 82
502 -110 2 62 87
503 -64 2 62 94
504 -54 2 63 77
505 90 2 63 88
506 -94 2 63 90
507 148 2 63 93
508 44 2 64 68
509 -4 2 64 72
510 -50 2 64 87
511 -116 2 64 96
512 102 2 64 100
513 -184 2 67 76
514 -154 2 67 81
515 -74 2 67 84
516 82 2 67 96
517 144 2 68 83
518 78 2 68 85
519 102 2 68 89
520 40 2 69 78
521 198 2 69 81
522 -22 2 70 84
523 -94 2 70 91
524 22 2 70 99
525 -38 2 70 100
526 98 2 71 75
527 188 2 72 85
528 -184 2 72 86
529 -10 2 72 100
530 82 2 73 80
531 80 2 73 88
532 66 2 74 77
533 -148 2 74 79
534 102 2 76 77
535 -50 2 76 93
536 178 2 76 100
537 -76 2 77 80
538 -44 2 77 88
539 28 2 77 100
540 -106 2 78 81
541 -174 2 78 83
542 156 2 78 94
543 94 2 79 84
544 -58 2 79 92
545 138 2 79 99
546 -10 2 80 88
547 -182 2 80 96
548 148 2 81 85
549 88 2 82 91
550 -118 2 82 100
551 186 2 83 85
552 -128 2 83 95
553 -166 2 84 87
554 -160 2 84 94
555 -134 2 84 97
556 162 2 85 99
557 100 2 86 94
558 12 2 87 94
559 -100 2 88 89
560 -198 2 88 96
561 -134 2 89 100
562 78 2 91 93
563 78 2 91 100
564 192 2 92 93
565 90 2 93 95
566 150 2 94 100
567 130 2 95 99
