100 558 0
0
1 129 1 1
2 39 1 2
3 207 1 3
4 -69 1 4
5 31 1 5
6 63 1 6
7 184 1 7
8 172 1 8
9 108 1 9
10 37 1 10
11 289 1 11
12 31 1 12
13 146 1 13
14 490 1 14
15 -74 1 15
16 -206 1 16
17 -80 1 17
18 -205 1 18
19 -42 1 19
20 -171 1 20
21 -180 1 21
22 -84 1 22
23 257 1 23
24 192 1 24
25 -3 1 26
26 89 1 27
27 -161 1 28
28 24 1 29
29 296 1 30
30 -247 1 31
31 60 1 32
32 240 1 33
33 88 1 34
34 46 1 35
35 -61 1 36
36 -110 1 37
37 -91 1 38
38 -54 1 39
39 -8 1 40
40 -240 1 41
41 -82 1 42
42 -252 1 43
43 39 1 44
44 91 1 45
45 6 1 46
46 64 1 47
47 21 1 48
48 58 1 49
49 -38 1 50
50 16 1 51
51 245 1 52
52 -114 1 53
53 -259 1 54
54 -29 1 55
55 -37 1 56
56 -85 1 57
57 -211 1 58
58 -171 1 59
59 267 1 60
60 18 1 61
61 151 1 62
62 79 1 63
63 265 1 64
64 122 1 65
65 22 1 66
66 -224 1 67
67 -75 1 68
68 87 1 69
69 -134 1 70
70 98 1 71
71 -68 1 72
72 131 1 73
73 -29 1 74
74 288 1 75
75 -131 1 76
76 80 1 77
77 -306 1 78
78 337 1 79
79 -21 1 80
80 75 1 81
81 -207 1 82
82 -87 1 83
83 133 1 84
84 -26 1 85
85 47 1 86
86 288 1 87
87 -111 1 88
88 -88 1 89
89 91 1 90
90 -204 1 91
91 -15 1 92
92 -145 1 93
93 140 1 94
94 266 1 95
95 86 1 96
96 109 1 97
97 99 1 98
98 -50 1 99
99 -102 1 100
100 4 2 1 19
101 -52 2 1 21
102 142 2 1 25
103 -40 2 1 26
104 -170 2 1 34
105 -16 2 1 36
106 54 2 1 39
107 48 2 1 46
108 -82 2 1 49
109 -18 2 1 84
110 -106 2 1 87
111 112 2 1 89
112 -134 2 1 90
113 -118 2 2 27
114 46 2 2 30
115 10 2 2 34
116 -122 2 2 52
117 50 2 2 68
118 126 2 2 73
119 -36 2 2 74
120 -130 2 2 84
121 96 2 2 91
122 194 2 3 4
123 -180 2 3 5
124 10 2 3 12
125 -184 2 3 25
126 8 2 3 26
127 -60 2 3 27
128 80 2 3 39
129 -166 2 3 65
130 -58 2 3 66
131 118 2 3 69
132 -176 2 3 88
133 -166 2 4 27
134 -24 2 4 35
135 74 2 4 37
136 -124 2 4 44
137 54 2 4 48
138 -70 2 4 49
139 -110 2 4 61
140 126 2 4 66
141 170 2 4 68
142 -194 2 4 71
143 106 2 4 82
144 66 2 4 84
145 36 2 4 88
146 124 2 5 8
147 16 2 5 10
148 -120 2 5 40
149 172 2 5 41
150 -72 2 5 44
151 -14 2 5 54
152 88 2 5 81
153 -86 2 5 84
154 138 2 5 88
155 -106 2 5 91
156 -22 2 5 92
157 -176 2 6 9
158 112 2 6 10
159 -72 2 6 48
160 136 2 6 50
161 -42 2 6 68
162 48 2 6 90
163 -198 2 6 98
164 66 2 6 100
165 -40 2 7 8
166 58 2 7 13
167 -2 2 7 26
168 24 2 7 52
169 46 2 7 75
170 20 2 7 80
171 -34 2 7 86
172 -158 2 7 87
173 -108 2 7 88
174 -174 2 7 91
175 -194 2 8 14
176 -178 2 8 23
177 -134 2 8 34
178 88 2 8 42
179 98 2 8 60
180 -198 2 8 75
181 108 2 8 92
182 -18 2 8 100
183 176 2 9 10
184 -4 2 9 22
185 -18 2 9 55
186 -88 2 9 73
187 -106 2 9 82
188 -86 2 10 26
189 -134 2 10 27
190 -10 2 10 39
191 -72 2 10 51
192 48 2 10 54
193 -56 2 10 60
194 -148 2 10 69
195 104 2 10 88
196 -24 2 10 95
197 64 2 11 19
198 -168 2 11 29
199 -190 2 11 38
200 88 2 11 40
201 -166 2 11 44
202 -166 2 11 48
203 8 2 11 76
204 -60 2 11 77
205 88 2 11 84
206 22 2 11 88
207 -98 2 11 97
208 -136 2 12 26
209 -124 2 12 32
210 -92 2 12 33
211 118 2 12 52
212 -112 2 12 56
213 -102 2 12 64
214 118 2 12 67
215 108 2 12 72
216 150 2 12 85
217 18 2 13 16
218 -88 2 13 17
219 144 2 13 20
220 -188 2 13 28
221 -160 2 13 29
222 -166 2 13 44
223 -124 2 13 47
224 98 2 13 55
225 118 2 13 56
226 102 2 13 57
227 -56 2 13 79
228 -48 2 13 91
229 -128 2 14 27
230 132 2 14 33
231 -16 2 14 45
232 66 2 14 54
233 -72 2 14 63
234 -144 2 14 64
235 -178 2 14 73
236 -174 2 14 86
237 -142 2 14 87
238 -130 2 14 93
239 170 2 15 34
240 -64 2 15 39
241 -118 2 15 45
242 200 2 15 54
243 -78 2 15 57
244 20 2 15 69
245 18 2 15 90
246 102 2 16 19
247 108 2 16 25
248 62 2 16 27
249 -118 2 16 63
250 198 2 16 70
251 64 2 16 72
252 -144 2 16 73
253 194 2 16 74
254 102 2 16 88
255 -192 2 16 91
256 18 2 16 100
257 -34 2 17 22
258 82 2 17 27
259 14 2 17 28
260 28 2 17 59
261 -52 2 17 60
262 -100 2 17 62
263 124 2 17 72
264 74 2 17 73
265 -40 2 17 74
266 152 2 17 77
267 60 2 18 19
268 52 2 18 21
269 88 2 18 26
270 -52 2 18 32
271 86 2 18 35
272 150 2 18 58
273 -170 2 18 79
274 138 2 18 85
275 58 2 18 96
276 -74 2 19 21
277 -190 2 19 46
278 122 2 19 47
279 74 2 19 64
280 38 2 19 88
281 -34 2 19 90
282 -82 2 19 96
283 196 2 20 26
284 104 2 20 47
285 -18 2 20 49
286 48 2 20 67
287 -132 2 20 96
288 120 2 21 46
289 172 2 21 47
290 -28 2 21 49
291 130 2 21 55
292 -194 2 21 69
293 -62 2 21 71
294 102 2 21 78
295 194 2 21 91
296 -182 2 22 30
297 70 2 22 37
298 34 2 22 42
299 -24 2 22 65
300 140 2 22 74
301 168 2 22 93
302 -12 2 23 45
303 -140 2 23 47
304 -164 2 23 70
305 166 2 23 83
306 -84 2 23 89
307 -102 2 23 90
308 -136 2 24 30
309 -48 2 24 44
310 -70 2 24 79
311 52 2 24 88
312 -182 2 24 98
313 184 2 25 46
314 162 2 25 50
315 -158 2 25 59
316 -42 2 25 62
317 -16 2 25 65
318 -32 2 25 90
319 30 2 25 92
320 -194 2 25 94
321 -46 2 26 38
322 134 2 26 45
323 128 2 26 56
324 8 2 26 79
325 74 2 26 83
326 -30 2 26 88
327 -156 2 26 91
328 -134 2 26 95
329 -2 2 27 57
330 16 2 27 58
331 2 2 27 64
332 198 2 27 70
333 -78 2 27 76
334 148 2 27 78
335 56 2 28 40
336 144 2 28 41
337 26 2 28 54
338 152 2 28 57
339 118 2 28 63
340 -6 2 29 31
341 78 2 29 43
342 -124 2 29 61
343 -24 2 29 66
344 174 2 29 82
345 182 2 29 88
346 -168 2 30 31
347 32 2 30 49
348 -198 2 30 59
349 -180 2 30 67
350 82 2 30 71
351 50 2 30 87
352 62 2 30 96
353 -100 2 31 33
354 96 2 31 43
355 192 2 31 61
356 200 2 31 82
357 178 2 31 90
358 176 2 31 91
359 -74 2 31 100
360 144 2 32 36
361 160 2 32 43
362 -96 2 32 46
363 26 2 32 48
364 112 2 32 56
365 42 2 32 75
366 -198 2 32 79
367 -34 2 32 92
368 -100 2 32 97
369 -74 2 33 34
370 4 2 33 38
371 -122 2 33 39
372 -190 2 33 40
373 -82 2 33 79
374 -118 2 33 83
375 54 2 33 86
376 160 2 33 91
377 -52 2 33 100
378 142 2 34 35
379 130 2 34 39
380 -10 2 34 43
381 -38 2 34 47
382 -164 2 34 52
383 122 2 34 55
384 144 2 34 59
385 -178 2 34 72
386 -26 2 34 77
387 -100 2 34 80
388 -182 2 35 43
389 174 2 35 44
390 -122 2 35 55
391 -2 2 35 80
392 -158 2 35 87
393 -6 2 35 100
394 -38 2 36 88
395 32 2 36 94
396 -34 2 37 46
397 112 2 37 48
398 160 2 37 56
399 -66 2 37 80
400 -96 2 37 93
401 98 2 38 41
402 166 2 38 44
403 66 2 38 45
404 -8 2 38 62
405 -142 2 38 81
406 122 2 38 91
407 -88 2 38 95
408 2 2 38 96
409 198 2 38 99
410 -78 2 39 42
411 -78 2 39 43
412 58 2 39 44
413 -42 2 39 48
414 132 2 39 66
415 -178 2 39 86
416 32 2 39 92
417 194 2 39 100
418 182 2 40 76
419 -36 2 41 42
420 102 2 41 47
421 -10 2 41 78
422 74 2 41 84
423 -64 2 41 92
424 -26 2 42 49
425 36 2 42 58
426 24 2 42 59
427 122 2 42 86
428 -160 2 43 51
429 160 2 43 53
430 76 2 43 59
431 64 2 43 80
432 176 2 43 93
433 124 2 43 99
434 -170 2 44 55
435 190 2 44 59
436 154 2 44 66
437 -106 2 44 80
438 32 2 44 81
439 -42 2 45 62
440 -70 2 45 82
441 -30 2 45 91
442 -94 2 45 99
443 -140 2 46 50
444 170 2 46 82
445 -46 2 46 85
446 -28 2 46 90
447 -162 2 47 60
448 -110 2 47 71
449 -60 2 47 95
450 6 2 47 96
451 -62 2 48 64
452 108 2 48 94
453 18 2 49 50
454 76 2 49 54
455 -6 2 49 70
456 78 2 49 89
457 -90 2 49 99
458 136 2 50 64
459 -176 2 50 66
460 -180 2 50 74
461 -4 2 50 81
462 124 2 50 87
463 -74 2 51 66
464 198 2 51 79
465 76 2 51 93
466 -82 2 52 65
467 -28 2 52 70
468 -24 2 52 71
469 -148 2 52 81
470 -64 2 52 83
471 -58 2 53 58
472 18 2 53 59
473 38 2 53 73
474 36 2 53 80
475 70 2 53 89
476 -36 2 53 100
477 -66 2 54 67
478 -152 2 54 75
479 144 2 54 94
480 190 2 54 100
481 146 2 55 59
482 -44 2 55 61
483 -62 2 55 85
484 -156 2 55 89
485 134 2 55 93
486 -16 2 56 68
487 -132 2 56 75
488 -184 2 56 84
489 6 2 57 67
490 -10 2 57 94
491 -52 2 58 66
492 160 2 58 78
493 170 2 58 83
494 -138 2 59 60
495 34 2 59 67
496 176 2 59 80
497 -38 2 60 65
498 -186 2 60 87
499 52 2 61 70
500 -2 2 61 78
501 -6 2 62 94
502 -104 2 62 99
503 116 2 63 73
504 -164 2 63 77
505 88 2 63 78
506 -126 2 63 90
507 -192 2 64 66
508 -140 2 64 77
509 -172 2 64 84
510 70 2 64 91
511 118 2 65 67
512 -36 2 65 81
513 76 2 66 72
514 44 2 66 76
515 -66 2 66 79
516 66 2 66 91
517 172 2 67 68
518 198 2 67 85
519 -52 2 68 79
520 -80 2 68 88
521 -52 2 68 96
522 -184 2 69 73
523 112 2 69 78
524 102 2 69 81
525 106 2 70 76
526 44 2 70 78
527 8 2 70 80
528 -20 2 70 99
529 -120 2 70 100
530 -138 2 71 72
531 190 2 71 90
532 60 2 71 92
533 80 2 72 75
534 -186 2 73 79
535 48 2 73 90
536 -114 2 73 92
537 48 2 73 96
538 182 2 73 98
539 -54 2 74 83
540 34 2 74 92
541 -156 2 75 85
542 -148 2 75 94
543 42 2 75 100
544 96 2 77 84
545 -18 2 77 88
546 -30 2 78 99
547 94 2 80 91
548 -82 2 80 96
549 -42 2 81 88
550 -60 2 82 97
551 20 2 85 89
552 -190 2 85 90
553 116 2 86 99
554 40 2 88 97
555 136 2 89 91
556 -18 2 90 94
557 -38 2 93 95
558 -188 2 94 95
