100 591 0
0
1 -113 1 1
2 395 1 2
3 -153 1 3
4 83 1 4
5 -189 1 5
6 -53 1 6
7 64 1 7
8 105 1 8
9 192 1 9
10 240 1 10
11 218 1 11
12 -204 1 12
13 389 1 13
14 -153 1 14
15 248 1 15
16 -36 1 16
17 -203 1 17
18 94 1 18
19 116 1 19
20 159 1 20
21 -170 1 21
22 -239 1 22
23 -22 1 23
24 204 1 24
25 286 1 25
26 38 1 26
27 -180 1 27
28 156 1 28
29 -15 1 29
30 -38 1 30
31 -49 1 31
32 -143 1 32
33 146 1 33
34 82 1 34
35 105 1 35
36 44 1 36
37 289 1 37
38 -123 1 38
39 -319 1 39
40 -106 1 40
41 -292 1 41
42 -157 1 42
43 55 1 43
44 26 1 44
45 -46 1 45
46 91 1 46
47 -349 1 47
48 95 1 48
49 -378 1 49
50 -5 1 50
51 -66 1 51
52 21 1 52
53 -32 1 53
54 306 1 54
55 -4 1 55
56 280 1 56
57 299 1 57
58 114 1 58
59 -151 1 59
60 186 1 60
61 172 1 61
62 95 1 62
63 165 1 63
64 2 1 64
65 -79 1 65
66 20 1 66
67 181 1 67
68 -103 1 68
69 370 1 69
70 -92 1 70
71 193 1 71
72 -687 1 72
73 -108 1 73
74 233 1 74
75 -276 1 75
76 97 1 76
77 397 1 77
78 -406 1 78
79 24 1 79
80 -144 1 80
81 -86 1 81
82 -9 1 82
83 13 1 83
84 187 1 84
85 125 1 85
86 173 1 86
87 108 1 87
88 41 1 88
89 -165 1 89
90 -36 1 90
91 -277 1 91
92 157 1 92
93 63 1 93
94 -93 1 94
95 -207 1 95
96 -426 1 96
97 -273 1 97
98 136 1 98
99 -245 1 99
100 -110 2 1 4
101 -96 2 1 24
102 10 2 1 31
103 -58 2 1 33
104 164 2 1 39
105 186 2 1 41
106 114 2 1 81
107 16 2 1 96
108 -192 2 2 5
109 -10 2 2 6
110 -182 2 2 7
111 -74 2 2 9
112 -94 2 2 17
113 -100 2 2 20
114 -156 2 2 84
115 18 2 2 93
116 42 2 3 19
117 162 2 3 20
118 -152 2 3 25
119 90 2 3 28
120 -6 2 3 31
121 192 2 3 40
122 62 2 3 45
123 -84 2 3 74
124 158 2 4 16
125 2 2 4 21
126 -124 2 4 30
127 128 2 4 32
128 -114 2 4 38
129 -90 2 4 82
130 62 2 4 85
131 -78 2 4 88
132 26 2 5 12
133 96 2 5 20
134 26 2 5 24
135 162 2 5 39
136 174 2 5 47
137 68 2 5 51
138 -94 2 5 52
139 64 2 5 66
140 146 2 5 67
141 -40 2 5 78
142 -58 2 5 81
143 -88 2 6 24
144 162 2 6 29
145 -58 2 6 36
146 180 2 6 42
147 188 2 6 45
148 178 2 6 47
149 142 2 6 59
150 72 2 6 64
151 -148 2 6 79
152 -162 2 6 82
153 -68 2 6 86
154 -128 2 6 96
155 -154 2 6 100
156 -152 2 7 46
157 32 2 7 53
158 190 2 7 59
159 140 2 7 70
160 104 2 7 73
161 -110 2 7 83
162 -46 2 7 84
163 -104 2 7 95
164 -178 2 8 22
165 -190 2 8 32
166 134 2 8 40
167 -162 2 8 58
168 86 2 8 74
169 -102 2 8 79
170 118 2 8 91
171 84 2 8 93
172 -46 2 9 66
173 -84 2 9 67
174 -180 2 9 92
175 -106 2 10 13
176 -116 2 10 21
177 -66 2 10 32
178 -88 2 10 44
179 -148 2 10 59
180 -90 2 10 84
181 134 2 10 94
182 -106 2 11 14
183 -52 2 11 67
184 56 2 11 82
185 -198 2 11 84
186 -34 2 11 87
187 -102 2 11 93
188 -46 2 12 17
189 186 2 12 24
190 -14 2 12 25
191 18 2 12 26
192 -8 2 12 30
193 82 2 12 38
194 14 2 12 49
195 136 2 12 78
196 14 2 12 80
197 -144 2 13 17
198 84 2 13 22
199 -126 2 13 25
200 86 2 13 27
201 -160 2 13 36
202 -138 2 13 37
203 -190 2 13 45
204 -198 2 13 67
205 -56 2 13 85
206 170 2 13 88
207 14 2 14 40
208 98 2 14 43
209 22 2 14 46
210 156 2 14 53
211 -116 2 14 69
212 140 2 14 77
213 88 2 14 89
214 10 2 14 97
215 -6 2 15 22
216 -156 2 15 24
217 156 2 15 37
218 54 2 15 42
219 -196 2 15 64
220 -186 2 15 74
221 -162 2 15 90
222 -14 2 16 18
223 -192 2 16 27
224 50 2 16 40
225 -130 2 16 48
226 160 2 16 83
227 40 2 16 95
228 128 2 17 33
229 -36 2 17 37
230 24 2 17 40
231 148 2 17 41
232 36 2 17 49
233 128 2 17 65
234 140 2 17 70
235 154 2 17 78
236 -32 2 17 83
237 -138 2 18 28
238 -60 2 18 39
239 -90 2 18 55
240 -64 2 18 81
241 186 2 18 93
242 -8 2 18 94
243 156 2 19 44
244 -120 2 19 53
245 -192 2 19 56
246 12 2 19 69
247 138 2 19 76
248 6 2 19 86
249 -170 2 19 87
250 -28 2 19 96
251 -76 2 19 100
252 102 2 20 25
253 -172 2 20 32
254 -82 2 20 34
255 -158 2 20 35
256 -134 2 20 42
257 -128 2 20 45
258 -172 2 20 53
259 -134 2 20 74
260 14 2 20 77
261 170 2 20 78
262 180 2 20 80
263 38 2 20 86
264 24 2 21 30
265 162 2 21 36
266 -162 2 21 43
267 -84 2 21 53
268 78 2 21 57
269 8 2 21 69
270 200 2 21 73
271 34 2 21 87
272 76 2 21 96
273 118 2 21 100
274 -172 2 22 33
275 178 2 22 35
276 144 2 22 49
277 -164 2 22 57
278 144 2 22 64
279 150 2 22 68
280 -180 2 22 76
281 160 2 22 91
282 168 2 22 95
283 150 2 22 99
284 -50 2 23 25
285 42 2 23 29
286 192 2 23 47
287 68 2 23 81
288 -122 2 23 90
289 -86 2 23 93
290 -132 2 24 30
291 -94 2 24 46
292 -132 2 24 61
293 -34 2 24 67
294 -192 2 24 73
295 -8 2 24 89
296 -4 2 24 92
297 148 2 24 93
298 168 2 24 99
299 -110 2 25 37
300 -28 2 25 63
301 18 2 25 66
302 -186 2 25 69
303 -68 2 25 86
304 42 2 25 95
305 -108 2 26 31
306 -16 2 26 57
307 -92 2 26 58
308 122 2 26 68
309 130 2 27 43
310 28 2 27 46
311 38 2 27 75
312 198 2 27 80
313 72 2 27 99
314 -158 2 28 38
315 104 2 28 39
316 -80 2 28 73
317 -164 2 28 77
318 34 2 28 81
319 96 2 29 38
320 -20 2 29 41
321 -20 2 29 48
322 -88 2 29 74
323 92 2 29 77
324 -136 2 29 83
325 -98 2 29 100
326 160 2 30 46
327 -24 2 30 58
328 74 2 30 78
329 106 2 30 91
330 196 2 31 32
331 58 2 31 43
332 -110 2 31 46
333 -78 2 31 49
334 -88 2 31 66
335 -10 2 31 69
336 6 2 31 79
337 186 2 31 91
338 90 2 31 95
339 -48 2 31 98
340 -54 2 32 34
341 126 2 32 41
342 -102 2 32 44
343 -42 2 32 49
344 138 2 32 55
345 126 2 32 69
346 194 2 32 73
347 178 2 32 78
348 -174 2 32 93
349 88 2 33 36
350 -166 2 33 55
351 188 2 33 60
352 -172 2 33 68
353 -172 2 33 70
354 26 2 33 87
355 66 2 33 89
356 -60 2 33 90
357 -112 2 33 98
358 124 2 33 99
359 144 2 34 40
360 96 2 34 41
361 -188 2 34 64
362 176 2 34 72
363 -12 2 34 81
364 -18 2 34 84
365 -84 2 34 90
366 -142 2 34 100
367 94 2 35 38
368 -172 2 35 42
369 -86 2 35 44
370 -14 2 35 67
371 -42 2 35 83
372 -10 2 35 100
373 -174 2 36 41
374 4 2 36 54
375 -64 2 36 59
376 -188 2 36 60
377 28 2 36 67
378 54 2 36 74
379 160 2 36 76
380 -126 2 36 77
381 186 2 36 87
382 -166 2 37 58
383 110 2 37 60
384 -76 2 37 62
385 68 2 37 70
386 -100 2 37 73
387 -130 2 37 74
388 -156 2 37 79
389 -112 2 38 45
390 -48 2 38 48
391 192 2 38 62
392 122 2 38 84
393 92 2 38 97
394 108 2 39 42
395 136 2 39 55
396 72 2 39 60
397 -116 2 39 69
398 68 2 39 72
399 -172 2 40 52
400 -60 2 40 54
401 -174 2 40 58
402 156 2 40 71
403 -8 2 40 81
404 -88 2 40 99
405 150 2 41 60
406 -38 2 41 69
407 -14 2 41 77
408 2 2 41 92
409 122 2 41 98
410 152 2 42 58
411 170 2 42 62
412 158 2 42 64
413 -182 2 42 77
414 -20 2 42 89
415 14 2 43 47
416 -160 2 43 54
417 -160 2 43 61
418 38 2 43 72
419 34 2 43 95
420 68 2 44 50
421 102 2 44 53
422 168 2 44 54
423 -182 2 44 60
424 -156 2 44 61
425 -92 2 44 66
426 -24 2 44 68
427 184 2 44 90
428 68 2 45 46
429 -146 2 45 53
430 56 2 45 88
431 172 2 45 91
432 122 2 45 95
433 -188 2 46 55
434 -84 2 46 69
435 168 2 46 97
436 22 2 47 55
437 -20 2 47 69
438 42 2 47 72
439 140 2 47 75
440 28 2 47 79
441 -184 2 47 93
442 112 2 47 95
443 40 2 48 61
444 74 2 48 74
445 -112 2 48 81
446 -46 2 48 85
447 52 2 48 92
448 4 2 49 52
449 164 2 49 53
450 122 2 49 59
451 146 2 49 88
452 90 2 49 94
453 156 2 49 100
454 -20 2 50 52
455 -54 2 50 69
456 -114 2 50 84
457 -60 2 50 94
458 190 2 50 96
459 -12 2 51 54
460 -26 2 51 56
461 176 2 51 64
462 78 2 51 72
463 -80 2 51 74
464 -180 2 51 85
465 108 2 51 98
466 200 2 52 55
467 -106 2 52 60
468 -140 2 52 72
469 120 2 52 74
470 166 2 52 96
471 -100 2 53 70
472 70 2 53 73
473 162 2 53 99
474 -170 2 54 57
475 -172 2 54 82
476 -174 2 54 86
477 -36 2 54 87
478 146 2 55 58
479 -190 2 55 62
480 -122 2 56 58
481 -108 2 56 89
482 -112 2 56 97
483 22 2 57 70
484 -92 2 57 71
485 -154 2 57 77
486 12 2 57 82
487 -114 2 57 86
488 -10 2 58 62
489 182 2 58 72
490 -96 2 58 86
491 -2 2 58 88
492 140 2 58 89
493 116 2 59 68
494 -160 2 59 77
495 128 2 59 86
496 -46 2 59 93
497 -122 2 59 98
498 144 2 59 99
499 -18 2 60 61
500 14 2 60 65
501 -178 2 60 68
502 -126 2 60 70
503 -118 2 60 71
504 -98 2 60 74
505 -88 2 60 78
506 196 2 60 99
507 122 2 61 64
508 92 2 61 68
509 -132 2 61 70
510 -84 2 62 69
511 -74 2 62 71
512 -54 2 62 76
513 -64 2 62 92
514 -188 2 63 87
515 -114 2 63 90
516 -118 2 64 70
517 -106 2 64 80
518 -160 2 64 86
519 132 2 64 91
520 -188 2 64 92
521 110 2 64 96
522 38 2 64 99
523 54 2 65 72
524 -38 2 65 91
525 -100 2 66 73
526 -38 2 66 79
527 -2 2 66 86
528 136 2 66 90
529 108 2 66 92
530 -154 2 67 81
531 120 2 68 70
532 -80 2 68 78
533 90 2 68 82
534 -30 2 68 85
535 -90 2 69 76
536 -20 2 69 90
537 -60 2 69 99
538 -8 2 69 100
539 50 2 70 79
540 190 2 70 83
541 70 2 70 90
542 32 2 70 97
543 -100 2 71 80
544 24 2 71 93
545 -182 2 71 99
546 158 2 72 75
547 -4 2 72 76
548 156 2 72 79
549 32 2 72 82
550 178 2 72 94
551 168 2 72 96
552 188 2 72 97
553 4 2 73 78
554 172 2 73 89
555 -114 2 73 91
556 58 2 73 92
557 12 2 75 76
558 178 2 75 80
559 168 2 75 81
560 -142 2 75 88
561 -176 2 76 88
562 -16 2 77 79
563 -168 2 77 91
564 -66 2 77 95
565 10 2 77 97
566 90 2 78 81
567 90 2 78 87
568 124 2 78 97
569 -140 2 79 88
570 144 2 79 90
571 168 2 79 99
572 48 2 80 81
573 -124 2 80 87
574 -84 2 81 83
575 142 2 81 90
576 184 2 82 88
577 68 2 82 92
578 -58 2 83 94
579 140 2 83 96
580 -54 2 83 98
581 6 2 84 93
582 120 2 84 97
583 164 2 86 100
584 -24 2 88 95
585 -76 2 88 99
586 -42 2 90 97
587 -166 2 92 98
588 -140 2 94 99
589 50 2 94 100
590 142 2 96 97
591 -186 2 97 99
