100 584 0
0
1 68 1 1
2 -223 1 2
3 87 1 3
4 -231 1 4
5 -211 1 5
6 190 1 6
7 26 1 7
8 118 1 8
9 -134 1 9
10 -192 1 10
11 -63 1 11
12 137 1 12
13 -109 1 13
14 -280 1 15
15 191 1 16
16 4 1 17
17 -193 1 18
18 -255 1 19
19 315 1 20
20 -203 1 21
21 -174 1 22
22 -148 1 23
23 199 1 24
24 -20 1 25
25 -57 1 26
26 -38 1 27
27 -111 1 28
28 229 1 29
29 9 1 30
30 18 1 31
31 420 1 32
32 -148 1 33
33 -113 1 34
34 -160 1 35
35 450 1 36
36 268 1 37
37 151 1 38
38 198 1 39
39 -114 1 40
40 -144 1 41
41 22 1 42
42 -37 1 43
43 202 1 44
44 107 1 45
45 -47 1 46
46 -386 1 47
47 -90 1 48
48 131 1 49
49 41 1 50
50 130 1 51
51 -271 1 52
52 -62 1 53
53 47 1 54
54 -193 1 55
55 89 1 56
56 -208 1 57
57 151 1 58
58 -78 1 59
59 -88 1 60
60 84 1 61
61 -298 1 62
62 -106 1 63
63 -79 1 64
64 -220 1 65
65 -72 1 66
66 -137 1 67
67 15 1 68
68 -144 1 69
69 -22 1 70
70 -167 1 71
71 -158 1 72
72 9 1 73
73 -244 1 74
74 402 1 75
75 -254 1 76
76 34 1 77
77 -360 1 78
78 -317 1 79
79 44 1 80
80 316 1 81
81 -139 1 82
82 -61 1 83
83 -176 1 84
84 -141 1 85
85 -300 1 86
86 -207 1 87
87 -199 1 88
88 -265 1 89
89 287 1 90
90 -88 1 91
91 78 1 92
92 -214 1 93
93 167 1 94
94 20 1 95
95 -77 1 96
96 -431 1 97
97 105 1 98
98 -122 1 99
99 334 1 100
100 -72 2 1 7
101 36 2 1 23
102 30 2 1 60
103 -118 2 1 81
104 78 2 1 88
105 -90 2 1 90
106 -36 2 2 8
107 -30 2 2 14
108 -116 2 2 20
109 -86 2 2 25
110 -40 2 2 42
111 98 2 2 50
112 114 2 2 54
113 -142 2 2 65
114 160 2 2 66
115 162 2 2 73
116 162 2 2 74
117 8 2 2 82
118 192 2 2 87
119 -150 2 3 7
120 10 2 3 14
121 -58 2 3 21
122 140 2 3 35
123 -66 2 3 50
124 -152 2 3 58
125 -80 2 3 60
126 182 2 3 97
127 54 2 4 9
128 18 2 4 20
129 102 2 4 27
130 172 2 4 35
131 -96 2 4 39
132 180 2 4 41
133 112 2 4 50
134 126 2 4 65
135 20 2 4 66
136 -102 2 4 70
137 14 2 4 77
138 24 2 4 81
139 -162 2 4 91
140 24 2 5 23
141 -192 2 5 30
142 176 2 5 38
143 152 2 5 52
144 92 2 5 58
145 2 2 5 64
146 184 2 5 72
147 -16 2 5 82
148 -140 2 6 8
149 166 2 6 39
150 -144 2 6 57
151 -22 2 6 73
152 -108 2 6 77
153 -142 2 6 90
154 10 2 6 95
155 98 2 7 40
156 6 2 7 52
157 94 2 7 67
158 126 2 7 74
159 -192 2 7 75
160 38 2 7 80
161 -126 2 8 12
162 178 2 8 30
163 -52 2 8 47
164 -88 2 8 54
165 -30 2 8 55
166 -24 2 8 56
167 158 2 8 59
168 -8 2 8 60
169 -136 2 8 74
170 8 2 8 82
171 104 2 8 85
172 -44 2 8 90
173 52 2 9 10
174 10 2 9 15
175 -196 2 9 18
176 182 2 9 34
177 98 2 9 70
178 -182 2 9 73
179 116 2 9 85
180 134 2 9 96
181 124 2 10 18
182 64 2 10 21
183 100 2 10 38
184 74 2 10 40
185 -64 2 10 44
186 -84 2 10 66
187 118 2 10 78
188 92 2 11 28
189 150 2 11 34
190 -50 2 11 41
191 68 2 11 43
192 -134 2 11 72
193 -32 2 11 83
194 32 2 11 90
195 102 2 12 21
196 -114 2 12 24
197 190 2 12 31
198 -116 2 12 32
199 142 2 12 35
200 -130 2 12 36
201 -130 2 12 39
202 -156 2 12 41
203 22 2 12 51
204 -152 2 12 54
205 14 2 12 57
206 174 2 12 62
207 186 2 12 71
208 -180 2 12 77
209 192 2 13 17
210 106 2 13 19
211 -116 2 13 24
212 152 2 13 27
213 100 2 13 53
214 -124 2 13 57
215 74 2 13 67
216 68 2 13 89
217 -36 2 13 91
218 -198 2 13 95
219 76 2 14 19
220 -46 2 14 25
221 -78 2 14 26
222 102 2 14 33
223 -190 2 14 36
224 170 2 14 58
225 102 2 14 65
226 154 2 14 70
227 -72 2 14 99
228 -198 2 14 100
229 136 2 15 24
230 172 2 15 55
231 192 2 15 60
232 -96 2 15 65
233 106 2 15 67
234 40 2 15 77
235 -190 2 16 23
236 -32 2 16 25
237 -182 2 16 26
238 38 2 16 34
239 -88 2 16 51
240 -70 2 16 59
241 -128 2 16 66
242 186 2 16 94
243 84 2 16 97
244 124 2 17 33
245 -142 2 17 58
246 -182 2 17 82
247 194 2 18 25
248 182 2 18 29
249 14 2 18 46
250 68 2 18 91
251 172 2 19 48
252 -30 2 19 49
253 -58 2 19 56
254 60 2 19 58
255 56 2 19 68
256 112 2 19 77
257 -82 2 19 86
258 98 2 19 99
259 186 2 20 25
260 -166 2 20 28
261 -64 2 20 32
262 -192 2 20 43
263 -148 2 20 44
264 -132 2 20 69
265 -16 2 20 89
266 72 2 21 41
267 30 2 21 43
268 -112 2 21 45
269 126 2 21 55
270 34 2 21 61
271 118 2 21 74
272 78 2 21 76
273 -144 2 21 80
274 96 2 21 93
275 -176 2 22 42
276 74 2 22 45
277 58 2 22 54
278 106 2 22 60
279 86 2 22 65
280 32 2 22 66
281 -98 2 22 76
282 184 2 22 89
283 82 2 22 92
284 146 2 23 51
285 18 2 23 66
286 50 2 23 75
287 -36 2 23 81
288 176 2 23 87
289 -48 2 23 93
290 120 2 23 99
291 118 2 24 25
292 -66 2 24 70
293 -160 2 24 72
294 -148 2 24 80
295 40 2 24 82
296 -88 2 24 95
297 108 2 25 30
298 -166 2 25 36
299 -176 2 25 37
300 -50 2 25 45
301 -56 2 25 48
302 46 2 25 51
303 -6 2 26 29
304 -178 2 26 38
305 -104 2 26 39
306 124 2 26 40
307 182 2 26 55
308 62 2 26 68
309 34 2 26 70
310 114 2 26 72
311 146 2 26 78
312 60 2 27 37
313 -194 2 27 38
314 130 2 27 39
315 184 2 27 41
316 -112 2 27 45
317 -66 2 27 55
318 -176 2 27 75
319 -4 2 27 88
320 158 2 28 43
321 174 2 28 53
322 -152 2 28 56
323 -140 2 28 66
324 -60 2 28 77
325 182 2 28 78
326 130 2 28 93
327 4 2 28 98
328 -194 2 29 30
329 -176 2 29 38
330 -178 2 29 44
331 14 2 29 79
332 -100 2 29 96
333 98 2 30 39
334 -8 2 30 44
335 82 2 30 48
336 -38 2 30 53
337 30 2 30 60
338 -82 2 30 99
339 76 2 31 73
340 -146 2 31 80
341 34 2 31 86
342 -190 2 31 90
343 -142 2 32 34
344 -148 2 32 49
345 -42 2 32 68
346 -154 2 32 84
347 -174 2 32 100
348 -176 2 33 34
349 186 2 33 60
350 -186 2 33 66
351 108 2 33 69
352 138 2 33 91
353 -162 2 34 35
354 96 2 34 44
355 200 2 34 57
356 -142 2 34 60
357 174 2 34 76
358 118 2 34 84
359 -110 2 34 100
360 -140 2 35 58
361 -18 2 35 77
362 186 2 35 95
363 -146 2 36 61
364 -190 2 36 69
365 -86 2 36 70
366 -170 2 36 77
367 158 2 36 80
368 20 2 36 81
369 66 2 37 50
370 -176 2 37 51
371 -168 2 37 58
372 -54 2 37 61
373 -14 2 37 76
374 -58 2 37 81
375 -160 2 37 87
376 12 2 37 88
377 132 2 37 97
378 -128 2 38 42
379 182 2 38 45
380 166 2 38 47
381 128 2 38 56
382 -180 2 38 58
383 -170 2 38 59
384 30 2 38 69
385 158 2 38 76
386 -54 2 38 92
387 -162 2 38 97
388 -162 2 39 56
389 -104 2 39 65
390 -30 2 39 72
391 -142 2 39 73
392 164 2 39 74
393 -42 2 39 75
394 -182 2 39 82
395 38 2 39 88
396 -106 2 40 45
397 118 2 40 48
398 106 2 40 56
399 -58 2 40 62
400 10 2 40 72
401 -6 2 40 77
402 -132 2 40 93
403 -42 2 41 62
404 150 2 41 97
405 -50 2 41 98
406 96 2 42 58
407 -46 2 42 67
408 124 2 42 79
409 122 2 42 90
410 4 2 42 99
411 116 2 43 68
412 -106 2 43 78
413 78 2 44 65
414 -58 2 44 83
415 -166 2 44 94
416 -4 2 44 96
417 48 2 44 100
418 98 2 45 46
419 -188 2 45 52
420 -108 2 46 66
421 112 2 46 69
422 76 2 46 70
423 -190 2 46 90
424 -16 2 46 91
425 108 2 46 99
426 92 2 47 57
427 84 2 47 59
428 36 2 47 63
429 18 2 47 67
430 128 2 47 71
431 -148 2 47 81
432 180 2 47 86
433 122 2 47 89
434 140 2 47 92
435 6 2 47 97
436 -16 2 48 54
437 130 2 48 62
438 26 2 48 93
439 -162 2 48 94
440 -114 2 48 96
441 94 2 49 66
442 -94 2 49 80
443 36 2 49 81
444 -120 2 49 98
445 48 2 50 66
446 -152 2 50 73
447 -168 2 50 86
448 76 2 50 88
449 -130 2 50 93
450 34 2 50 94
451 -114 2 51 82
452 -158 2 51 92
453 -2 2 51 98
454 64 2 51 99
455 48 2 52 72
456 82 2 52 76
457 140 2 52 77
458 150 2 52 80
459 -74 2 52 81
460 -20 2 52 82
461 66 2 52 87
462 180 2 52 93
463 68 2 53 55
464 70 2 53 64
465 -188 2 53 68
466 10 2 53 75
467 -72 2 53 87
468 -162 2 54 55
469 82 2 54 56
470 100 2 54 58
471 -94 2 54 63
472 60 2 54 66
473 -72 2 54 71
474 -24 2 54 77
475 190 2 54 79
476 28 2 54 82
477 -118 2 54 83
478 68 2 55 69
479 -138 2 55 79
480 166 2 55 85
481 42 2 56 78
482 -140 2 56 90
483 200 2 57 66
484 -108 2 57 67
485 192 2 57 92
486 94 2 57 96
487 -168 2 58 68
488 -168 2 58 70
489 98 2 58 76
490 70 2 58 78
491 130 2 58 89
492 26 2 59 74
493 152 2 59 83
494 -60 2 59 84
495 -60 2 59 93
496 96 2 59 97
497 -172 2 60 72
498 178 2 60 83
499 -152 2 60 89
500 -26 2 60 91
501 34 2 60 97
502 16 2 61 66
503 92 2 61 76
504 110 2 61 77
505 -84 2 61 85
506 20 2 61 89
507 -156 2 61 93
508 188 2 62 73
509 96 2 62 81
510 108 2 62 86
511 192 2 63 78
512 194 2 63 84
513 -60 2 63 85
514 138 2 63 91
515 -194 2 63 92
516 -110 2 64 66
517 196 2 64 79
518 146 2 65 67
519 92 2 65 69
520 152 2 65 72
521 -6 2 66 76
522 -82 2 66 81
523 166 2 66 82
524 76 2 66 84
525 -82 2 66 88
526 180 2 66 97
527 92 2 67 71
528 -102 2 67 100
529 106 2 68 84
530 28 2 68 100
531 -150 2 69 81
532 -30 2 69 92
533 192 2 69 93
534 188 2 69 98
535 -118 2 70 75
536 80 2 70 98
537 142 2 70 99
538 56 2 72 77
539 60 2 72 79
540 132 2 72 82
541 56 2 72 92
542 -90 2 73 75
543 80 2 73 86
544 64 2 73 90
545 -134 2 74 76
546 162 2 74 97
547 188 2 75 79
548 -96 2 75 92
549 -144 2 75 94
550 -36 2 75 96
551 -158 2 75 99
552 160 2 76 85
553 70 2 76 89
554 -2 2 76 97
555 -150 2 76 98
556 48 2 77 80
557 -66 2 77 81
558 -42 2 77 91
559 86 2 77 94
560 76 2 78 93
561 26 2 80 85
562 126 2 80 88
563 60 2 80 89
564 -184 2 80 90
565 50 2 80 95
566 -28 2 80 99
567 92 2 81 86
568 -168 2 81 94
569 58 2 82 85
570 158 2 82 86
571 46 2 82 87
572 148 2 82 88
573 72 2 84 89
574 -38 2 85 87
575 -166 2 85 92
576 198 2 86 87
577 6 2 87 88
578 114 2 89 91
579 -2 2 89 92
580 -140 2 89 99
581 188 2 90 99
582 74 2 92 93
583 180 2 93 96
584 -160 2 98 100
