100 563 0
0
1 202 1 1
2 109 1 2
3 -283 1 3
4 192 1 4
5 -276 1 5
6 -17 1 6
7 -30 1 7
8 117 1 8
9 256 1 9
10 -132 1 10
11 -27 1 11
12 178 1 12
13 193 1 13
14 -205 1 14
15 66 1 15
16 -12 1 16
17 47 1 17
18 -45 1 18
19 -135 1 19
20 12 1 20
21 -149 1 21
22 -66 1 22
23 72 1 23
24 327 1 24
25 -107 1 25
26 -457 1 26
27 -242 1 28
28 -44 1 29
29 50 1 30
30 -2 1 31
31 -81 1 32
32 39 1 33
33 57 1 34
34 256 1 35
35 -161 1 36
36 352 1 37
37 201 1 38
38 130 1 39
39 -9 1 40
40 63 1 41
41 280 1 42
42 218 1 43
43 14 1 44
44 -91 1 45
45 -6 1 46
46 102 1 47
47 30 1 48
48 30 1 49
49 189 1 50
50 -32 1 51
51 306 1 52
52 -362 1 53
53 -183 1 54
54 -178 1 55
55 -247 1 56
56 -58 1 57
57 -41 1 58
58 -27 1 59
59 223 1 60
60 94 1 61
61 -265 1 62
62 318 1 63
63 160 1 64
64 225 1 65
65 128 1 66
66 327 1 67
67 7 1 68
68 162 1 69
69 123 1 70
70 -328 1 71
71 161 1 72
72 445 1 73
73 203 1 74
74 -115 1 75
75 164 1 76
76 -8 1 77
77 11 1 78
78 -329 1 79
79 168 1 80
80 260 1 81
81 6 1 82
82 160 1 83
83 -97 1 84
84 -26 1 85
85 183 1 86
86 50 1 87
87 174 1 88
88 90 1 89
89 21 1 90
90 -35 1 91
91 -104 1 92
92 -184 1 93
93 108 1 94
94 -39 1 95
95 119 1 96
96 98 1 97
97 173 1 98
98 163 1 99
99 69 1 100
100 -38 2 1 35
101 -44 2 1 44
102 54 2 1 47
103 -132 2 1 49
104 -138 2 1 58
105 126 2 1 64
106 -178 2 1 72
107 -38 2 1 73
108 -138 2 1 74
109 -24 2 1 76
110 80 2 1 84
111 66 2 1 98
112 -40 2 2 4
113 10 2 2 20
114 4 2 2 24
115 -4 2 2 45
116 132 2 2 51
117 -132 2 2 52
118 82 2 2 53
119 -176 2 2 62
120 -4 2 2 71
121 -106 2 2 76
122 144 2 2 79
123 -128 2 2 90
124 -22 2 3 13
125 102 2 3 45
126 136 2 3 56
127 74 2 3 63
128 -80 2 3 75
129 114 2 3 86
130 140 2 3 87
131 102 2 3 96
132 -168 2 4 12
133 -88 2 4 29
134 -114 2 4 30
135 28 2 4 38
136 180 2 4 60
137 52 2 4 63
138 -188 2 4 67
139 104 2 4 88
140 -150 2 4 99
141 74 2 5 21
142 50 2 5 26
143 168 2 5 33
144 -114 2 5 42
145 144 2 5 46
146 200 2 5 53
147 84 2 5 55
148 10 2 5 67
149 -56 2 5 75
150 104 2 5 77
151 -100 2 5 91
152 -12 2 5 93
153 102 2 6 7
154 -36 2 6 18
155 140 2 6 26
156 -74 2 6 39
157 -100 2 6 40
158 -160 2 6 44
159 8 2 6 58
160 -6 2 6 60
161 -56 2 6 65
162 182 2 6 68
163 34 2 6 98
164 -180 2 7 35
165 -26 2 7 36
166 180 2 7 44
167 -86 2 7 51
168 178 2 7 61
169 20 2 7 82
170 -82 2 7 85
171 76 2 7 92
172 -168 2 7 94
173 46 2 7 95
174 16 2 8 21
175 -68 2 8 42
176 -128 2 8 72
177 10 2 8 75
178 -154 2 8 88
179 4 2 8 89
180 86 2 8 93
181 -28 2 9 10
182 -158 2 9 15
183 64 2 9 53
184 -32 2 9 55
185 -68 2 9 58
186 -152 2 9 63
187 -120 2 9 73
188 -114 2 9 76
189 -56 2 9 85
190 162 2 9 90
191 68 2 9 93
192 -78 2 9 100
193 174 2 10 19
194 118 2 10 29
195 -184 2 10 48
196 -68 2 10 64
197 40 2 10 71
198 80 2 10 87
199 -42 2 10 88
200 188 2 10 92
201 -14 2 10 99
202 -170 2 11 29
203 -36 2 11 30
204 158 2 11 38
205 200 2 11 56
206 -62 2 11 60
207 -144 2 11 74
208 -76 2 11 89
209 184 2 11 97
210 62 2 12 14
211 128 2 12 15
212 -70 2 12 16
213 32 2 12 45
214 14 2 12 53
215 -196 2 12 60
216 -158 2 12 61
217 -110 2 12 63
218 -42 2 12 68
219 166 2 12 76
220 30 2 12 94
221 -44 2 12 100
222 -12 2 13 16
223 36 2 13 41
224 30 2 13 44
225 -108 2 13 50
226 34 2 13 55
227 -20 2 13 63
228 -198 2 13 73
229 -112 2 13 74
230 156 2 13 79
231 -170 2 13 88
232 180 2 14 16
233 -124 2 14 20
234 92 2 14 21
235 -36 2 14 38
236 172 2 14 43
237 -88 2 14 65
238 152 2 14 87
239 90 2 15 22
240 -96 2 15 26
241 10 2 15 46
242 -186 2 15 47
243 86 2 15 50
244 74 2 15 55
245 134 2 15 67
246 -166 2 15 76
247 -48 2 15 93
248 138 2 16 24
249 -16 2 16 56
250 114 2 16 65
251 -112 2 16 91
252 -198 2 16 99
253 -184 2 17 21
254 174 2 17 26
255 -38 2 17 34
256 -88 2 17 38
257 154 2 17 78
258 -112 2 17 92
259 -46 2 18 27
260 -28 2 18 28
261 198 2 18 33
262 2 2 18 35
263 -152 2 18 59
264 170 2 18 62
265 -80 2 18 95
266 62 2 18 97
267 -60 2 19 44
268 138 2 19 57
269 18 2 19 60
270 90 2 20 34
271 -160 2 20 45
272 82 2 20 49
273 44 2 20 50
274 50 2 20 59
275 52 2 20 67
276 58 2 20 72
277 -112 2 20 87
278 64 2 20 90
279 -78 2 20 94
280 142 2 21 25
281 74 2 21 28
282 50 2 21 73
283 -10 2 21 88
284 -46 2 21 92
285 90 2 21 100
286 -78 2 22 35
287 -142 2 22 44
288 180 2 22 60
289 174 2 22 64
290 40 2 22 68
291 -172 2 22 81
292 40 2 22 100
293 12 2 23 35
294 36 2 23 62
295 -192 2 23 97
296 -128 2 24 37
297 -158 2 24 42
298 -84 2 24 52
299 -86 2 24 61
300 -54 2 24 63
301 -112 2 24 69
302 4 2 24 70
303 -178 2 24 73
304 140 2 25 26
305 30 2 25 29
306 12 2 25 32
307 156 2 25 33
308 -162 2 25 50
309 -58 2 25 56
310 152 2 25 62
311 -68 2 25 75
312 52 2 25 84
313 -178 2 25 90
314 -4 2 25 96
315 190 2 26 29
316 94 2 26 30
317 162 2 26 36
318 -150 2 26 41
319 62 2 26 60
320 94 2 26 61
321 -2 2 26 62
322 56 2 26 89
323 -48 2 27 29
324 -26 2 27 45
325 182 2 27 62
326 -182 2 27 73
327 -24 2 27 85
328 144 2 27 99
329 90 2 28 38
330 150 2 28 41
331 -128 2 28 48
332 -2 2 28 59
333 58 2 28 64
334 146 2 28 74
335 124 2 28 97
336 -8 2 29 57
337 -8 2 29 66
338 140 2 29 75
339 -182 2 29 86
340 -18 2 29 89
341 132 2 29 94
342 -198 2 30 37
343 -174 2 30 67
344 168 2 30 74
345 54 2 30 75
346 -18 2 30 76
347 -44 2 30 84
348 168 2 30 100
349 94 2 31 32
350 194 2 31 48
351 -154 2 31 52
352 -130 2 31 78
353 40 2 32 36
354 140 2 32 48
355 18 2 32 58
356 -96 2 32 61
357 -42 2 32 64
358 34 2 32 69
359 -138 2 32 77
360 140 2 32 79
361 8 2 32 90
362 -52 2 32 95
363 4 2 32 96
364 6 2 33 37
365 4 2 33 45
366 -124 2 33 51
367 -88 2 33 52
368 -12 2 33 55
369 -158 2 33 73
370 28 2 33 76
371 102 2 33 82
372 -150 2 33 86
373 -192 2 33 89
374 -16 2 33 96
375 18 2 34 69
376 -184 2 34 92
377 94 2 35 37
378 54 2 35 41
379 -150 2 35 58
380 -172 2 35 64
381 8 2 35 76
382 -64 2 35 80
383 146 2 36 76
384 -172 2 37 38
385 -40 2 37 43
386 96 2 37 66
387 -194 2 37 67
388 -168 2 37 69
389 10 2 38 42
390 60 2 38 46
391 36 2 38 54
392 -186 2 38 60
393 -184 2 38 80
394 -118 2 38 89
395 -6 2 39 50
396 -160 2 39 74
397 150 2 39 75
398 34 2 39 84
399 -142 2 39 95
400 -62 2 39 98
401 -46 2 40 89
402 164 2 40 99
403 -12 2 41 46
404 -34 2 41 47
405 -164 2 41 55
406 86 2 41 61
407 36 2 41 64
408 -84 2 41 82
409 -196 2 41 84
410 164 2 41 85
411 -112 2 41 97
412 100 2 41 98
413 -72 2 42 60
414 -148 2 42 65
415 -140 2 42 87
416 130 2 42 91
417 -80 2 43 57
418 -188 2 43 62
419 190 2 43 71
420 -156 2 43 81
421 -164 2 43 91
422 -170 2 43 98
423 -4 2 44 49
424 86 2 44 51
425 46 2 44 53
426 48 2 44 61
427 20 2 44 74
428 -104 2 44 86
429 38 2 44 91
430 38 2 44 99
431 168 2 45 54
432 -54 2 45 61
433 120 2 45 81
434 -190 2 46 50
435 2 2 46 70
436 -176 2 46 80
437 174 2 46 89
438 120 2 47 71
439 -50 2 47 82
440 -108 2 47 93
441 116 2 48 53
442 -62 2 48 61
443 40 2 48 68
444 -176 2 48 74
445 148 2 49 71
446 -102 2 49 73
447 -52 2 49 90
448 138 2 50 53
449 -80 2 50 60
450 -2 2 50 71
451 -28 2 50 74
452 -58 2 50 76
453 -12 2 50 95
454 70 2 51 58
455 22 2 51 64
456 -78 2 51 75
457 192 2 51 81
458 -10 2 51 83
459 -42 2 51 86
460 -98 2 51 97
461 -138 2 52 68
462 -16 2 52 79
463 -78 2 53 59
464 182 2 53 73
465 -40 2 53 87
466 -2 2 54 59
467 66 2 54 74
468 98 2 54 89
469 48 2 55 57
470 184 2 55 62
471 70 2 55 87
472 70 2 55 92
473 160 2 56 59
474 72 2 56 60
475 2 2 56 66
476 28 2 56 73
477 130 2 56 86
478 -170 2 56 87
479 -140 2 56 91
480 150 2 56 93
481 34 2 57 78
482 -28 2 57 96
483 12 2 57 98
484 164 2 58 76
485 76 2 58 77
486 50 2 58 90
487 52 2 58 94
488 78 2 59 74
489 -144 2 60 72
490 -198 2 60 73
491 -114 2 60 78
492 156 2 60 85
493 -56 2 60 92
494 30 2 61 70
495 -168 2 61 97
496 172 2 62 91
497 -154 2 63 67
498 86 2 63 78
499 -24 2 63 83
500 -172 2 63 94
501 -162 2 63 95
502 -96 2 64 68
503 -102 2 64 74
504 -150 2 64 81
505 -106 2 64 85
506 4 2 65 81
507 -136 2 65 88
508 -6 2 65 89
509 -132 2 65 90
510 178 2 65 95
511 -180 2 65 98
512 -152 2 66 70
513 -194 2 66 100
514 -100 2 67 81
515 4 2 67 97
516 -44 2 67 99
517 -38 2 69 76
518 -44 2 69 98
519 -14 2 69 100
520 44 2 70 83
521 -20 2 70 86
522 -154 2 70 99
523 84 2 71 79
524 80 2 71 90
525 70 2 72 78
526 -124 2 73 74
527 150 2 73 79
528 188 2 73 91
529 -190 2 73 96
530 50 2 74 90
531 50 2 74 91
532 -28 2 75 86
533 90 2 75 96
534 96 2 75 99
535 -50 2 76 78
536 -48 2 76 87
537 -62 2 76 91
538 -156 2 76 98
539 118 2 77 80
540 -144 2 77 99
541 -76 2 78 83
542 110 2 78 84
543 -106 2 78 93
544 80 2 80 84
545 -110 2 80 86
546 -156 2 81 83
547 -130 2 81 86
548 -32 2 81 87
549 60 2 81 88
550 -98 2 83 92
551 198 2 84 93
552 -120 2 84 96
553 156 2 86 91
554 -56 2 89 96
555 34 2 90 92
556 -86 2 91 98
557 140 2 92 93
558 196 2 92 99
559 162 2 94 95
560 -174 2 94 99
561 140 2 95 98
562 -20 2 96 100
563 -86 2 99 100
