100 590 0
0
1 -290 1 1
2 71 1 2
3 -136 1 3
4 55 1 4
5 -56 1 5
6 63 1 6
7 -288 1 7
8 -206 1 8
9 -81 1 9
10 -92 1 10
11 48 1 11
12 195 1 12
13 -72 1 13
14 -41 1 14
15 -136 1 15
16 75 1 16
17 -174 1 17
18 -221 1 18
19 -221 1 19
20 -139 1 20
21 -306 1 21
22 27 1 22
23 -381 1 23
24 170 1 24
25 193 1 25
26 4 1 26
27 213 1 27
28 -195 1 28
29 -160 1 29
30 -189 1 30
31 49 1 31
32 -139 1 32
33 -267 1 33
34 -92 1 34
35 -120 1 35
36 6 1 36
37 -375 1 37
38 44 1 38
39 393 1 39
40 -123 1 40
41 -199 1 41
42 -193 1 42
43 51 1 43
44 -199 1 44
45 -127 1 45
46 318 1 46
47 304 1 47
48 131 1 48
49 -245 1 49
50 -176 1 50
51 -301 1 51
52 -75 1 52
53 -189 1 53
54 -32 1 54
55 -77 1 55
56 -33 1 56
57 305 1 57
58 -40 1 58
59 -256 1 59
60 -292 1 60
61 -252 1 61
62 161 1 62
63 159 1 63
64 28 1 64
65 -36 1 65
66 299 1 66
67 20 1 67
68 -39 1 68
69 -197 1 69
70 -186 1 70
71 -275 1 71
72 113 1 72
73 59 1 73
74 36 1 74
75 69 1 75
76 -260 1 76
77 -55 1 77
78 -135 1 78
79 -40 1 79
80 2 1 80
81 -38 1 81
82 -198 1 82
83 -34 1 83
84 28 1 84
85 16 1 85
86 -232 1 86
87 -239 1 87
88 13 1 88
89 35 1 89
90 -48 1 90
91 32 1 91
92 -79 1 92
93 -98 1 93
94 72 1 94
95 -157 1 95
96 -15 1 96
97 66 1 97
98 -134 1 98
99 -166 1 99
100 28 1 100
101 6 2 1 9
102 170 2 1 17
103 180 2 1 20
104 -162 2 1 22
105 190 2 1 23
106 -52 2 1 72
107 72 2 1 92
108 176 2 1 93
109 126 2 2 8
110 26 2 2 13
111 -20 2 2 18
112 178 2 2 25
113 72 2 2 26
114 -182 2 2 39
115 -2 2 2 50
116 -154 2 2 55
117 -18 2 2 60
118 -76 2 2 66
119 -92 2 2 97
120 100 2 3 7
121 194 2 3 47
122 -34 2 3 51
123 60 2 3 53
124 50 2 3 57
125 154 2 3 70
126 -100 2 3 72
127 -72 2 3 80
128 -66 2 3 87
129 110 2 3 93
130 -124 2 3 100
131 -70 2 4 11
132 -24 2 4 13
133 -180 2 4 25
134 16 2 4 27
135 -18 2 4 40
136 38 2 4 46
137 18 2 4 50
138 186 2 4 55
139 192 2 4 66
140 -148 2 4 76
141 148 2 4 78
142 -104 2 4 88
143 -164 2 4 91
144 142 2 5 23
145 112 2 5 30
146 -44 2 5 34
147 -32 2 5 38
148 -152 2 5 45
149 148 2 5 95
150 -62 2 5 97
151 116 2 6 7
152 -26 2 6 13
153 130 2 6 18
154 -122 2 6 34
155 -34 2 6 41
156 22 2 6 49
157 -10 2 6 52
158 -196 2 6 60
159 118 2 6 66
160 -58 2 6 83
161 -66 2 6 91
162 162 2 7 39
163 6 2 7 48
164 200 2 7 52
165 -8 2 7 75
166 -28 2 8 14
167 168 2 8 54
168 146 2 8 58
169 52 2 9 22
170 24 2 9 40
171 -36 2 9 41
172 18 2 9 66
173 98 2 9 89
174 192 2 10 23
175 16 2 10 28
176 134 2 10 33
177 -154 2 10 35
178 -8 2 10 38
179 -46 2 10 47
180 30 2 10 68
181 -8 2 10 69
182 -64 2 10 77
183 92 2 10 80
184 176 2 11 33
185 -158 2 11 42
186 -128 2 11 44
187 84 2 11 82
188 28 2 12 19
189 -14 2 12 26
190 -98 2 12 31
191 -182 2 12 46
192 52 2 12 68
193 -148 2 12 83
194 -66 2 12 94
195 110 2 12 97
196 -72 2 12 98
197 12 2 13 18
198 -44 2 13 27
199 -74 2 13 31
200 88 2 13 41
201 50 2 13 48
202 -10 2 13 92
203 146 2 13 98
204 -196 2 14 16
205 196 2 14 19
206 -86 2 14 27
207 98 2 14 33
208 116 2 14 59
209 40 2 14 60
210 110 2 14 68
211 44 2 14 74
212 -178 2 14 95
213 -34 2 14 97
214 106 2 15 17
215 94 2 15 44
216 -178 2 15 45
217 92 2 15 51
218 -182 2 15 62
219 152 2 15 67
220 76 2 15 71
221 -128 2 15 73
222 188 2 15 78
223 166 2 15 97
224 -114 2 15 98
225 -68 2 16 42
226 152 2 16 55
227 82 2 16 56
228 58 2 16 61
229 -194 2 16 70
230 -182 2 16 85
231 198 2 16 91
232 174 2 17 21
233 -32 2 17 24
234 -64 2 17 34
235 182 2 17 37
236 -170 2 17 45
237 -38 2 17 46
238 -10 2 17 53
239 132 2 17 59
240 196 2 17 69
241 -102 2 17 71
242 -4 2 17 78
243 96 2 17 85
244 42 2 17 86
245 -148 2 17 93
246 -82 2 17 94
247 -100 2 17 98
248 114 2 18 23
249 98 2 18 30
250 198 2 18 56
251 66 2 18 58
252 162 2 18 59
253 -146 2 18 68
254 -172 2 18 72
255 58 2 19 23
256 30 2 19 26
257 -172 2 19 38
258 138 2 19 53
259 38 2 19 66
260 126 2 19 87
261 114 2 20 29
262 -68 2 20 44
263 140 2 20 60
264 86 2 20 78
265 -140 2 20 91
266 -174 2 20 95
267 140 2 20 98
268 10 2 21 34
269 194 2 21 38
270 118 2 21 51
271 -122 2 21 79
272 66 2 21 81
273 26 2 21 82
274 146 2 21 95
275 -112 2 22 40
276 90 2 22 44
277 142 2 22 45
278 -18 2 22 51
279 -138 2 22 54
280 -78 2 22 57
281 86 2 22 65
282 84 2 22 94
283 42 2 23 27
284 26 2 23 32
285 -188 2 23 59
286 -110 2 23 64
287 182 2 23 65
288 12 2 23 66
289 -8 2 23 70
290 110 2 23 90
291 -128 2 24 25
292 140 2 24 29
293 86 2 24 48
294 -120 2 24 50
295 -194 2 24 62
296 -80 2 24 77
297 -108 2 24 83
298 96 2 24 86
299 -110 2 25 31
300 -104 2 25 32
301 -124 2 25 33
302 172 2 25 34
303 -112 2 25 37
304 52 2 25 40
305 -144 2 25 46
306 -22 2 25 47
307 138 2 25 52
308 -68 2 25 56
309 154 2 25 58
310 -14 2 25 68
311 72 2 25 75
312 144 2 25 76
313 -190 2 25 87
314 -150 2 25 89
315 50 2 25 99
316 -68 2 26 42
317 -40 2 26 55
318 -16 2 26 62
319 -84 2 26 63
320 6 2 26 68
321 162 2 26 76
322 -66 2 26 93
323 10 2 26 95
324 32 2 27 34
325 -198 2 27 41
326 -4 2 27 42
327 -170 2 27 56
328 -116 2 27 67
329 102 2 27 84
330 68 2 28 37
331 -10 2 28 45
332 148 2 28 62
333 192 2 28 65
334 -18 2 28 78
335 -6 2 28 88
336 -76 2 29 32
337 -116 2 29 43
338 88 2 29 67
339 66 2 29 81
340 104 2 29 95
341 138 2 30 42
342 -160 2 30 65
343 -102 2 30 67
344 154 2 30 82
345 138 2 30 93
346 -44 2 31 41
347 -56 2 31 43
348 190 2 31 44
349 88 2 31 53
350 34 2 31 57
351 -70 2 31 64
352 134 2 31 68
353 -28 2 31 80
354 128 2 31 87
355 -178 2 31 88
356 -14 2 31 90
357 186 2 32 36
358 94 2 32 44
359 -106 2 32 47
360 180 2 32 49
361 -80 2 32 80
362 158 2 32 87
363 68 2 33 56
364 -112 2 33 61
365 180 2 33 68
366 -152 2 33 77
367 132 2 33 81
368 134 2 33 87
369 54 2 34 37
370 176 2 34 46
371 -30 2 34 98
372 118 2 35 68
373 96 2 35 69
374 36 2 35 96
375 144 2 35 99
376 -198 2 36 47
377 66 2 36 54
378 28 2 36 56
379 64 2 36 88
380 -158 2 36 94
381 -102 2 37 40
382 30 2 37 42
383 138 2 37 49
384 -16 2 37 61
385 -74 2 37 64
386 186 2 37 79
387 122 2 37 83
388 -4 2 37 85
389 142 2 37 89
390 -40 2 37 97
391 176 2 37 99
392 150 2 38 56
393 -8 2 38 66
394 -124 2 38 68
395 -48 2 38 70
396 -40 2 38 80
397 130 2 39 49
398 -154 2 39 52
399 -108 2 39 63
400 -140 2 39 65
401 -198 2 39 66
402 -192 2 39 81
403 24 2 39 91
404 -128 2 39 99
405 156 2 40 58
406 72 2 40 62
407 174 2 40 100
408 116 2 41 54
409 90 2 41 55
410 -174 2 41 56
411 -102 2 41 63
412 78 2 41 67
413 70 2 41 68
414 172 2 41 70
415 -156 2 41 85
416 148 2 41 89
417 132 2 41 97
418 154 2 41 99
419 94 2 41 100
420 106 2 42 50
421 134 2 42 53
422 12 2 42 78
423 10 2 42 81
424 102 2 42 91
425 152 2 42 98
426 -84 2 43 46
427 122 2 43 50
428 108 2 43 52
429 -56 2 43 60
430 -166 2 43 67
431 66 2 43 71
432 30 2 43 87
433 50 2 43 99
434 -82 2 44 45
435 118 2 44 66
436 100 2 44 70
437 -10 2 44 89
438 140 2 45 60
439 186 2 45 71
440 124 2 45 77
441 -60 2 45 78
442 86 2 45 83
443 108 2 45 94
444 120 2 45 98
445 2 2 46 50
446 -22 2 46 63
447 -92 2 46 79
448 -144 2 46 83
449 -6 2 46 91
450 -140 2 46 96
451 -148 2 47 54
452 -120 2 47 72
453 26 2 47 77
454 -188 2 47 100
455 -14 2 48 54
456 -172 2 48 58
457 -144 2 48 89
458 -74 2 48 91
459 -48 2 49 51
460 92 2 49 52
461 88 2 49 60
462 -136 2 49 62
463 -28 2 49 66
464 -130 2 49 69
465 56 2 49 98
466 126 2 49 99
467 188 2 50 65
468 14 2 50 73
469 -56 2 50 74
470 -90 2 50 84
471 44 2 50 89
472 126 2 50 95
473 -64 2 51 58
474 106 2 51 61
475 178 2 51 72
476 158 2 51 85
477 114 2 51 97
478 -152 2 52 57
479 168 2 52 61
480 -104 2 52 66
481 -96 2 52 73
482 -40 2 52 97
483 26 2 53 67
484 12 2 53 71
485 -52 2 53 75
486 -18 2 53 87
487 132 2 54 55
488 108 2 54 59
489 -42 2 54 63
490 -120 2 54 76
491 -166 2 54 85
492 102 2 54 93
493 -104 2 55 58
494 -52 2 55 60
495 -14 2 55 68
496 -74 2 55 72
497 32 2 55 100
498 -62 2 56 61
499 64 2 56 69
500 -68 2 56 71
501 18 2 56 98
502 -46 2 57 58
503 124 2 57 62
504 -170 2 57 63
505 -120 2 57 65
506 -18 2 57 71
507 -14 2 57 74
508 -148 2 57 85
509 88 2 57 88
510 -160 2 57 91
511 122 2 58 59
512 -64 2 58 62
513 -152 2 58 66
514 94 2 58 73
515 -56 2 58 79
516 60 2 59 96
517 120 2 60 72
518 174 2 60 76
519 52 2 60 78
520 -92 2 60 94
521 66 2 60 95
522 178 2 60 100
523 140 2 61 62
524 160 2 61 69
525 24 2 61 70
526 -50 2 61 78
527 190 2 61 85
528 -146 2 61 98
529 44 2 61 99
530 -180 2 62 72
531 -34 2 62 82
532 42 2 63 64
533 168 2 63 96
534 -132 2 64 68
535 132 2 64 76
536 -18 2 64 83
537 174 2 64 92
538 -120 2 65 66
539 -168 2 65 68
540 162 2 65 69
541 -30 2 65 73
542 -32 2 66 74
543 -198 2 66 97
544 -178 2 66 99
545 -24 2 68 69
546 -122 2 69 75
547 52 2 70 73
548 120 2 70 81
549 -48 2 71 76
550 96 2 71 82
551 -34 2 71 89
552 188 2 71 91
553 196 2 71 98
554 28 2 72 73
555 146 2 72 83
556 122 2 73 87
557 -140 2 73 89
558 -34 2 73 99
559 -14 2 74 95
560 56 2 75 79
561 -126 2 75 81
562 42 2 75 84
563 80 2 76 84
564 98 2 76 85
565 110 2 76 88
566 -64 2 76 96
567 66 2 77 79
568 190 2 77 83
569 56 2 78 93
570 -140 2 78 97
571 -18 2 79 80
572 160 2 79 86
573 -100 2 79 98
574 192 2 80 86
575 -68 2 80 87
576 24 2 80 89
577 -6 2 80 96
578 142 2 82 98
579 -72 2 82 99
580 -190 2 84 100
581 -32 2 85 86
582 34 2 85 91
583 80 2 85 95
584 6 2 86 93
585 122 2 87 100
586 -48 2 89 97
587 62 2 92 94
588 -140 2 92 98
589 -24 2 93 96
590 -154 2 93 100
