250 3265 0
0
1 50 1 1
2 225 1 2
3 931 1 3
4 -329 1 4
5 36 1 5
6 -788 1 6
7 -115 1 7
8 327 1 8
9 320 1 9
10 -133 1 10
11 -158 1 11
12 -232 1 12
13 -552 1 13
14 -70 1 14
15 -96 1 15
16 63 1 16
17 266 1 17
18 126 1 18
19 -167 1 19
20 -124 1 20
21 -18 1 21
22 520 1 22
23 233 1 23
24 259 1 24
25 -89 1 25
26 98 1 26
27 -60 1 27
28 93 1 28
29 294 1 29
30 -352 1 30
31 -220 1 31
32 195 1 32
33 544 1 33
34 332 1 34
35 -86 1 35
36 -371 1 36
37 -438 1 37
38 215 1 38
39 249 1 39
40 193 1 40
41 281 1 41
42 184 1 42
43 35 1 43
44 130 1 44
45 190 1 45
46 185 1 46
47 -226 1 47
48 249 1 48
49 -128 1 49
50 -271 1 50
51 -191 1 51
52 216 1 52
53 -288 1 53
54 283 1 54
55 340 1 55
56 69 1 56
57 -18 1 57
58 -200 1 58
59 -87 1 59
60 -292 1 60
61 32 1 61
62 154 1 62
63 548 1 63
64 371 1 64
65 149 1 65
66 586 1 66
67 552 1 67
68 651 1 68
69 335 1 69
70 35 1 70
71 2 1 71
72 -56 1 72
73 -1 1 73
74 -278 1 74
75 463 1 75
76 -211 1 76
77 440 1 77
78 657 1 78
79 439 1 79
80 263 1 80
81 -265 1 81
82 -22 1 82
83 145 1 83
84 45 1 84
85 -470 1 85
86 205 1 86
87 323 1 87
88 184 1 88
89 -300 1 89
90 503 1 90
91 -290 1 91
92 383 1 92
93 128 1 93
94 177 1 94
95 -209 1 95
96 -116 1 96
97 -192 1 97
98 250 1 98
99 -355 1 99
100 -110 1 100
101 -258 1 101
102 287 1 102
103 49 1 103
104 -372 1 104
105 -470 1 105
106 437 1 106
107 58 1 107
108 -256 1 108
109 -45 1 109
110 -49 1 110
111 242 1 111
112 439 1 112
113 223 1 113
114 49 1 114
115 241 1 115
116 387 1 116
117 -62 1 117
118 145 1 118
119 837 1 119
120 223 1 120
121 -425 1 121
122 199 1 122
123 -80 1 123
124 91 1 124
125 307 1 125
126 -363 1 126
127 -519 1 127
128 -115 1 128
129 115 1 129
130 -151 1 130
131 -413 1 131
132 -155 1 132
133 554 1 133
134 485 1 134
135 533 1 135
136 -357 1 136
137 193 1 137
138 -4 1 138
139 -333 1 139
140 561 1 140
141 67 1 141
142 118 1 142
143 158 1 143
144 560 1 144
145 151 1 145
146 172 1 146
147 218 1 147
148 -266 1 148
149 51 1 149
150 206 1 150
151 155 1 151
152 280 1 152
153 489 1 153
154 23 1 154
155 -526 1 155
156 -176 1 156
157 135 1 157
158 246 1 158
159 256 1 159
160 141 1 160
161 -289 1 161
162 -146 1 162
163 189 1 163
164 -55 1 164
165 -2 1 165
166 184 1 166
167 -166 1 167
168 -30 1 168
169 -345 1 169
170 -130 1 170
171 -311 1 171
172 -246 1 172
173 828 1 173
174 148 1 174
175 294 1 175
176 -11 1 176
177 42 1 177
178 -148 1 178
179 105 1 179
180 90 1 180
181 14 1 181
182 199 1 182
183 349 1 183
184 333 1 184
185 61 1 185
186 230 1 186
187 247 1 187
188 -118 1 188
189 420 1 189
190 149 1 190
191 -157 1 191
192 133 1 192
193 -121 1 193
194 -360 1 194
195 64 1 195
196 -723 1 196
197 209 1 197
198 -374 1 198
199 -136 1 199
200 24 1 200
201 5 1 201
202 -115 1 202
203 24 1 203
204 141 1 204
205 116 1 205
206 -311 1 206
207 -190 1 207
208 190 1 208
209 -84 1 209
210 319 1 210
211 215 1 211
212 -52 1 212
213 -210 1 213
214 74 1 214
215 -72 1 215
216 16 1 216
217 145 1 217
218 116 1 218
219 95 1 219
220 -679 1 220
221 -10 1 221
222 -188 1 222
223 373 1 223
224 566 1 224
225 190 1 225
226 33 1 226
227 68 1 227
228 61 1 228
229 -217 1 229
230 292 1 230
231 462 1 231
232 234 1 232
233 -92 1 233
234 -174 1 234
235 10 1 235
236 -172 1 236
237 -247 1 237
238 1 1 238
239 373 1 239
240 -184 1 240
241 -324 1 241
242 643 1 242
243 394 1 243
244 16 1 244
245 190 1 245
246 -412 1 246
247 -34 1 247
248 -82 1 248
249 -187 1 249
250 263 1 250
251 -136 2 1 6
252 200 2 1 18
253 -2 2 1 20
254 98 2 1 35
255 192 2 1 63
256 152 2 1 64
257 -118 2 1 68
258 -6 2 1 84
259 -162 2 1 87
260 -134 2 1 93
261 -22 2 1 94
262 130 2 1 101
263 176 2 1 108
264 18 2 1 138
265 178 2 1 156
266 66 2 1 158
267 -142 2 1 159
268 -80 2 1 163
269 -74 2 1 164
270 -36 2 1 170
271 22 2 1 171
272 138 2 1 180
273 -8 2 1 181
274 -162 2 1 203
275 -12 2 1 204
276 104 2 1 206
277 -124 2 1 210
278 -58 2 1 211
279 -48 2 1 220
280 -148 2 1 229
281 -40 2 1 232
282 -62 2 1 240
283 50 2 2 6
284 146 2 2 11
285 -40 2 2 27
286 -78 2 2 28
287 128 2 2 39
288 -170 2 2 42
289 52 2 2 51
290 -148 2 2 55
291 54 2 2 67
292 -110 2 2 81
293 -186 2 2 82
294 6 2 2 91
295 22 2 2 98
296 -148 2 2 102
297 -96 2 2 104
298 92 2 2 106
299 176 2 2 108
300 70 2 2 114
301 -148 2 2 135
302 -28 2 2 170
303 -122 2 2 191
304 62 2 2 194
305 -22 2 2 197
306 66 2 2 198
307 -70 2 2 199
308 -182 2 2 215
309 174 2 2 249
310 -156 2 3 5
311 -190 2 3 8
312 48 2 3 17
313 -126 2 3 18
314 -48 2 3 47
315 -134 2 3 54
316 2 2 3 72
317 -160 2 3 74
318 24 2 3 77
319 -58 2 3 84
320 -190 2 3 85
321 88 2 3 87
322 -110 2 3 97
323 -136 2 3 101
324 -88 2 3 111
325 12 2 3 112
326 124 2 3 124
327 -146 2 3 153
328 -102 2 3 168
329 -74 2 3 172
330 -178 2 3 175
331 16 2 3 177
332 -82 2 3 203
333 -198 2 3 248
334 86 2 4 6
335 -68 2 4 15
336 182 2 4 23
337 166 2 4 25
338 158 2 4 27
339 -12 2 4 36
340 -20 2 4 72
341 70 2 4 80
342 88 2 4 82
343 -176 2 4 86
344 -182 2 4 89
345 90 2 4 100
346 68 2 4 104
347 200 2 4 127
348 132 2 4 128
349 84 2 4 136
350 -148 2 4 149
351 -190 2 4 183
352 42 2 4 200
353 -120 2 4 213
354 80 2 4 214
355 128 2 4 220
356 120 2 5 12
357 -128 2 5 13
358 64 2 5 19
359 44 2 5 45
360 48 2 5 60
361 -126 2 5 67
362 -124 2 5 69
363 -110 2 5 75
364 116 2 5 94
365 -124 2 5 97
366 168 2 5 104
367 178 2 5 115
368 26 2 5 118
369 -92 2 5 146
370 -26 2 5 170
371 62 2 5 177
372 38 2 5 197
373 -56 2 5 206
374 110 2 5 214
375 64 2 5 217
376 -124 2 5 231
377 -150 2 5 235
378 106 2 5 240
379 20 2 6 8
380 36 2 6 17
381 -154 2 6 22
382 160 2 6 38
383 180 2 6 48
384 170 2 6 50
385 -90 2 6 56
386 -84 2 6 68
387 192 2 6 69
388 150 2 6 71
389 6 2 6 75
390 198 2 6 91
391 138 2 6 94
392 130 2 6 105
393 134 2 6 125
394 134 2 6 143
395 -96 2 6 144
396 74 2 6 149
397 -28 2 6 150
398 124 2 6 154
399 128 2 6 162
400 -104 2 6 177
401 6 2 6 203
402 64 2 6 225
403 88 2 6 240
404 112 2 7 30
405 78 2 7 71
406 44 2 7 75
407 -118 2 7 76
408 -180 2 7 107
409 84 2 7 123
410 -128 2 7 140
411 40 2 7 177
412 176 2 7 198
413 114 2 7 208
414 98 2 7 222
415 -90 2 7 244
416 -158 2 8 16
417 -6 2 8 24
418 -40 2 8 34
419 92 2 8 47
420 -138 2 8 62
421 10 2 8 78
422 -148 2 8 90
423 102 2 8 97
424 -94 2 8 104
425 184 2 8 125
426 54 2 8 128
427 -192 2 8 140
428 -190 2 8 147
429 -148 2 8 159
430 140 2 8 178
431 188 2 8 181
432 70 2 8 186
433 78 2 8 193
434 -108 2 8 219
435 -6 2 8 227
436 -44 2 8 244
437 -130 2 8 248
438 126 2 9 18
439 154 2 9 19
440 170 2 9 31
441 106 2 9 42
442 -158 2 9 50
443 -32 2 9 77
444 8 2 9 92
445 66 2 9 97
446 -194 2 9 102
447 -46 2 9 107
448 -186 2 9 120
449 -184 2 9 154
450 -146 2 9 161
451 -196 2 9 165
452 58 2 9 199
453 -30 2 9 205
454 -34 2 9 225
455 -34 2 9 228
456 -16 2 9 242
457 -96 2 9 247
458 24 2 9 250
459 168 2 10 20
460 -16 2 10 25
461 -30 2 10 33
462 140 2 10 42
463 -28 2 10 49
464 92 2 10 52
465 -104 2 10 56
466 144 2 10 65
467 56 2 10 84
468 78 2 10 85
469 -128 2 10 93
470 54 2 10 103
471 -44 2 10 108
472 82 2 10 147
473 -20 2 10 148
474 -18 2 10 149
475 38 2 10 162
476 12 2 10 169
477 -156 2 10 180
478 -64 2 10 195
479 38 2 10 198
480 48 2 10 204
481 -20 2 10 206
482 158 2 10 229
483 -176 2 10 232
484 -168 2 10 245
485 130 2 10 248
486 -118 2 11 22
487 94 2 11 61
488 -196 2 11 65
489 -172 2 11 75
490 8 2 11 81
491 -28 2 11 86
492 14 2 11 101
493 26 2 11 122
494 -8 2 11 125
495 -164 2 11 129
496 -128 2 11 135
497 70 2 11 148
498 116 2 11 155
499 46 2 11 169
500 92 2 11 174
501 -70 2 11 184
502 136 2 11 192
503 -170 2 11 195
504 66 2 11 199
505 -80 2 11 203
506 98 2 11 205
507 126 2 11 211
508 114 2 11 216
509 -170 2 11 219
510 154 2 11 220
511 110 2 11 227
512 -52 2 11 240
513 164 2 11 241
514 92 2 11 248
515 -28 2 12 64
516 66 2 12 76
517 54 2 12 92
518 -82 2 12 96
519 152 2 12 100
520 -154 2 12 107
521 98 2 12 108
522 -154 2 12 125
523 146 2 12 136
524 10 2 12 160
525 40 2 12 161
526 116 2 12 162
527 -186 2 12 164
528 8 2 12 209
529 190 2 12 213
530 -68 2 12 215
531 136 2 12 247
532 132 2 13 24
533 100 2 13 33
534 156 2 13 36
535 46 2 13 46
536 -14 2 13 50
537 178 2 13 53
538 160 2 13 62
539 150 2 13 63
540 -84 2 13 64
541 166 2 13 72
542 -16 2 13 76
543 -8 2 13 92
544 140 2 13 101
545 116 2 13 103
546 -60 2 13 107
547 -150 2 13 119
548 8 2 13 123
549 -152 2 13 135
550 -118 2 13 136
551 98 2 13 140
552 162 2 13 156
553 -32 2 13 158
554 138 2 13 169
555 -70 2 13 170
556 -112 2 13 171
557 38 2 13 189
558 190 2 13 192
559 78 2 13 202
560 50 2 13 221
561 -162 2 13 229
562 104 2 13 230
563 148 2 14 56
564 196 2 14 57
565 -54 2 14 64
566 44 2 14 66
567 62 2 14 76
568 178 2 14 80
569 -50 2 14 94
570 8 2 14 98
571 38 2 14 108
572 -28 2 14 118
573 -116 2 14 126
574 182 2 14 154
575 114 2 14 161
576 -170 2 14 162
577 -170 2 14 175
578 34 2 14 186
579 -130 2 14 197
580 -98 2 14 203
581 -46 2 14 214
582 -2 2 14 248
583 -134 2 15 35
584 90 2 15 88
585 -36 2 15 90
586 38 2 15 109
587 126 2 15 117
588 82 2 15 131
589 46 2 15 157
590 -120 2 15 167
591 164 2 15 180
592 64 2 15 183
593 116 2 15 200
594 -142 2 15 204
595 -58 2 15 235
596 24 2 15 236
597 40 2 16 34
598 188 2 16 36
599 -72 2 16 55
600 -148 2 16 69
601 -194 2 16 74
602 6 2 16 83
603 -128 2 16 87
604 -188 2 16 103
605 72 2 16 105
606 144 2 16 106
607 -144 2 16 120
608 178 2 16 131
609 172 2 16 132
610 -86 2 16 144
611 68 2 16 171
612 106 2 16 178
613 -144 2 16 202
614 -64 2 16 222
615 114 2 16 226
616 90 2 16 235
617 88 2 16 246
618 -66 2 16 248
619 114 2 17 24
620 -176 2 17 37
621 -152 2 17 39
622 144 2 17 42
623 -194 2 17 43
624 -174 2 17 44
625 80 2 17 46
626 128 2 17 49
627 -162 2 17 64
628 44 2 17 65
629 -118 2 17 69
630 166 2 17 76
631 116 2 17 85
632 -144 2 17 103
633 -196 2 17 106
634 -58 2 17 116
635 -88 2 17 140
636 -198 2 17 151
637 -30 2 17 171
638 28 2 17 173
639 188 2 17 178
640 -60 2 17 188
641 110 2 17 195
642 36 2 17 222
643 160 2 17 227
644 18 2 17 236
645 -198 2 17 239
646 122 2 18 23
647 -186 2 18 24
648 110 2 18 29
649 134 2 18 36
650 -134 2 18 63
651 14 2 18 65
652 -58 2 18 73
653 184 2 18 76
654 124 2 18 94
655 -58 2 18 95
656 -130 2 18 104
657 -82 2 18 106
658 -70 2 18 115
659 -130 2 18 162
660 -138 2 18 179
661 -156 2 18 186
662 86 2 18 188
663 -142 2 18 189
664 -42 2 18 192
665 156 2 18 205
666 -4 2 18 218
667 4 2 18 221
668 -48 2 18 222
669 104 2 18 229
670 -112 2 18 248
671 158 2 19 49
672 -180 2 19 60
673 -74 2 19 74
674 2 2 19 80
675 164 2 19 104
676 -90 2 19 119
677 -60 2 19 125
678 130 2 19 126
679 106 2 19 130
680 34 2 19 134
681 104 2 19 144
682 118 2 19 145
683 14 2 19 156
684 -90 2 19 158
685 -44 2 19 175
686 -178 2 19 177
687 114 2 19 199
688 -114 2 19 211
689 -40 2 19 229
690 -66 2 19 241
691 108 2 19 247
692 194 2 20 32
693 194 2 20 37
694 48 2 20 41
695 -126 2 20 49
696 -170 2 20 61
697 -146 2 20 63
698 -124 2 20 64
699 -14 2 20 73
700 72 2 20 74
701 90 2 20 80
702 -152 2 20 83
703 -196 2 20 107
704 -108 2 20 108
705 56 2 20 116
706 168 2 20 120
707 56 2 20 126
708 86 2 20 131
709 112 2 20 137
710 180 2 20 155
711 -158 2 20 171
712 158 2 20 186
713 -138 2 20 187
714 -18 2 21 32
715 104 2 21 45
716 122 2 21 62
717 -16 2 21 66
718 16 2 21 72
719 20 2 21 75
720 16 2 21 89
721 -82 2 21 98
722 78 2 21 112
723 100 2 21 123
724 -128 2 21 131
725 -2 2 21 138
726 -180 2 21 144
727 70 2 21 158
728 -120 2 21 167
729 58 2 21 191
730 -50 2 21 192
731 98 2 21 216
732 -50 2 21 221
733 128 2 22 27
734 -86 2 22 45
735 98 2 22 46
736 -26 2 22 50
737 118 2 22 53
738 -190 2 22 61
739 -150 2 22 72
740 -120 2 22 92
741 -182 2 22 107
742 196 2 22 117
743 -120 2 22 137
744 -104 2 22 141
745 148 2 22 167
746 -192 2 22 185
747 -78 2 22 189
748 46 2 22 193
749 -20 2 22 197
750 -8 2 22 206
751 -66 2 22 211
752 -42 2 22 217
753 -118 2 22 222
754 -184 2 23 24
755 -94 2 23 33
756 84 2 23 34
757 -170 2 23 40
758 -16 2 23 57
759 -34 2 23 62
760 154 2 23 66
761 -4 2 23 70
762 72 2 23 72
763 30 2 23 83
764 -182 2 23 112
765 30 2 23 116
766 -154 2 23 119
767 -170 2 23 134
768 126 2 23 139
769 36 2 23 153
770 -24 2 23 158
771 -28 2 23 160
772 128 2 23 170
773 -150 2 23 171
774 150 2 23 175
775 24 2 23 181
776 -188 2 23 205
777 -146 2 23 222
778 -60 2 23 235
779 166 2 24 28
780 -154 2 24 32
781 -88 2 24 40
782 -140 2 24 55
783 -180 2 24 65
784 -144 2 24 79
785 122 2 24 100
786 -86 2 24 108
787 -86 2 24 112
788 170 2 24 117
789 42 2 24 123
790 72 2 24 135
791 20 2 24 146
792 -78 2 24 151
793 182 2 24 173
794 -34 2 24 190
795 156 2 24 196
796 -148 2 24 198
797 -108 2 24 219
798 -72 2 24 227
799 178 2 25 37
800 -192 2 25 40
801 -52 2 25 45
802 -90 2 25 47
803 102 2 25 50
804 114 2 25 58
805 108 2 25 59
806 128 2 25 72
807 -158 2 25 79
808 116 2 25 115
809 -52 2 25 139
810 38 2 25 152
811 32 2 25 160
812 -96 2 25 178
813 -184 2 25 198
814 -68 2 25 213
815 104 2 25 216
816 -38 2 26 27
817 -142 2 26 28
818 100 2 26 33
819 -10 2 26 48
820 74 2 26 52
821 -124 2 26 69
822 -40 2 26 70
823 -182 2 26 77
824 116 2 26 96
825 172 2 26 99
826 -174 2 26 111
827 -182 2 26 123
828 156 2 26 142
829 134 2 26 160
830 -170 2 26 161
831 82 2 26 163
832 48 2 26 170
833 -36 2 26 173
834 -102 2 26 182
835 -40 2 26 185
836 -110 2 26 193
837 186 2 26 206
838 86 2 26 244
839 -126 2 27 31
840 174 2 27 35
841 128 2 27 43
842 12 2 27 59
843 -180 2 27 135
844 56 2 27 137
845 -112 2 27 143
846 -194 2 27 150
847 -68 2 27 158
848 162 2 27 171
849 -124 2 27 195
850 -80 2 27 224
851 -56 2 27 227
852 58 2 27 241
853 76 2 27 244
854 186 2 27 250
855 -104 2 28 54
856 -24 2 28 55
857 166 2 28 59
858 176 2 28 74
859 -38 2 28 77
860 160 2 28 78
861 -38 2 28 84
862 72 2 28 89
863 134 2 28 99
864 -198 2 28 100
865 90 2 28 116
866 -92 2 28 118
867 96 2 28 147
868 -148 2 28 159
869 -194 2 28 163
870 -170 2 28 165
871 198 2 28 176
872 -44 2 28 218
873 154 2 28 227
874 -190 2 28 233
875 40 2 28 236
876 -178 2 28 242
877 52 2 29 39
878 46 2 29 60
879 138 2 29 68
880 62 2 29 74
881 156 2 29 77
882 -86 2 29 119
883 12 2 29 121
884 -134 2 29 122
885 72 2 29 123
886 102 2 29 126
887 -110 2 29 128
888 -124 2 29 156
889 -172 2 29 161
890 -90 2 29 166
891 -186 2 29 185
892 -106 2 29 224
893 -24 2 29 243
894 -178 2 29 244
895 -128 2 29 247
896 -64 2 30 41
897 -28 2 30 51
898 44 2 30 57
899 -2 2 30 66
900 -50 2 30 72
901 -102 2 30 73
902 144 2 30 87
903 -112 2 30 88
904 108 2 30 103
905 -122 2 30 104
906 106 2 30 106
907 140 2 30 116
908 132 2 30 117
909 -150 2 30 121
910 -156 2 30 124
911 -64 2 30 127
912 182 2 30 131
913 86 2 30 134
914 200 2 30 141
915 -170 2 30 142
916 -158 2 30 143
917 200 2 30 144
918 -2 2 30 151
919 -150 2 30 181
920 72 2 30 186
921 66 2 30 188
922 92 2 30 195
923 108 2 30 203
924 84 2 30 205
925 158 2 30 220
926 -96 2 31 43
927 -88 2 31 45
928 -52 2 31 58
929 78 2 31 60
930 126 2 31 95
931 -96 2 31 106
932 172 2 31 108
933 -90 2 31 114
934 168 2 31 148
935 -38 2 31 150
936 66 2 31 158
937 -94 2 31 191
938 146 2 31 231
939 178 2 31 234
940 16 2 31 237
941 78 2 32 65
942 -124 2 32 68
943 60 2 32 75
944 -30 2 32 86
945 86 2 32 89
946 -146 2 32 116
947 34 2 32 127
948 -196 2 32 129
949 -162 2 32 164
950 -76 2 32 190
951 -28 2 32 193
952 -116 2 32 197
953 74 2 32 201
954 -150 2 32 205
955 -94 2 32 211
956 -4 2 32 212
957 24 2 32 222
958 188 2 32 236
959 -22 2 32 238
960 192 2 32 240
961 -178 2 33 41
962 -198 2 33 48
963 38 2 33 49
964 -166 2 33 52
965 -12 2 33 65
966 -164 2 33 75
967 -126 2 33 86
968 -178 2 33 95
969 -126 2 33 108
970 -60 2 33 118
971 66 2 33 135
972 48 2 33 145
973 176 2 33 146
974 -52 2 33 159
975 -162 2 33 164
976 112 2 33 190
977 76 2 33 191
978 -190 2 33 197
979 118 2 33 241
980 -186 2 33 243
981 -44 2 34 35
982 -68 2 34 37
983 -188 2 34 45
984 78 2 34 57
985 -34 2 34 64
986 -116 2 34 66
987 52 2 34 77
988 -74 2 34 78
989 -96 2 34 100
990 -16 2 34 112
991 -122 2 34 113
992 -18 2 34 133
993 78 2 34 159
994 -106 2 34 160
995 -178 2 34 162
996 -186 2 34 163
997 22 2 34 173
998 34 2 34 181
999 26 2 34 204
1000 130 2 34 206
1001 -172 2 34 212
1002 -108 2 34 214
1003 174 2 34 228
1004 184 2 34 234
1005 -40 2 35 48
1006 -196 2 35 87
1007 -128 2 35 133
1008 -140 2 35 145
1009 116 2 35 151
1010 -160 2 35 158
1011 -80 2 35 173
1012 -158 2 35 183
1013 48 2 35 184
1014 110 2 35 186
1015 -50 2 35 187
1016 96 2 35 202
1017 32 2 35 205
1018 148 2 35 212
1019 136 2 35 219
1020 -62 2 35 222
1021 40 2 35 231
1022 -34 2 35 241
1023 158 2 35 245
1024 156 2 35 247
1025 86 2 35 248
1026 52 2 36 38
1027 -38 2 36 58
1028 124 2 36 59
1029 -72 2 36 64
1030 78 2 36 80
1031 -74 2 36 91
1032 82 2 36 94
1033 42 2 36 95
1034 -112 2 36 103
1035 10 2 36 108
1036 120 2 36 137
1037 92 2 36 139
1038 -154 2 36 145
1039 74 2 36 158
1040 -94 2 36 183
1041 182 2 36 193
1042 58 2 36 199
1043 -100 2 36 205
1044 194 2 36 212
1045 104 2 36 214
1046 -74 2 36 221
1047 178 2 36 223
1048 -140 2 36 224
1049 -102 2 36 227
1050 106 2 36 244
1051 -164 2 36 246
1052 -96 2 36 249
1053 -44 2 37 47
1054 120 2 37 48
1055 166 2 37 63
1056 -182 2 37 74
1057 108 2 37 79
1058 132 2 37 84
1059 180 2 37 125
1060 60 2 37 130
1061 172 2 37 131
1062 48 2 37 136
1063 12 2 37 139
1064 -34 2 37 158
1065 -94 2 37 160
1066 158 2 37 177
1067 -144 2 37 180
1068 32 2 37 197
1069 12 2 37 200
1070 18 2 37 204
1071 -128 2 37 206
1072 -6 2 37 214
1073 -14 2 37 217
1074 120 2 37 226
1075 66 2 37 227
1076 -42 2 37 229
1077 66 2 37 232
1078 -34 2 37 250
1079 -124 2 38 40
1080 44 2 38 43
1081 -120 2 38 49
1082 -36 2 38 68
1083 -172 2 38 128
1084 -84 2 38 189
1085 -86 2 38 227
1086 -150 2 38 238
1087 86 2 38 241
1088 -28 2 39 49
1089 -166 2 39 67
1090 -104 2 39 77
1091 -192 2 39 86
1092 80 2 39 104
1093 76 2 39 117
1094 -198 2 39 124
1095 -124 2 39 141
1096 36 2 39 157
1097 190 2 39 161
1098 -32 2 39 168
1099 170 2 39 180
1100 -46 2 39 200
1101 -102 2 39 202
1102 -92 2 39 239
1103 72 2 39 246
1104 -66 2 39 250
1105 42 2 40 59
1106 172 2 40 84
1107 140 2 40 92
1108 -162 2 40 98
1109 18 2 40 100
1110 78 2 40 106
1111 12 2 40 120
1112 -126 2 40 129
1113 -74 2 40 132
1114 -154 2 40 146
1115 66 2 40 177
1116 48 2 40 181
1117 -6 2 40 198
1118 132 2 40 225
1119 -104 2 40 226
1120 130 2 40 232
1121 70 2 40 237
1122 -108 2 40 239
1123 -2 2 40 240
1124 16 2 40 250
1125 -66 2 41 43
1126 -92 2 41 62
1127 -98 2 41 68
1128 146 2 41 72
1129 102 2 41 73
1130 -178 2 41 76
1131 192 2 41 96
1132 28 2 41 102
1133 -56 2 41 107
1134 -34 2 41 108
1135 -52 2 41 116
1136 124 2 41 162
1137 -146 2 41 166
1138 -30 2 41 176
1139 -26 2 41 180
1140 -184 2 41 183
1141 114 2 41 208
1142 -120 2 41 212
1143 -36 2 41 229
1144 44 2 41 235
1145 -180 2 42 51
1146 36 2 42 68
1147 114 2 42 70
1148 138 2 42 72
1149 -114 2 42 87
1150 104 2 42 125
1151 -196 2 42 126
1152 -140 2 42 131
1153 130 2 42 142
1154 -184 2 42 157
1155 -176 2 42 191
1156 190 2 42 194
1157 -162 2 42 200
1158 -180 2 42 208
1159 -148 2 42 219
1160 18 2 42 229
1161 162 2 42 248
1162 170 2 43 44
1163 188 2 43 45
1164 148 2 43 49
1165 90 2 43 56
1166 34 2 43 67
1167 86 2 43 73
1168 -158 2 43 75
1169 -48 2 43 83
1170 118 2 43 84
1171 196 2 43 87
1172 20 2 43 100
1173 -98 2 43 108
1174 -188 2 43 137
1175 -124 2 43 141
1176 -102 2 43 170
1177 -136 2 43 174
1178 -92 2 43 192
1179 -156 2 43 195
1180 176 2 43 196
1181 154 2 43 202
1182 134 2 43 209
1183 -136 2 43 210
1184 -118 2 43 230
1185 -44 2 43 239
1186 -56 2 44 51
1187 170 2 44 76
1188 128 2 44 93
1189 -82 2 44 133
1190 -88 2 44 146
1191 -84 2 44 151
1192 62 2 44 160
1193 56 2 44 171
1194 -44 2 44 179
1195 62 2 44 187
1196 96 2 44 190
1197 -154 2 44 192
1198 -102 2 44 206
1199 58 2 44 211
1200 -180 2 44 212
1201 134 2 44 213
1202 -152 2 44 223
1203 -168 2 44 230
1204 88 2 44 248
1205 52 2 45 50
1206 -176 2 45 57
1207 188 2 45 85
1208 -130 2 45 88
1209 -180 2 45 94
1210 74 2 45 97
1211 168 2 45 102
1212 92 2 45 114
1213 -108 2 45 118
1214 -162 2 45 133
1215 -106 2 45 137
1216 -118 2 45 143
1217 76 2 45 151
1218 -120 2 45 156
1219 88 2 45 158
1220 32 2 45 173
1221 124 2 45 178
1222 -138 2 45 183
1223 192 2 45 184
1224 -44 2 45 190
1225 144 2 45 208
1226 -78 2 45 226
1227 156 2 45 227
1228 -172 2 45 241
1229 -156 2 45 245
1230 174 2 46 51
1231 112 2 46 82
1232 -154 2 46 83
1233 -168 2 46 97
1234 -62 2 46 100
1235 -172 2 46 116
1236 -114 2 46 117
1237 -68 2 46 128
1238 -24 2 46 138
1239 -72 2 46 141
1240 38 2 46 143
1241 132 2 46 153
1242 -86 2 46 160
1243 86 2 46 165
1244 -102 2 46 169
1245 -50 2 46 197
1246 -164 2 46 210
1247 150 2 46 220
1248 -198 2 46 228
1249 148 2 46 241
1250 12 2 47 69
1251 -66 2 47 71
1252 -192 2 47 77
1253 194 2 47 85
1254 122 2 47 100
1255 72 2 47 104
1256 -100 2 47 118
1257 -38 2 47 129
1258 -170 2 47 133
1259 114 2 47 145
1260 52 2 47 150
1261 60 2 47 166
1262 186 2 47 167
1263 134 2 47 205
1264 176 2 47 228
1265 -72 2 47 239
1266 -38 2 47 240
1267 96 2 47 250
1268 194 2 48 57
1269 -30 2 48 82
1270 36 2 48 107
1271 -172 2 48 110
1272 -194 2 48 119
1273 84 2 48 136
1274 58 2 48 137
1275 -26 2 48 138
1276 -36 2 48 148
1277 -16 2 48 154
1278 -168 2 48 184
1279 20 2 48 198
1280 -118 2 48 210
1281 -8 2 48 218
1282 -186 2 48 225
1283 -154 2 48 231
1284 -70 2 48 235
1285 102 2 48 237
1286 134 2 48 246
1287 -168 2 49 50
1288 -80 2 49 53
1289 2 2 49 69
1290 -54 2 49 77
1291 92 2 49 84
1292 132 2 49 85
1293 186 2 49 87
1294 124 2 49 99
1295 -62 2 49 113
1296 -102 2 49 114
1297 -138 2 49 138
1298 -96 2 49 139
1299 172 2 49 157
1300 96 2 49 174
1301 140 2 49 181
1302 138 2 49 189
1303 -24 2 49 193
1304 -36 2 49 198
1305 84 2 49 202
1306 -48 2 49 216
1307 102 2 49 234
1308 -162 2 49 235
1309 -80 2 49 242
1310 -132 2 49 250
1311 190 2 50 57
1312 156 2 50 58
1313 -66 2 50 65
1314 4 2 50 68
1315 -46 2 50 73
1316 -144 2 50 92
1317 -102 2 50 106
1318 46 2 50 108
1319 -128 2 50 110
1320 -146 2 50 120
1321 110 2 50 138
1322 140 2 50 157
1323 110 2 50 183
1324 194 2 50 198
1325 60 2 50 201
1326 4 2 50 218
1327 84 2 50 225
1328 -44 2 50 227
1329 -14 2 50 230
1330 -90 2 50 234
1331 194 2 50 244
1332 72 2 50 247
1333 -90 2 51 60
1334 26 2 51 63
1335 198 2 51 77
1336 -128 2 51 88
1337 154 2 51 102
1338 112 2 51 118
1339 162 2 51 128
1340 -78 2 51 156
1341 -122 2 51 162
1342 48 2 51 169
1343 2 2 51 173
1344 48 2 51 188
1345 -106 2 51 202
1346 -12 2 51 203
1347 -130 2 51 207
1348 190 2 51 211
1349 26 2 51 216
1350 120 2 51 249
1351 -36 2 52 72
1352 -188 2 52 109
1353 150 2 52 111
1354 -88 2 52 117
1355 -66 2 52 137
1356 124 2 52 148
1357 -170 2 52 149
1358 14 2 52 169
1359 -176 2 52 174
1360 174 2 52 175
1361 -114 2 52 180
1362 -48 2 52 186
1363 96 2 52 188
1364 -102 2 52 191
1365 16 2 52 193
1366 152 2 52 198
1367 -142 2 52 205
1368 -134 2 52 223
1369 50 2 52 225
1370 -72 2 52 235
1371 128 2 52 237
1372 -114 2 53 55
1373 76 2 53 59
1374 32 2 53 63
1375 160 2 53 73
1376 116 2 53 85
1377 -134 2 53 90
1378 12 2 53 108
1379 142 2 53 116
1380 -44 2 53 121
1381 -44 2 53 126
1382 -12 2 53 138
1383 -138 2 53 140
1384 102 2 53 144
1385 58 2 53 160
1386 14 2 53 168
1387 -80 2 53 185
1388 74 2 53 191
1389 178 2 53 212
1390 -38 2 53 250
1391 6 2 54 66
1392 -4 2 54 68
1393 2 2 54 89
1394 -36 2 54 91
1395 -174 2 54 92
1396 134 2 54 103
1397 -178 2 54 114
1398 62 2 54 130
1399 -98 2 54 141
1400 136 2 54 150
1401 94 2 54 156
1402 -80 2 54 157
1403 176 2 54 160
1404 126 2 54 170
1405 -126 2 54 172
1406 -92 2 54 177
1407 -168 2 54 181
1408 54 2 54 189
1409 -46 2 54 201
1410 -18 2 54 232
1411 -4 2 54 243
1412 -94 2 54 249
1413 -16 2 55 72
1414 198 2 55 84
1415 -104 2 55 90
1416 -32 2 55 108
1417 140 2 55 143
1418 126 2 55 156
1419 -132 2 55 166
1420 158 2 55 179
1421 -86 2 55 186
1422 -186 2 55 189
1423 -28 2 55 193
1424 112 2 55 201
1425 -10 2 55 205
1426 -120 2 55 208
1427 -30 2 55 216
1428 18 2 55 223
1429 -176 2 55 225
1430 -172 2 55 226
1431 -32 2 55 241
1432 114 2 55 244
1433 76 2 55 250
1434 6 2 56 62
1435 38 2 56 64
1436 78 2 56 65
1437 -102 2 56 73
1438 100 2 56 100
1439 -52 2 56 120
1440 -44 2 56 129
1441 20 2 56 131
1442 40 2 56 137
1443 -64 2 56 144
1444 -80 2 56 148
1445 -88 2 56 150
1446 34 2 56 159
1447 48 2 56 165
1448 -196 2 56 168
1449 -104 2 56 172
1450 148 2 56 193
1451 -136 2 56 198
1452 -4 2 56 225
1453 184 2 56 226
1454 -8 2 56 246
1455 112 2 57 70
1456 -26 2 57 80
1457 -16 2 57 92
1458 -66 2 57 112
1459 -146 2 57 151
1460 -160 2 57 153
1461 124 2 57 154
1462 -126 2 57 166
1463 106 2 57 183
1464 -184 2 57 201
1465 -60 2 57 204
1466 -32 2 57 232
1467 4 2 58 60
1468 -54 2 58 67
1469 -14 2 58 68
1470 200 2 58 69
1471 194 2 58 111
1472 -184 2 58 117
1473 64 2 58 131
1474 94 2 58 164
1475 126 2 58 175
1476 -114 2 58 189
1477 14 2 58 192
1478 -144 2 58 195
1479 178 2 58 198
1480 102 2 58 209
1481 116 2 58 223
1482 -134 2 58 227
1483 -150 2 58 236
1484 -78 2 58 238
1485 -92 2 59 65
1486 -174 2 59 71
1487 -132 2 59 80
1488 -192 2 59 84
1489 -30 2 59 97
1490 38 2 59 103
1491 152 2 59 104
1492 170 2 59 105
1493 -38 2 59 120
1494 82 2 59 143
1495 184 2 59 147
1496 174 2 59 148
1497 40 2 59 161
1498 -94 2 59 164
1499 -72 2 59 177
1500 -142 2 59 182
1501 -56 2 59 183
1502 -118 2 59 184
1503 -28 2 59 185
1504 -102 2 59 218
1505 182 2 59 220
1506 -34 2 59 223
1507 -72 2 59 236
1508 -26 2 60 66
1509 -82 2 60 70
1510 74 2 60 88
1511 -42 2 60 92
1512 120 2 60 110
1513 72 2 60 117
1514 70 2 60 127
1515 -108 2 60 135
1516 102 2 60 138
1517 -48 2 60 148
1518 -76 2 60 152
1519 -32 2 60 160
1520 -72 2 60 168
1521 32 2 60 173
1522 178 2 60 195
1523 -14 2 60 205
1524 -34 2 60 209
1525 80 2 60 220
1526 142 2 60 230
1527 196 2 60 241
1528 146 2 60 248
1529 -128 2 61 63
1530 -72 2 61 77
1531 -64 2 61 79
1532 -170 2 61 90
1533 96 2 61 94
1534 62 2 61 96
1535 30 2 61 98
1536 56 2 61 99
1537 -130 2 61 104
1538 98 2 61 114
1539 38 2 61 128
1540 -14 2 61 142
1541 -2 2 61 151
1542 -148 2 61 153
1543 42 2 61 169
1544 -128 2 61 173
1545 -46 2 61 180
1546 180 2 61 190
1547 110 2 61 209
1548 126 2 61 220
1549 166 2 61 221
1550 174 2 61 222
1551 -132 2 61 230
1552 58 2 61 246
1553 -8 2 62 77
1554 -84 2 62 83
1555 56 2 62 92
1556 -2 2 62 102
1557 -168 2 62 109
1558 -160 2 62 125
1559 -24 2 62 148
1560 66 2 62 155
1561 -104 2 62 163
1562 -154 2 62 169
1563 -20 2 62 200
1564 12 2 62 202
1565 140 2 62 204
1566 50 2 62 205
1567 162 2 62 211
1568 14 2 62 226
1569 36 2 62 238
1570 -144 2 62 243
1571 -144 2 63 73
1572 78 2 63 75
1573 -112 2 63 76
1574 -118 2 63 78
1575 -30 2 63 87
1576 -134 2 63 90
1577 -188 2 63 99
1578 -186 2 63 111
1579 -130 2 63 115
1580 -38 2 63 116
1581 34 2 63 146
1582 -24 2 63 158
1583 50 2 63 160
1584 -118 2 63 165
1585 -32 2 63 171
1586 140 2 63 191
1587 114 2 63 193
1588 -150 2 63 199
1589 -48 2 63 204
1590 -166 2 63 213
1591 -142 2 63 218
1592 74 2 63 232
1593 -78 2 63 235
1594 94 2 63 248
1595 -122 2 64 75
1596 -198 2 64 78
1597 190 2 64 85
1598 -86 2 64 102
1599 -86 2 64 117
1600 -112 2 64 119
1601 -164 2 64 125
1602 -130 2 64 136
1603 84 2 64 143
1604 -54 2 64 173
1605 120 2 64 185
1606 -96 2 64 235
1607 -18 2 64 239
1608 124 2 64 243
1609 174 2 64 250
1610 198 2 65 71
1611 -14 2 65 80
1612 -2 2 65 89
1613 182 2 65 99
1614 32 2 65 138
1615 -116 2 65 153
1616 -162 2 65 154
1617 -158 2 65 177
1618 -30 2 65 225
1619 -120 2 65 234
1620 -44 2 65 236
1621 124 2 65 244
1622 142 2 66 74
1623 -154 2 66 79
1624 -188 2 66 92
1625 -20 2 66 95
1626 6 2 66 112
1627 -126 2 66 117
1628 -156 2 66 119
1629 -144 2 66 120
1630 -126 2 66 132
1631 24 2 66 141
1632 -104 2 66 146
1633 -132 2 66 158
1634 -150 2 66 173
1635 -88 2 66 181
1636 14 2 66 190
1637 92 2 66 200
1638 -82 2 66 207
1639 -124 2 66 217
1640 186 2 66 221
1641 58 2 66 238
1642 -120 2 66 245
1643 -24 2 66 248
1644 -60 2 67 72
1645 -190 2 67 77
1646 178 2 67 89
1647 -186 2 67 92
1648 -120 2 67 102
1649 108 2 67 103
1650 -146 2 67 145
1651 12 2 67 149
1652 -106 2 67 153
1653 -50 2 67 160
1654 -142 2 67 165
1655 4 2 67 167
1656 68 2 67 175
1657 194 2 67 191
1658 -24 2 67 194
1659 -62 2 67 220
1660 -164 2 67 226
1661 -14 2 67 230
1662 -70 2 67 240
1663 -76 2 67 243
1664 28 2 68 71
1665 -70 2 68 75
1666 -18 2 68 79
1667 -122 2 68 84
1668 170 2 68 86
1669 38 2 68 88
1670 -92 2 68 90
1671 -24 2 68 106
1672 -176 2 68 110
1673 -126 2 68 119
1674 102 2 68 136
1675 -130 2 68 151
1676 -88 2 68 160
1677 -188 2 68 167
1678 118 2 68 169
1679 -68 2 68 175
1680 -96 2 68 176
1681 -190 2 68 179
1682 74 2 68 204
1683 -140 2 68 212
1684 182 2 68 215
1685 -90 2 68 219
1686 -96 2 68 239
1687 66 2 69 75
1688 56 2 69 94
1689 106 2 69 96
1690 102 2 69 109
1691 108 2 69 111
1692 -144 2 69 116
1693 -80 2 69 117
1694 -156 2 69 121
1695 -18 2 69 126
1696 36 2 69 135
1697 -124 2 69 137
1698 -30 2 69 142
1699 -6 2 69 145
1700 -108 2 69 146
1701 -124 2 69 180
1702 -162 2 69 181
1703 152 2 69 213
1704 -140 2 69 219
1705 -96 2 69 242
1706 46 2 70 92
1707 -184 2 70 93
1708 106 2 70 110
1709 -198 2 70 114
1710 -14 2 70 115
1711 -102 2 70 117
1712 -66 2 70 137
1713 -42 2 70 140
1714 -94 2 70 150
1715 -122 2 70 156
1716 124 2 70 162
1717 68 2 70 164
1718 184 2 70 174
1719 -172 2 70 175
1720 -84 2 70 181
1721 152 2 70 190
1722 122 2 70 207
1723 106 2 70 247
1724 -38 2 71 72
1725 -16 2 71 80
1726 114 2 71 86
1727 144 2 71 91
1728 -158 2 71 125
1729 -76 2 71 153
1730 -190 2 71 158
1731 40 2 71 166
1732 -192 2 71 173
1733 -150 2 71 181
1734 190 2 71 183
1735 88 2 71 185
1736 74 2 71 186
1737 -166 2 71 190
1738 76 2 71 194
1739 -26 2 71 198
1740 -194 2 71 201
1741 -84 2 71 208
1742 82 2 71 213
1743 4 2 71 218
1744 60 2 71 222
1745 192 2 71 238
1746 8 2 71 243
1747 62 2 72 77
1748 -96 2 72 85
1749 -2 2 72 95
1750 -134 2 72 96
1751 -18 2 72 114
1752 -62 2 72 120
1753 -106 2 72 146
1754 -184 2 72 159
1755 -126 2 72 164
1756 132 2 72 172
1757 142 2 72 186
1758 92 2 72 190
1759 102 2 72 191
1760 -58 2 72 218
1761 160 2 72 221
1762 -150 2 72 240
1763 60 2 72 244
1764 -80 2 73 74
1765 -132 2 73 75
1766 120 2 73 88
1767 -50 2 73 92
1768 190 2 73 97
1769 22 2 73 103
1770 102 2 73 122
1771 -134 2 73 125
1772 -20 2 73 127
1773 162 2 73 165
1774 86 2 73 176
1775 -68 2 73 185
1776 -166 2 73 191
1777 40 2 73 218
1778 -40 2 73 221
1779 -90 2 73 223
1780 -48 2 73 228
1781 -6 2 73 233
1782 140 2 73 234
1783 -158 2 73 237
1784 106 2 73 239
1785 144 2 73 245
1786 86 2 74 81
1787 56 2 74 99
1788 180 2 74 101
1789 148 2 74 105
1790 92 2 74 118
1791 162 2 74 123
1792 154 2 74 126
1793 200 2 74 127
1794 -74 2 74 134
1795 -148 2 74 142
1796 -154 2 74 144
1797 120 2 74 165
1798 -64 2 74 168
1799 122 2 74 175
1800 -102 2 74 177
1801 -24 2 74 182
1802 -190 2 74 192
1803 118 2 74 228
1804 112 2 74 236
1805 156 2 75 81
1806 150 2 75 99
1807 -168 2 75 103
1808 -22 2 75 104
1809 106 2 75 108
1810 -84 2 75 112
1811 146 2 75 117
1812 -136 2 75 125
1813 84 2 75 131
1814 -144 2 75 146
1815 -166 2 75 152
1816 -14 2 75 158
1817 -124 2 75 178
1818 30 2 75 188
1819 -16 2 75 193
1820 150 2 75 195
1821 -18 2 75 200
1822 130 2 75 203
1823 8 2 75 219
1824 -158 2 75 225
1825 -182 2 75 228
1826 56 2 76 88
1827 -78 2 76 97
1828 -186 2 76 119
1829 78 2 76 125
1830 76 2 76 133
1831 104 2 76 149
1832 132 2 76 164
1833 -146 2 76 184
1834 152 2 76 192
1835 -42 2 76 193
1836 186 2 76 202
1837 -182 2 76 218
1838 -24 2 76 232
1839 -100 2 76 240
1840 -22 2 76 243
1841 194 2 76 245
1842 -100 2 77 107
1843 -22 2 77 120
1844 130 2 77 135
1845 -150 2 77 146
1846 166 2 77 159
1847 -164 2 77 169
1848 -84 2 77 173
1849 -102 2 77 187
1850 -154 2 77 221
1851 192 2 77 233
1852 -152 2 77 235
1853 184 2 77 240
1854 -102 2 77 245
1855 -142 2 77 250
1856 -154 2 78 85
1857 -102 2 78 90
1858 -178 2 78 98
1859 196 2 78 99
1860 -54 2 78 101
1861 -146 2 78 107
1862 -180 2 78 119
1863 -180 2 78 121
1864 -40 2 78 124
1865 -170 2 78 141
1866 -18 2 78 143
1867 68 2 78 156
1868 16 2 78 160
1869 -184 2 78 179
1870 -36 2 78 219
1871 18 2 78 220
1872 -174 2 78 224
1873 62 2 78 231
1874 162 2 78 249
1875 46 2 79 89
1876 -110 2 79 102
1877 58 2 79 106
1878 -150 2 79 112
1879 48 2 79 125
1880 -82 2 79 135
1881 80 2 79 146
1882 -148 2 79 149
1883 80 2 79 160
1884 28 2 79 163
1885 -164 2 79 164
1886 124 2 79 169
1887 74 2 79 180
1888 -74 2 79 201
1889 86 2 79 209
1890 -144 2 79 212
1891 16 2 79 218
1892 -34 2 79 220
1893 -6 2 79 225
1894 -148 2 79 226
1895 -28 2 79 239
1896 -190 2 80 81
1897 -76 2 80 100
1898 -60 2 80 185
1899 -8 2 80 189
1900 -194 2 80 192
1901 -50 2 80 193
1902 -60 2 80 207
1903 -110 2 80 210
1904 32 2 80 220
1905 -40 2 80 221
1906 52 2 81 93
1907 148 2 81 108
1908 -120 2 81 109
1909 12 2 81 114
1910 -12 2 81 115
1911 186 2 81 116
1912 -156 2 81 122
1913 186 2 81 124
1914 156 2 81 126
1915 122 2 81 142
1916 -72 2 81 154
1917 -36 2 81 186
1918 -32 2 81 188
1919 146 2 81 235
1920 -36 2 82 86
1921 84 2 82 91
1922 -172 2 82 101
1923 -20 2 82 115
1924 40 2 82 139
1925 -84 2 82 146
1926 148 2 82 148
1927 30 2 82 157
1928 -50 2 82 168
1929 -26 2 82 170
1930 -170 2 82 182
1931 -140 2 82 190
1932 180 2 82 200
1933 188 2 82 203
1934 -2 2 82 205
1935 168 2 82 215
1936 -54 2 82 216
1937 46 2 82 227
1938 108 2 82 232
1939 -144 2 82 235
1940 -132 2 82 241
1941 98 2 82 250
1942 -112 2 83 106
1943 68 2 83 141
1944 108 2 83 171
1945 -186 2 83 177
1946 -88 2 83 190
1947 126 2 83 224
1948 196 2 83 243
1949 -22 2 84 111
1950 128 2 84 116
1951 -182 2 84 133
1952 -112 2 84 145
1953 -108 2 84 147
1954 120 2 84 148
1955 46 2 84 152
1956 -90 2 84 160
1957 -158 2 84 176
1958 34 2 84 193
1959 42 2 84 227
1960 24 2 84 242
1961 -164 2 84 244
1962 -72 2 85 86
1963 114 2 85 91
1964 -78 2 85 99
1965 64 2 85 106
1966 8 2 85 107
1967 200 2 85 112
1968 -164 2 85 120
1969 -72 2 85 132
1970 24 2 85 134
1971 -4 2 85 135
1972 42 2 85 146
1973 90 2 85 154
1974 22 2 85 160
1975 114 2 85 161
1976 102 2 85 163
1977 182 2 85 171
1978 -76 2 85 178
1979 42 2 85 181
1980 -12 2 85 182
1981 -158 2 85 189
1982 -172 2 85 193
1983 54 2 85 233
1984 116 2 85 244
1985 70 2 86 89
1986 -20 2 86 94
1987 98 2 86 101
1988 -128 2 86 134
1989 -102 2 86 158
1990 -40 2 86 162
1991 20 2 86 179
1992 106 2 86 185
1993 76 2 86 202
1994 -42 2 86 223
1995 178 2 86 230
1996 -162 2 86 231
1997 -88 2 86 238
1998 -174 2 87 132
1999 -140 2 87 134
2000 -114 2 87 169
2001 -134 2 87 200
2002 88 2 87 207
2003 -60 2 87 237
2004 -96 2 87 245
2005 -80 2 88 93
2006 -124 2 88 106
2007 -28 2 88 111
2008 -156 2 88 117
2009 -14 2 88 120
2010 -98 2 88 127
2011 16 2 88 163
2012 74 2 88 186
2013 26 2 88 189
2014 -140 2 88 198
2015 38 2 88 205
2016 -32 2 88 214
2017 126 2 88 220
2018 16 2 88 229
2019 -160 2 89 106
2020 140 2 89 112
2021 -136 2 89 114
2022 130 2 89 132
2023 -130 2 89 144
2024 154 2 89 152
2025 -76 2 89 162
2026 -64 2 89 167
2027 -158 2 89 168
2028 60 2 89 170
2029 42 2 89 197
2030 36 2 89 203
2031 -90 2 89 208
2032 164 2 89 209
2033 104 2 89 212
2034 -78 2 89 215
2035 116 2 89 220
2036 108 2 89 226
2037 -8 2 89 239
2038 160 2 89 246
2039 102 2 90 95
2040 -84 2 90 98
2041 -26 2 90 114
2042 150 2 90 121
2043 -18 2 90 126
2044 -110 2 90 139
2045 70 2 90 140
2046 -40 2 90 146
2047 -42 2 90 167
2048 -146 2 90 186
2049 72 2 90 203
2050 -64 2 90 208
2051 80 2 90 210
2052 126 2 90 211
2053 -160 2 90 226
2054 4 2 90 237
2055 96 2 91 110
2056 128 2 91 126
2057 10 2 91 128
2058 134 2 91 130
2059 -188 2 91 136
2060 -122 2 91 137
2061 -18 2 91 145
2062 -116 2 91 153
2063 184 2 91 162
2064 54 2 91 166
2065 6 2 91 181
2066 -128 2 91 184
2067 26 2 91 200
2068 58 2 91 207
2069 46 2 91 227
2070 -116 2 91 244
2071 90 2 91 246
2072 94 2 92 97
2073 -94 2 92 119
2074 -10 2 92 133
2075 -156 2 92 150
2076 -6 2 92 165
2077 196 2 92 172
2078 148 2 92 177
2079 -58 2 92 179
2080 130 2 92 213
2081 80 2 92 216
2082 -72 2 92 217
2083 84 2 92 222
2084 -122 2 92 237
2085 -192 2 92 238
2086 32 2 92 241
2087 -196 2 92 250
2088 30 2 93 106
2089 -4 2 93 114
2090 -24 2 93 171
2091 -126 2 93 183
2092 64 2 93 198
2093 46 2 93 208
2094 -60 2 93 211
2095 164 2 93 229
2096 4 2 94 108
2097 88 2 94 132
2098 -108 2 94 148
2099 188 2 94 153
2100 -152 2 94 164
2101 12 2 94 177
2102 -172 2 94 180
2103 -172 2 94 184
2104 42 2 94 203
2105 -132 2 94 207
2106 -182 2 94 208
2107 66 2 94 223
2108 -70 2 94 233
2109 -66 2 94 240
2110 -40 2 94 248
2111 -22 2 95 98
2112 -134 2 95 118
2113 -74 2 95 128
2114 146 2 95 136
2115 50 2 95 143
2116 -26 2 95 146
2117 146 2 95 154
2118 58 2 95 159
2119 22 2 95 163
2120 148 2 95 186
2121 142 2 95 210
2122 -76 2 95 220
2123 -32 2 95 222
2124 58 2 95 247
2125 148 2 96 114
2126 -2 2 96 117
2127 -142 2 96 135
2128 138 2 96 138
2129 -188 2 96 144
2130 -162 2 96 159
2131 96 2 96 163
2132 114 2 96 170
2133 -106 2 96 182
2134 26 2 96 190
2135 -50 2 96 193
2136 92 2 96 200
2137 -68 2 96 210
2138 14 2 96 214
2139 -10 2 96 227
2140 144 2 96 236
2141 14 2 96 241
2142 -78 2 96 242
2143 -8 2 96 250
2144 8 2 97 99
2145 -46 2 97 100
2146 -140 2 97 116
2147 140 2 97 146
2148 16 2 97 150
2149 -46 2 97 154
2150 104 2 97 158
2151 50 2 97 166
2152 30 2 97 169
2153 132 2 97 175
2154 -20 2 97 194
2155 64 2 97 196
2156 -28 2 97 202
2157 14 2 97 206
2158 108 2 97 244
2159 -18 2 97 246
2160 110 2 98 103
2161 10 2 98 106
2162 -112 2 98 121
2163 14 2 98 131
2164 90 2 98 163
2165 -102 2 98 164
2166 142 2 98 169
2167 98 2 98 179
2168 -196 2 98 186
2169 88 2 98 196
2170 -114 2 98 206
2171 -72 2 98 209
2172 12 2 98 238
2173 166 2 99 104
2174 46 2 99 105
2175 -186 2 99 120
2176 -146 2 99 125
2177 -2 2 99 127
2178 152 2 99 149
2179 -108 2 99 152
2180 -78 2 99 153
2181 142 2 99 156
2182 164 2 99 183
2183 -176 2 99 184
2184 182 2 99 197
2185 -128 2 99 204
2186 -60 2 99 209
2187 -196 2 99 224
2188 126 2 99 244
2189 132 2 100 101
2190 -8 2 100 113
2191 -126 2 100 115
2192 -112 2 100 123
2193 -124 2 100 140
2194 142 2 100 151
2195 82 2 100 155
2196 -178 2 100 166
2197 172 2 100 167
2198 -46 2 100 172
2199 -90 2 100 174
2200 -18 2 100 178
2201 160 2 100 201
2202 166 2 100 215
2203 -40 2 100 227
2204 -82 2 100 231
2205 44 2 100 248
2206 96 2 101 107
2207 170 2 101 112
2208 138 2 101 141
2209 180 2 101 159
2210 -182 2 101 176
2211 42 2 101 221
2212 12 2 101 222
2213 -76 2 101 224
2214 -22 2 101 240
2215 -174 2 101 242
2216 180 2 102 105
2217 108 2 102 114
2218 64 2 102 135
2219 -132 2 102 157
2220 -44 2 102 164
2221 -118 2 102 166
2222 -50 2 102 206
2223 -194 2 102 209
2224 -120 2 102 228
2225 -156 2 102 231
2226 198 2 102 236
2227 -24 2 103 108
2228 -6 2 103 134
2229 146 2 103 139
2230 58 2 103 159
2231 -30 2 103 163
2232 -98 2 103 166
2233 -176 2 103 172
2234 158 2 103 206
2235 -160 2 103 214
2236 -150 2 103 216
2237 -74 2 103 220
2238 -128 2 103 223
2239 146 2 103 237
2240 26 2 103 241
2241 194 2 103 243
2242 -58 2 103 246
2243 -110 2 104 115
2244 44 2 104 131
2245 52 2 104 134
2246 -40 2 104 143
2247 164 2 104 149
2248 136 2 104 155
2249 -84 2 104 157
2250 194 2 104 171
2251 -52 2 104 195
2252 -188 2 104 225
2253 -46 2 104 230
2254 68 2 104 234
2255 150 2 104 237
2256 180 2 104 238
2257 -34 2 105 109
2258 -150 2 105 118
2259 92 2 105 120
2260 158 2 105 127
2261 -38 2 105 129
2262 -34 2 105 133
2263 -158 2 105 135
2264 -62 2 105 145
2265 158 2 105 168
2266 -126 2 105 175
2267 190 2 105 181
2268 94 2 105 184
2269 -68 2 105 195
2270 80 2 105 197
2271 26 2 105 221
2272 -110 2 105 232
2273 106 2 105 233
2274 70 2 105 243
2275 132 2 106 110
2276 -12 2 106 125
2277 -138 2 106 136
2278 -18 2 106 149
2279 -178 2 106 152
2280 -78 2 106 156
2281 -94 2 106 157
2282 88 2 106 167
2283 -178 2 106 169
2284 -142 2 106 175
2285 154 2 106 183
2286 80 2 106 196
2287 -176 2 106 243
2288 186 2 107 121
2289 110 2 107 125
2290 132 2 107 134
2291 -80 2 107 142
2292 124 2 107 155
2293 190 2 107 174
2294 102 2 107 177
2295 8 2 107 201
2296 154 2 107 211
2297 -32 2 107 215
2298 -30 2 107 241
2299 82 2 108 114
2300 108 2 108 146
2301 -134 2 108 157
2302 -164 2 108 166
2303 92 2 108 168
2304 -148 2 108 174
2305 -16 2 108 215
2306 90 2 108 219
2307 168 2 108 230
2308 112 2 109 110
2309 -12 2 109 131
2310 -76 2 109 140
2311 186 2 109 162
2312 -54 2 109 171
2313 -58 2 109 203
2314 14 2 109 206
2315 168 2 109 210
2316 40 2 109 217
2317 106 2 109 227
2318 34 2 109 247
2319 96 2 110 116
2320 32 2 110 132
2321 -38 2 110 139
2322 -196 2 110 143
2323 6 2 110 145
2324 -114 2 110 147
2325 62 2 110 149
2326 32 2 110 172
2327 64 2 110 189
2328 148 2 110 198
2329 166 2 110 201
2330 -100 2 110 203
2331 66 2 110 206
2332 28 2 110 208
2333 92 2 110 225
2334 -116 2 110 236
2335 58 2 110 238
2336 -156 2 110 243
2337 -26 2 110 248
2338 -96 2 110 249
2339 -100 2 111 112
2340 -76 2 111 117
2341 72 2 111 124
2342 16 2 111 125
2343 -174 2 111 139
2344 -94 2 111 155
2345 -162 2 111 157
2346 176 2 111 162
2347 192 2 111 168
2348 -170 2 111 180
2349 174 2 111 190
2350 -104 2 111 192
2351 14 2 111 222
2352 -130 2 111 230
2353 -170 2 111 231
2354 98 2 111 248
2355 -58 2 112 119
2356 60 2 112 123
2357 22 2 112 135
2358 170 2 112 137
2359 -158 2 112 144
2360 -176 2 112 147
2361 -174 2 112 151
2362 72 2 112 156
2363 -136 2 112 163
2364 -170 2 112 174
2365 -160 2 112 176
2366 -10 2 112 177
2367 190 2 112 184
2368 -38 2 112 186
2369 -92 2 112 187
2370 -188 2 112 189
2371 -166 2 112 196
2372 -90 2 112 206
2373 126 2 112 211
2374 -20 2 112 230
2375 196 2 112 240
2376 42 2 113 122
2377 -164 2 113 132
2378 -130 2 113 159
2379 68 2 113 178
2380 -6 2 113 188
2381 36 2 113 229
2382 48 2 113 237
2383 -148 2 113 239
2384 32 2 114 116
2385 -194 2 114 118
2386 -62 2 114 119
2387 -6 2 114 126
2388 72 2 114 127
2389 -158 2 114 133
2390 130 2 114 143
2391 -8 2 114 151
2392 -42 2 114 152
2393 12 2 114 157
2394 -6 2 114 179
2395 -6 2 114 183
2396 -178 2 114 193
2397 -86 2 114 222
2398 180 2 114 223
2399 196 2 114 246
2400 168 2 114 248
2401 -72 2 115 122
2402 -64 2 115 125
2403 -18 2 115 160
2404 -96 2 115 161
2405 6 2 115 167
2406 -142 2 115 172
2407 6 2 115 175
2408 116 2 115 192
2409 -6 2 115 229
2410 -56 2 115 232
2411 54 2 115 238
2412 -184 2 115 239
2413 162 2 115 249
2414 -182 2 116 121
2415 58 2 116 124
2416 -24 2 116 128
2417 -168 2 116 153
2418 -40 2 116 158
2419 -92 2 116 160
2420 74 2 116 172
2421 -44 2 116 174
2422 -26 2 116 176
2423 -170 2 116 179
2424 -176 2 116 185
2425 162 2 116 192
2426 -100 2 116 197
2427 -164 2 116 199
2428 30 2 116 200
2429 -138 2 116 201
2430 68 2 116 219
2431 10 2 116 229
2432 -2 2 116 246
2433 146 2 117 142
2434 168 2 117 143
2435 22 2 117 161
2436 -126 2 117 173
2437 -10 2 117 180
2438 -196 2 117 193
2439 66 2 117 203
2440 2 2 117 205
2441 64 2 117 208
2442 84 2 117 232
2443 -174 2 118 137
2444 118 2 118 144
2445 184 2 118 150
2446 -142 2 118 152
2447 -16 2 118 159
2448 90 2 118 164
2449 168 2 118 167
2450 176 2 118 206
2451 120 2 118 227
2452 -178 2 118 236
2453 8 2 119 143
2454 -128 2 119 150
2455 152 2 119 164
2456 -72 2 119 165
2457 62 2 119 171
2458 -32 2 119 196
2459 40 2 119 225
2460 -108 2 119 232
2461 54 2 119 233
2462 -2 2 119 247
2463 134 2 120 122
2464 192 2 120 125
2465 196 2 120 126
2466 -28 2 120 130
2467 -120 2 120 135
2468 -70 2 120 156
2469 -156 2 120 163
2470 158 2 120 169
2471 100 2 120 180
2472 -38 2 120 184
2473 140 2 120 193
2474 20 2 120 198
2475 -52 2 120 202
2476 116 2 120 218
2477 -46 2 120 231
2478 -36 2 120 241
2479 -70 2 120 246
2480 166 2 121 144
2481 -4 2 121 149
2482 132 2 121 159
2483 102 2 121 171
2484 136 2 121 174
2485 144 2 121 178
2486 -172 2 121 182
2487 6 2 121 191
2488 198 2 121 194
2489 128 2 121 197
2490 30 2 121 201
2491 74 2 121 206
2492 24 2 121 214
2493 198 2 121 217
2494 164 2 121 246
2495 -164 2 122 127
2496 -4 2 122 160
2497 -192 2 122 165
2498 146 2 122 169
2499 196 2 122 180
2500 78 2 122 194
2501 -92 2 122 195
2502 -62 2 122 231
2503 -90 2 122 232
2504 60 2 122 236
2505 -134 2 122 248
2506 64 2 122 249
2507 -146 2 122 250
2508 104 2 123 133
2509 -22 2 123 143
2510 -22 2 123 152
2511 -148 2 123 183
2512 -192 2 123 186
2513 112 2 123 187
2514 118 2 123 197
2515 -62 2 123 229
2516 38 2 123 246
2517 -100 2 124 130
2518 -50 2 124 135
2519 -90 2 124 137
2520 -68 2 124 143
2521 92 2 124 159
2522 194 2 124 172
2523 -118 2 124 188
2524 -72 2 124 194
2525 -64 2 124 204
2526 194 2 124 214
2527 -146 2 124 225
2528 -30 2 125 131
2529 -192 2 125 140
2530 -188 2 125 159
2531 86 2 125 162
2532 164 2 125 199
2533 -166 2 125 223
2534 -104 2 125 228
2535 -178 2 125 229
2536 144 2 125 245
2537 42 2 126 129
2538 86 2 126 143
2539 -142 2 126 150
2540 92 2 126 155
2541 98 2 126 164
2542 -192 2 126 173
2543 -56 2 126 182
2544 -176 2 126 191
2545 190 2 126 196
2546 -64 2 126 200
2547 136 2 126 219
2548 188 2 126 239
2549 -20 2 127 130
2550 192 2 127 140
2551 184 2 127 143
2552 30 2 127 152
2553 132 2 127 158
2554 192 2 127 162
2555 -50 2 127 163
2556 -66 2 127 167
2557 154 2 127 179
2558 94 2 127 185
2559 138 2 127 198
2560 -24 2 127 200
2561 -148 2 127 223
2562 -66 2 127 232
2563 -106 2 127 233
2564 16 2 127 249
2565 48 2 128 132
2566 142 2 128 137
2567 -62 2 128 141
2568 2 2 128 166
2569 48 2 128 167
2570 84 2 128 172
2571 100 2 128 176
2572 -86 2 128 186
2573 -16 2 128 204
2574 22 2 128 218
2575 156 2 129 181
2576 52 2 129 187
2577 -8 2 129 201
2578 -20 2 129 204
2579 162 2 129 205
2580 -36 2 129 216
2581 -26 2 129 218
2582 54 2 129 234
2583 126 2 130 137
2584 -194 2 130 144
2585 -186 2 130 147
2586 104 2 130 151
2587 56 2 130 160
2588 -36 2 130 164
2589 42 2 130 172
2590 180 2 130 178
2591 -56 2 130 179
2592 -94 2 130 186
2593 50 2 130 193
2594 -42 2 130 201
2595 138 2 130 226
2596 -156 2 131 132
2597 154 2 131 133
2598 64 2 131 159
2599 156 2 131 165
2600 -94 2 131 173
2601 -158 2 131 180
2602 148 2 131 185
2603 -100 2 131 189
2604 172 2 131 195
2605 -12 2 131 211
2606 -134 2 131 227
2607 170 2 131 228
2608 80 2 132 152
2609 112 2 132 156
2610 -140 2 132 157
2611 140 2 132 170
2612 -154 2 132 184
2613 190 2 132 185
2614 86 2 132 208
2615 160 2 132 232
2616 132 2 132 250
2617 -126 2 133 148
2618 -184 2 133 161
2619 -108 2 133 164
2620 -16 2 133 166
2621 120 2 133 178
2622 -144 2 133 185
2623 -198 2 133 187
2624 126 2 133 188
2625 174 2 133 214
2626 -64 2 133 222
2627 66 2 133 238
2628 -144 2 133 242
2629 -162 2 134 148
2630 -8 2 134 174
2631 -58 2 134 183
2632 132 2 134 208
2633 -66 2 134 210
2634 -34 2 134 220
2635 -164 2 134 222
2636 -166 2 134 230
2637 -100 2 134 242
2638 -154 2 134 250
2639 -192 2 135 153
2640 128 2 135 158
2641 -172 2 135 200
2642 -154 2 135 209
2643 -130 2 135 211
2644 -26 2 135 214
2645 -66 2 135 220
2646 132 2 135 225
2647 -22 2 135 227
2648 172 2 135 229
2649 156 2 135 234
2650 8 2 135 235
2651 -82 2 135 241
2652 154 2 135 243
2653 -90 2 135 248
2654 80 2 136 137
2655 174 2 136 157
2656 34 2 136 159
2657 164 2 136 182
2658 36 2 136 184
2659 58 2 136 191
2660 156 2 136 215
2661 -110 2 136 220
2662 -26 2 136 241
2663 112 2 136 242
2664 72 2 137 148
2665 -76 2 137 152
2666 142 2 137 164
2667 -130 2 137 186
2668 -16 2 137 213
2669 -138 2 137 224
2670 -88 2 137 231
2671 -36 2 138 146
2672 -28 2 138 156
2673 -20 2 138 171
2674 -4 2 138 180
2675 -104 2 138 195
2676 138 2 138 209
2677 -162 2 138 213
2678 170 2 138 222
2679 -82 2 138 227
2680 144 2 138 231
2681 -96 2 138 240
2682 -110 2 138 250
2683 192 2 139 145
2684 12 2 139 146
2685 18 2 139 155
2686 120 2 139 164
2687 -18 2 139 188
2688 88 2 139 191
2689 190 2 139 193
2690 -44 2 139 205
2691 -142 2 139 214
2692 -38 2 139 224
2693 158 2 139 242
2694 184 2 139 245
2695 130 2 140 171
2696 -102 2 140 174
2697 -48 2 140 177
2698 -196 2 140 197
2699 -182 2 140 205
2700 -198 2 140 211
2701 -140 2 140 213
2702 80 2 140 214
2703 124 2 140 222
2704 118 2 140 229
2705 -88 2 140 242
2706 -126 2 141 146
2707 162 2 141 177
2708 90 2 141 181
2709 -140 2 141 197
2710 42 2 141 204
2711 -50 2 141 205
2712 142 2 141 220
2713 34 2 141 222
2714 6 2 141 223
2715 38 2 141 235
2716 -8 2 141 246
2717 64 2 142 149
2718 -38 2 142 174
2719 -126 2 142 181
2720 -30 2 142 202
2721 16 2 142 206
2722 -44 2 142 207
2723 -190 2 142 242
2724 166 2 143 164
2725 -46 2 143 179
2726 8 2 143 201
2727 -86 2 143 215
2728 -170 2 143 223
2729 -142 2 143 229
2730 -180 2 143 232
2731 -42 2 143 237
2732 -196 2 143 250
2733 -24 2 144 179
2734 -112 2 144 185
2735 -62 2 144 204
2736 -174 2 144 211
2737 -130 2 144 233
2738 74 2 144 236
2739 -132 2 144 245
2740 66 2 145 147
2741 40 2 145 154
2742 -150 2 145 162
2743 -162 2 145 167
2744 -42 2 145 178
2745 80 2 145 189
2746 176 2 145 212
2747 -150 2 145 247
2748 -178 2 146 147
2749 98 2 146 175
2750 124 2 146 197
2751 6 2 146 203
2752 194 2 146 212
2753 58 2 146 226
2754 -80 2 147 148
2755 -166 2 147 154
2756 -154 2 147 176
2757 58 2 147 192
2758 74 2 147 196
2759 42 2 147 204
2760 192 2 147 226
2761 122 2 147 230
2762 132 2 148 151
2763 48 2 148 192
2764 104 2 148 197
2765 -14 2 148 199
2766 -122 2 148 208
2767 156 2 148 215
2768 196 2 148 224
2769 -2 2 148 231
2770 -70 2 148 241
2771 -88 2 148 245
2772 -68 2 149 150
2773 44 2 149 172
2774 102 2 149 182
2775 -50 2 149 185
2776 42 2 149 189
2777 -190 2 149 192
2778 166 2 149 193
2779 -164 2 149 198
2780 -110 2 149 201
2781 -88 2 150 151
2782 94 2 150 194
2783 -88 2 150 197
2784 42 2 150 215
2785 2 2 150 229
2786 174 2 150 248
2787 -46 2 151 168
2788 -114 2 151 170
2789 106 2 151 177
2790 130 2 151 184
2791 -86 2 151 187
2792 -106 2 151 192
2793 -154 2 151 193
2794 -20 2 151 195
2795 110 2 151 196
2796 84 2 151 204
2797 116 2 151 207
2798 -182 2 151 231
2799 192 2 151 246
2800 58 2 152 153
2801 54 2 152 159
2802 -130 2 152 175
2803 134 2 152 187
2804 -150 2 152 248
2805 -64 2 152 249
2806 -26 2 153 155
2807 84 2 153 168
2808 -166 2 153 212
2809 22 2 153 213
2810 -182 2 154 162
2811 164 2 154 167
2812 118 2 154 178
2813 76 2 154 179
2814 32 2 154 187
2815 104 2 154 196
2816 -80 2 154 203
2817 -108 2 154 218
2818 -156 2 154 227
2819 -70 2 154 244
2820 -4 2 154 250
2821 -108 2 155 157
2822 -10 2 155 160
2823 160 2 155 164
2824 132 2 155 172
2825 94 2 155 185
2826 34 2 155 189
2827 34 2 155 191
2828 192 2 155 199
2829 -182 2 155 208
2830 44 2 155 210
2831 -172 2 155 216
2832 -24 2 155 219
2833 166 2 155 222
2834 -80 2 155 225
2835 78 2 155 236
2836 -16 2 156 179
2837 -198 2 156 191
2838 176 2 156 193
2839 8 2 156 194
2840 118 2 156 207
2841 -56 2 156 210
2842 -28 2 156 246
2843 -44 2 157 159
2844 -102 2 157 172
2845 -116 2 157 180
2846 184 2 157 183
2847 168 2 157 196
2848 54 2 157 200
2849 100 2 157 203
2850 -34 2 157 211
2851 138 2 157 220
2852 -110 2 157 242
2853 -158 2 158 187
2854 -198 2 158 189
2855 22 2 158 201
2856 -6 2 158 209
2857 52 2 158 213
2858 -166 2 158 217
2859 160 2 158 226
2860 98 2 158 237
2861 -126 2 158 239
2862 12 2 158 245
2863 -170 2 159 175
2864 78 2 159 179
2865 -20 2 159 185
2866 -36 2 159 188
2867 62 2 159 190
2868 -44 2 159 198
2869 -108 2 159 207
2870 -104 2 159 224
2871 22 2 159 227
2872 24 2 159 239
2873 108 2 159 240
2874 -60 2 159 247
2875 102 2 160 167
2876 -164 2 160 175
2877 104 2 160 179
2878 80 2 160 198
2879 -158 2 160 204
2880 -172 2 160 210
2881 54 2 160 240
2882 -126 2 160 243
2883 166 2 161 164
2884 -20 2 161 172
2885 54 2 161 178
2886 -174 2 161 179
2887 -8 2 161 180
2888 64 2 161 181
2889 -40 2 161 189
2890 58 2 161 193
2891 186 2 161 195
2892 62 2 161 196
2893 92 2 161 198
2894 44 2 161 207
2895 134 2 161 237
2896 154 2 161 239
2897 54 2 161 246
2898 174 2 162 176
2899 -86 2 162 177
2900 110 2 162 192
2901 -52 2 162 205
2902 2 2 162 210
2903 50 2 162 215
2904 -88 2 162 222
2905 -124 2 162 227
2906 148 2 163 179
2907 184 2 163 180
2908 186 2 163 196
2909 -16 2 163 201
2910 -138 2 163 225
2911 -110 2 163 226
2912 -132 2 163 243
2913 154 2 164 172
2914 104 2 164 187
2915 -34 2 164 195
2916 -194 2 164 197
2917 58 2 164 201
2918 -44 2 164 212
2919 -80 2 164 216
2920 168 2 164 218
2921 160 2 165 170
2922 158 2 165 180
2923 -178 2 165 187
2924 -112 2 165 209
2925 66 2 165 216
2926 -30 2 165 224
2927 76 2 165 230
2928 188 2 165 232
2929 86 2 166 167
2930 150 2 166 184
2931 52 2 166 191
2932 186 2 166 200
2933 -48 2 166 204
2934 -112 2 166 221
2935 180 2 166 249
2936 8 2 167 172
2937 134 2 167 179
2938 -188 2 167 191
2939 34 2 167 194
2940 68 2 167 210
2941 -180 2 167 215
2942 156 2 167 218
2943 -22 2 167 225
2944 -98 2 167 233
2945 10 2 167 235
2946 76 2 168 172
2947 -2 2 168 176
2948 -92 2 168 200
2949 108 2 168 220
2950 -142 2 168 223
2951 174 2 168 237
2952 118 2 168 240
2953 -144 2 169 179
2954 190 2 169 197
2955 172 2 169 199
2956 30 2 169 223
2957 136 2 169 235
2958 -112 2 170 186
2959 -150 2 170 200
2960 -158 2 170 205
2961 148 2 170 207
2962 142 2 170 208
2963 40 2 170 211
2964 -8 2 170 213
2965 -154 2 170 215
2966 154 2 170 235
2967 50 2 170 238
2968 -66 2 170 241
2969 36 2 171 194
2970 22 2 171 205
2971 162 2 171 206
2972 70 2 171 213
2973 12 2 171 243
2974 -186 2 171 244
2975 54 2 172 183
2976 78 2 172 187
2977 -122 2 172 190
2978 118 2 172 198
2979 -136 2 172 211
2980 154 2 172 220
2981 -6 2 172 225
2982 40 2 172 228
2983 74 2 172 231
2984 -140 2 172 241
2985 -136 2 173 178
2986 -68 2 173 181
2987 -120 2 173 183
2988 -174 2 173 190
2989 92 2 173 213
2990 -54 2 173 215
2991 -34 2 173 220
2992 -34 2 173 221
2993 -160 2 173 232
2994 -130 2 173 247
2995 -124 2 174 228
2996 42 2 174 241
2997 -128 2 175 188
2998 160 2 175 215
2999 -108 2 175 221
3000 76 2 175 232
3001 -150 2 175 242
3002 50 2 175 249
3003 148 2 176 194
3004 78 2 176 204
3005 36 2 176 207
3006 104 2 176 213
3007 -44 2 176 222
3008 -56 2 176 226
3009 -38 2 176 228
3010 -122 2 176 235
3011 128 2 176 249
3012 38 2 176 250
3013 -20 2 177 198
3014 -84 2 177 214
3015 120 2 177 224
3016 64 2 177 242
3017 -176 2 178 190
3018 -188 2 178 203
3019 -90 2 178 238
3020 134 2 179 184
3021 -16 2 179 190
3022 -88 2 179 195
3023 40 2 179 205
3024 -28 2 180 181
3025 174 2 180 206
3026 6 2 180 229
3027 -186 2 180 232
3028 -82 2 180 243
3029 66 2 181 186
3030 -164 2 181 192
3031 68 2 181 197
3032 -34 2 181 209
3033 92 2 181 230
3034 -6 2 181 237
3035 16 2 182 183
3036 152 2 182 186
3037 -86 2 182 187
3038 172 2 182 205
3039 -90 2 182 213
3040 -102 2 182 214
3041 -116 2 182 220
3042 156 2 182 228
3043 68 2 182 229
3044 52 2 182 248
3045 -102 2 182 249
3046 -110 2 183 188
3047 -60 2 183 200
3048 -194 2 183 211
3049 -54 2 183 215
3050 114 2 183 239
3051 -158 2 183 248
3052 -2 2 184 197
3053 -110 2 184 200
3054 -132 2 184 209
3055 134 2 184 212
3056 -66 2 184 219
3057 6 2 184 223
3058 -152 2 184 243
3059 -102 2 184 244
3060 -46 2 184 250
3061 16 2 185 197
3062 178 2 185 248
3063 40 2 186 198
3064 -112 2 186 202
3065 70 2 186 219
3066 -126 2 186 230
3067 -184 2 186 239
3068 72 2 186 246
3069 180 2 187 192
3070 110 2 187 197
3071 -72 2 187 200
3072 -196 2 187 203
3073 196 2 187 248
3074 -198 2 187 249
3075 130 2 188 189
3076 168 2 188 203
3077 200 2 188 212
3078 40 2 188 214
3079 -118 2 188 238
3080 170 2 188 241
3081 -154 2 188 245
3082 -144 2 188 250
3083 -88 2 189 200
3084 -54 2 189 216
3085 186 2 189 234
3086 -108 2 189 239
3087 -86 2 189 243
3088 -34 2 190 204
3089 134 2 190 212
3090 -140 2 190 226
3091 -118 2 190 244
3092 -12 2 190 245
3093 124 2 191 193
3094 128 2 191 196
3095 186 2 191 202
3096 -48 2 191 203
3097 -20 2 191 210
3098 -70 2 191 224
3099 2 2 191 230
3100 192 2 191 232
3101 108 2 191 233
3102 186 2 191 243
3103 -134 2 191 245
3104 -6 2 192 202
3105 -182 2 192 210
3106 -96 2 192 211
3107 180 2 192 215
3108 -70 2 192 222
3109 -12 2 192 233
3110 56 2 192 242
3111 24 2 192 248
3112 -40 2 192 250
3113 76 2 193 201
3114 12 2 193 204
3115 -2 2 193 209
3116 -106 2 193 221
3117 -94 2 193 227
3118 -118 2 193 232
3119 -84 2 194 199
3120 -2 2 194 229
3121 34 2 194 233
3122 -112 2 194 236
3123 94 2 194 238
3124 -18 2 194 242
3125 126 2 195 198
3126 138 2 195 211
3127 -164 2 195 234
3128 4 2 196 202
3129 -80 2 196 215
3130 134 2 196 241
3131 16 2 197 202
3132 -130 2 197 205
3133 -142 2 197 234
3134 -146 2 197 248
3135 -188 2 198 213
3136 98 2 198 219
3137 92 2 198 228
3138 -166 2 199 212
3139 168 2 199 220
3140 -76 2 199 228
3141 16 2 199 241
3142 178 2 199 244
3143 -190 2 199 248
3144 176 2 200 208
3145 20 2 200 233
3146 8 2 200 239
3147 182 2 200 240
3148 -78 2 200 245
3149 26 2 200 249
3150 112 2 201 210
3151 180 2 201 223
3152 -74 2 201 238
3153 -190 2 201 244
3154 -6 2 202 204
3155 -180 2 202 223
3156 186 2 202 227
3157 -102 2 202 245
3158 20 2 202 248
3159 -26 2 203 208
3160 72 2 203 212
3161 192 2 203 213
3162 -118 2 203 223
3163 14 2 203 248
3164 114 2 204 216
3165 -78 2 204 223
3166 -84 2 204 231
3167 30 2 205 239
3168 -10 2 206 223
3169 -60 2 206 235
3170 -14 2 206 248
3171 -198 2 207 211
3172 154 2 207 219
3173 190 2 207 223
3174 60 2 207 225
3175 -114 2 208 228
3176 -146 2 208 230
3177 66 2 208 235
3178 -148 2 208 240
3179 -4 2 208 241
3180 -30 2 208 243
3181 -6 2 209 214
3182 -84 2 209 223
3183 -166 2 209 225
3184 152 2 209 229
3185 148 2 209 245
3186 182 2 209 249
3187 -64 2 210 221
3188 198 2 210 229
3189 -130 2 210 230
3190 -42 2 210 244
3191 -118 2 211 218
3192 42 2 211 225
3193 122 2 211 229
3194 16 2 211 233
3195 -172 2 211 242
3196 124 2 211 250
3197 -98 2 212 230
3198 96 2 212 246
3199 -152 2 212 247
3200 -140 2 212 248
3201 122 2 213 222
3202 136 2 213 235
3203 -100 2 213 249
3204 -118 2 214 229
3205 -60 2 214 231
3206 -78 2 214 248
3207 -132 2 215 240
3208 -20 2 216 225
3209 -4 2 216 228
3210 -162 2 216 237
3211 176 2 216 248
3212 -42 2 217 227
3213 -132 2 217 234
3214 34 2 218 229
3215 168 2 219 221
3216 140 2 219 231
3217 -186 2 219 240
3218 -182 2 219 246
3219 26 2 220 232
3220 -88 2 220 243
3221 94 2 220 247
3222 -138 2 222 224
3223 168 2 222 233
3224 -86 2 222 239
3225 188 2 222 248
3226 112 2 222 250
3227 -154 2 223 228
3228 -72 2 223 234
3229 196 2 223 235
3230 -10 2 223 249
3231 -160 2 224 230
3232 -70 2 224 236
3233 92 2 224 238
3234 -146 2 224 247
3235 82 2 225 233
3236 174 2 225 240
3237 28 2 225 246
3238 -156 2 226 232
3239 150 2 226 236
3240 6 2 226 240
3241 -22 2 226 245
3242 -146 2 227 231
3243 148 2 228 231
3244 -12 2 228 232
3245 12 2 228 238
3246 -2 2 229 231
3247 -6 2 229 232
3248 -138 2 231 233
3249 -36 2 231 238
3250 112 2 231 241
3251 -96 2 231 249
3252 -34 2 232 249
3253 180 2 233 235
3254 -80 2 233 246
3255 -26 2 237 238
3256 -32 2 238 243
3257 130 2 239 241
3258 -106 2 240 242
3259 190 2 240 247
3260 92 2 241 247
3261 -52 2 243 247
3262 -164 2 243 248
3263 -20 2 244 247
3264 -42 2 247 250
3265 -104 2 248 250
