250 3337 0
0
1 -629 1 1
2 -266 1 2
3 -25 1 3
4 140 1 4
5 146 1 5
6 52 1 6
7 95 1 7
8 151 1 8
9 160 1 9
10 420 1 10
11 10 1 11
12 -203 1 12
13 50 1 13
14 195 1 14
15 -571 1 15
16 -327 1 16
17 216 1 17
18 -143 1 18
19 108 1 19
20 -76 1 20
21 82 1 21
22 91 1 22
23 120 1 23
24 -59 1 24
25 -152 1 25
26 -24 1 26
27 -195 1 27
28 76 1 28
29 2 1 29
30 52 1 30
31 -79 1 31
32 -124 1 32
33 10 1 33
34 -472 1 34
35 -101 1 35
36 347 1 36
37 -271 1 37
38 -122 1 38
39 -560 1 39
40 60 1 40
41 -211 1 41
42 -633 1 42
43 403 1 43
44 -16 1 44
45 209 1 45
46 118 1 46
47 -400 1 47
48 224 1 48
49 -117 1 49
50 -330 1 50
51 -623 1 51
52 36 1 52
53 -124 1 53
54 -304 1 54
55 -27 1 55
56 -362 1 56
57 -178 1 57
58 112 1 58
59 279 1 59
60 62 1 60
61 -198 1 61
62 -34 1 62
63 -34 1 63
64 707 1 64
65 107 1 65
66 209 1 66
67 181 1 67
68 -466 1 68
69 -128 1 69
70 428 1 70
71 791 1 71
72 -386 1 72
73 227 1 73
74 -187 1 74
75 319 1 75
76 -148 1 76
77 318 1 77
78 31 1 78
79 304 1 79
80 -453 1 80
81 -52 1 81
82 -144 1 82
83 77 1 83
84 -339 1 84
85 -9 1 85
86 -382 1 86
87 233 1 87
88 -130 1 88
89 -42 1 89
90 -374 1 90
91 -44 1 91
92 -37 1 92
93 61 1 93
94 77 1 94
95 346 1 95
96 -236 1 96
97 -68 1 97
98 -488 1 98
99 -422 1 99
100 165 1 100
101 213 1 101
102 -134 1 102
103 -259 1 103
104 -202 1 104
105 -15 1 105
106 8 1 106
107 352 1 107
108 -159 1 108
109 -355 1 109
110 -519 1 110
111 -294 1 111
112 -63 1 112
113 -335 1 113
114 -619 1 114
115 320 1 115
116 -155 1 116
117 -471 1 117
118 49 1 118
119 413 1 119
120 -147 1 120
121 154 1 121
122 471 1 122
123 503 1 123
124 135 1 124
125 322 1 125
126 -52 1 126
127 50 1 127
128 -161 1 128
129 68 1 129
130 118 1 130
131 307 1 131
132 191 1 132
133 -278 1 133
134 -241 1 134
135 -302 1 135
136 -649 1 136
137 -529 1 137
138 368 1 138
139 250 1 139
140 -255 1 140
141 463 1 141
142 -118 1 142
143 -21 1 143
144 -30 1 144
145 489 1 145
146 -113 1 146
147 -211 1 147
148 669 1 148
149 -43 1 149
150 322 1 150
151 -201 1 151
152 -351 1 152
153 107 1 153
154 -40 1 154
155 338 1 155
156 -59 1 156
157 -157 1 157
158 -57 1 158
159 257 1 159
160 -556 1 160
161 -462 1 161
162 57 1 162
163 -169 1 163
164 71 1 164
165 115 1 165
166 360 1 166
167 -264 1 167
168 -168 1 168
169 -353 1 169
170 138 1 170
171 184 1 171
172 263 1 172
173 -190 1 173
174 -368 1 174
175 2 1 175
176 85 1 176
177 13 1 177
178 -219 1 178
179 -456 1 179
180 -204 1 180
181 467 1 181
182 -386 1 182
183 -521 1 183
184 186 1 184
185 367 1 185
186 102 1 186
187 260 1 187
188 93 1 188
189 -115 1 189
190 -8 1 190
191 290 1 191
192 302 1 192
193 -390 1 193
194 -190 1 194
195 -279 1 195
196 -116 1 196
197 -232 1 197
198 115 1 198
199 -262 1 199
200 302 1 200
201 -46 1 201
202 325 1 202
203 -367 1 203
204 206 1 204
205 -148 1 205
206 -3 1 206
207 -23 1 207
208 -127 1 208
209 -251 1 209
210 -731 1 210
211 -379 1 211
212 -44 1 212
213 -478 1 213
214 -341 1 214
215 -933 1 215
216 170 1 216
217 -133 1 217
218 -48 1 218
219 544 1 219
220 -535 1 220
221 315 1 221
222 169 1 222
223 -134 1 223
224 127 1 224
225 -162 1 225
226 131 1 226
227 -558 1 227
228 -112 1 228
229 619 1 229
230 354 1 230
231 -481 1 231
232 261 1 232
233 77 1 233
234 -106 1 234
235 230 1 235
236 308 1 236
237 -54 1 237
238 -27 1 238
239 -76 1 239
240 -371 1 240
241 365 1 241
242 -57 1 242
243 -152 1 243
244 171 1 244
245 -297 1 245
246 -41 1 246
247 32 1 247
248 67 1 248
249 35 1 249
250 397 1 250
251 -110 2 1 7
252 172 2 1 13
253 -142 2 1 14
254 136 2 1 23
255 -48 2 1 27
256 92 2 1 39
257 152 2 1 40
258 -140 2 1 87
259 122 2 1 91
260 -84 2 1 101
261 -40 2 1 110
262 192 2 1 130
263 188 2 1 159
264 68 2 1 173
265 106 2 1 182
266 186 2 1 190
267 -40 2 1 193
268 160 2 1 203
269 94 2 1 211
270 92 2 1 213
271 82 2 1 215
272 98 2 1 223
273 168 2 1 239
274 -186 2 1 243
275 -60 2 1 250
276 190 2 2 13
277 124 2 2 35
278 -178 2 2 37
279 46 2 2 57
280 -126 2 2 62
281 60 2 2 70
282 -28 2 2 79
283 -108 2 2 80
284 200 2 2 91
285 176 2 2 109
286 -2 2 2 115
287 -32 2 2 119
288 196 2 2 140
289 64 2 2 163
290 92 2 2 170
291 -98 2 2 198
292 66 2 2 199
293 -126 2 2 200
294 16 2 2 212
295 120 2 3 4
296 -80 2 3 22
297 56 2 3 26
298 -122 2 3 36
299 156 2 3 41
300 46 2 3 49
301 38 2 3 58
302 -192 2 3 75
303 -198 2 3 91
304 -12 2 3 92
305 188 2 3 100
306 -66 2 3 112
307 2 2 3 125
308 188 2 3 131
309 10 2 3 166
310 124 2 3 170
311 62 2 3 179
312 -14 2 3 221
313 -90 2 3 243
314 -166 2 3 248
315 -164 2 4 8
316 6 2 4 20
317 -146 2 4 38
318 188 2 4 41
319 76 2 4 47
320 90 2 4 51
321 -128 2 4 53
322 -180 2 4 71
323 46 2 4 72
324 -92 2 4 75
325 196 2 4 85
326 -96 2 4 86
327 -96 2 4 94
328 -190 2 4 96
329 148 2 4 99
330 -148 2 4 101
331 -154 2 4 122
332 -96 2 4 143
333 198 2 4 146
334 -168 2 4 151
335 -14 2 4 165
336 -162 2 4 184
337 90 2 4 196
338 -100 2 4 202
339 180 2 4 211
340 80 2 4 213
341 62 2 4 221
342 174 2 4 237
343 -88 2 5 51
344 -182 2 5 71
345 104 2 5 92
346 -8 2 5 93
347 32 2 5 111
348 -82 2 5 122
349 68 2 5 135
350 -48 2 5 143
351 32 2 5 154
352 16 2 5 156
353 -128 2 5 157
354 72 2 5 158
355 -140 2 5 160
356 -178 2 5 165
357 -118 2 5 168
358 130 2 5 180
359 60 2 5 183
360 68 2 5 195
361 168 2 5 196
362 -196 2 5 208
363 -38 2 5 217
364 154 2 5 220
365 -16 2 5 221
366 -4 2 5 245
367 30 2 5 249
368 -128 2 6 13
369 64 2 6 24
370 -14 2 6 34
371 -140 2 6 40
372 -48 2 6 47
373 46 2 6 50
374 130 2 6 52
375 54 2 6 70
376 154 2 6 79
377 -34 2 6 84
378 50 2 6 87
379 -50 2 6 89
380 88 2 6 90
381 -28 2 6 91
382 108 2 6 93
383 -116 2 6 123
384 -178 2 6 128
385 -62 2 6 129
386 -102 2 6 132
387 152 2 6 134
388 128 2 6 191
389 158 2 6 206
390 188 2 6 207
391 -96 2 6 219
392 -146 2 6 229
393 -114 2 6 233
394 -140 2 6 240
395 60 2 6 246
396 -88 2 6 250
397 -172 2 7 9
398 -18 2 7 16
399 154 2 7 29
400 -68 2 7 30
401 94 2 7 69
402 -182 2 7 74
403 200 2 7 88
404 86 2 7 102
405 -44 2 7 111
406 100 2 7 114
407 148 2 7 141
408 -28 2 7 157
409 -152 2 7 165
410 -162 2 7 169
411 158 2 7 177
412 174 2 7 184
413 60 2 7 186
414 -148 2 7 192
415 -74 2 7 220
416 -40 2 7 229
417 -166 2 7 236
418 10 2 8 12
419 -132 2 8 13
420 -162 2 8 23
421 -100 2 8 24
422 18 2 8 52
423 40 2 8 53
424 124 2 8 60
425 -88 2 8 65
426 -116 2 8 70
427 -102 2 8 71
428 166 2 8 86
429 136 2 8 88
430 -20 2 8 122
431 130 2 8 149
432 122 2 8 156
433 78 2 8 163
434 -54 2 8 166
435 -184 2 8 172
436 30 2 8 185
437 -60 2 8 190
438 196 2 8 199
439 184 2 8 220
440 -110 2 8 221
441 -108 2 8 222
442 122 2 8 225
443 -90 2 8 230
444 -86 2 8 232
445 -82 2 8 250
446 196 2 9 20
447 32 2 9 48
448 154 2 9 69
449 -158 2 9 71
450 86 2 9 72
451 -58 2 9 74
452 -22 2 9 81
453 -140 2 9 90
454 74 2 9 95
455 30 2 9 101
456 34 2 9 116
457 -44 2 9 135
458 146 2 9 155
459 -192 2 9 165
460 124 2 9 174
461 76 2 9 178
462 4 2 9 197
463 -38 2 9 198
464 -166 2 9 206
465 -64 2 9 237
466 -104 2 9 243
467 -16 2 9 246
468 -102 2 9 248
469 18 2 10 24
470 -46 2 10 27
471 176 2 10 62
472 -136 2 10 82
473 -86 2 10 120
474 -158 2 10 128
475 -144 2 10 155
476 54 2 10 157
477 180 2 10 165
478 -188 2 10 168
479 -122 2 10 169
480 -160 2 10 204
481 74 2 10 209
482 -104 2 10 223
483 -188 2 10 235
484 130 2 10 237
485 -140 2 10 241
486 -156 2 11 17
487 132 2 11 28
488 -36 2 11 36
489 106 2 11 42
490 -98 2 11 44
491 146 2 11 56
492 4 2 11 64
493 -182 2 11 70
494 154 2 11 101
495 -74 2 11 109
496 190 2 11 129
497 150 2 11 137
498 180 2 11 146
499 -156 2 11 150
500 -188 2 11 153
501 54 2 11 164
502 -24 2 11 182
503 -192 2 11 189
504 -54 2 11 194
505 -114 2 11 202
506 -162 2 11 221
507 116 2 11 222
508 184 2 11 242
509 148 2 12 13
510 8 2 12 20
511 58 2 12 23
512 -172 2 12 51
513 74 2 12 54
514 2 2 12 62
515 -72 2 12 78
516 82 2 12 100
517 142 2 12 103
518 40 2 12 104
519 -24 2 12 106
520 -4 2 12 124
521 -128 2 12 127
522 -22 2 12 128
523 -84 2 12 133
524 136 2 12 154
525 164 2 12 175
526 138 2 12 177
527 -142 2 12 191
528 136 2 12 201
529 -84 2 12 224
530 194 2 13 15
531 -122 2 13 24
532 -28 2 13 25
533 -50 2 13 28
534 194 2 13 50
535 -74 2 13 68
536 -84 2 13 72
537 -132 2 13 80
538 -2 2 13 81
539 138 2 13 83
540 -102 2 13 84
541 -44 2 13 92
542 94 2 13 97
543 62 2 13 102
544 -74 2 13 107
545 162 2 13 114
546 -178 2 13 119
547 146 2 13 126
548 -88 2 13 162
549 94 2 13 166
550 -188 2 13 168
551 102 2 13 188
552 72 2 13 192
553 -194 2 13 203
554 80 2 13 205
555 -72 2 13 223
556 -196 2 13 242
557 -60 2 13 244
558 -48 2 14 26
559 178 2 14 39
560 -54 2 14 63
561 190 2 14 72
562 -46 2 14 86
563 174 2 14 100
564 40 2 14 105
565 -192 2 14 114
566 -152 2 14 121
567 64 2 14 126
568 -184 2 14 139
569 -78 2 14 141
570 -168 2 14 151
571 94 2 14 157
572 -88 2 14 158
573 130 2 14 159
574 88 2 14 162
575 -178 2 14 165
576 -18 2 14 184
577 44 2 15 17
578 108 2 15 19
579 6 2 15 23
580 180 2 15 24
581 148 2 15 53
582 52 2 15 57
583 28 2 15 64
584 -48 2 15 70
585 148 2 15 71
586 -28 2 15 82
587 -2 2 15 102
588 -34 2 15 103
589 12 2 15 104
590 -166 2 15 123
591 84 2 15 165
592 44 2 15 172
593 182 2 15 175
594 -192 2 15 177
595 -122 2 15 198
596 138 2 15 200
597 -174 2 15 204
598 20 2 15 207
599 188 2 15 217
600 -42 2 15 219
601 156 2 15 223
602 120 2 15 227
603 -72 2 15 228
604 86 2 15 232
605 -70 2 15 236
606 154 2 15 243
607 32 2 16 18
608 64 2 16 32
609 -46 2 16 42
610 10 2 16 50
611 106 2 16 51
612 -28 2 16 53
613 -46 2 16 59
614 36 2 16 66
615 178 2 16 67
616 154 2 16 74
617 24 2 16 105
618 124 2 16 113
619 122 2 16 121
620 -76 2 16 122
621 -64 2 16 135
622 -138 2 16 140
623 -198 2 16 149
624 -34 2 16 150
625 6 2 16 153
626 18 2 16 155
627 104 2 16 176
628 72 2 16 178
629 -72 2 16 199
630 42 2 16 208
631 -34 2 16 218
632 112 2 16 220
633 72 2 16 228
634 138 2 16 234
635 -6 2 16 237
636 198 2 17 32
637 -92 2 17 33
638 78 2 17 35
639 102 2 17 38
640 -130 2 17 50
641 -184 2 17 59
642 -132 2 17 60
643 62 2 17 63
644 -86 2 17 70
645 -8 2 17 77
646 20 2 17 89
647 46 2 17 112
648 -50 2 17 121
649 176 2 17 149
650 -54 2 17 164
651 16 2 17 180
652 112 2 17 181
653 26 2 17 183
654 -122 2 17 188
655 -44 2 17 191
656 -80 2 17 211
657 -190 2 17 226
658 -100 2 17 229
659 -2 2 17 232
660 90 2 17 236
661 28 2 17 245
662 74 2 18 24
663 -92 2 18 34
664 106 2 18 55
665 124 2 18 69
666 -30 2 18 71
667 -194 2 18 73
668 -18 2 18 74
669 78 2 18 78
670 20 2 18 114
671 48 2 18 125
672 124 2 18 167
673 -16 2 18 193
674 158 2 18 196
675 178 2 18 201
676 140 2 18 204
677 -18 2 18 208
678 -12 2 18 224
679 -164 2 18 230
680 -160 2 18 232
681 -92 2 18 242
682 146 2 19 47
683 86 2 19 49
684 -92 2 19 52
685 -54 2 19 56
686 -74 2 19 57
687 -86 2 19 67
688 -80 2 19 69
689 36 2 19 71
690 4 2 19 89
691 -70 2 19 105
692 102 2 19 125
693 -26 2 19 127
694 -32 2 19 171
695 -144 2 19 173
696 72 2 19 176
697 136 2 19 190
698 86 2 19 208
699 -114 2 19 214
700 -66 2 19 230
701 -144 2 19 239
702 -64 2 19 244
703 54 2 19 250
704 -6 2 20 35
705 138 2 20 39
706 198 2 20 42
707 -102 2 20 57
708 18 2 20 75
709 90 2 20 77
710 -12 2 20 80
711 -192 2 20 85
712 110 2 20 99
713 50 2 20 101
714 -32 2 20 102
715 -132 2 20 104
716 -176 2 20 107
717 34 2 20 167
718 -118 2 20 223
719 124 2 20 232
720 -50 2 20 236
721 -154 2 21 29
722 -46 2 21 43
723 -146 2 21 48
724 132 2 21 55
725 114 2 21 65
726 -42 2 21 76
727 72 2 21 80
728 -156 2 21 107
729 10 2 21 119
730 -20 2 21 127
731 -146 2 21 131
732 132 2 21 143
733 -172 2 21 148
734 -126 2 21 167
735 50 2 21 178
736 192 2 21 191
737 -12 2 21 196
738 130 2 21 216
739 124 2 21 218
740 198 2 21 220
741 22 2 21 222
742 102 2 21 225
743 -194 2 21 232
744 -40 2 21 244
745 -178 2 21 248
746 -10 2 21 250
747 -30 2 22 50
748 192 2 22 55
749 -116 2 22 67
750 18 2 22 96
751 94 2 22 101
752 72 2 22 106
753 10 2 22 107
754 -68 2 22 133
755 -152 2 22 145
756 -90 2 22 150
757 144 2 22 167
758 -142 2 22 169
759 12 2 22 170
760 -62 2 22 178
761 44 2 22 182
762 94 2 22 219
763 16 2 22 222
764 198 2 22 227
765 -198 2 22 229
766 -162 2 22 230
767 -8 2 22 240
768 -116 2 22 241
769 148 2 22 244
770 148 2 23 27
771 200 2 23 28
772 -88 2 23 30
773 126 2 23 61
774 132 2 23 114
775 106 2 23 130
776 -4 2 23 131
777 66 2 23 132
778 28 2 23 139
779 -176 2 23 144
780 -94 2 23 155
781 -46 2 23 166
782 74 2 23 180
783 -2 2 23 188
784 -100 2 23 201
785 -162 2 23 206
786 -174 2 23 213
787 -138 2 23 215
788 -52 2 23 237
789 -114 2 23 247
790 -8 2 23 248
791 -194 2 24 43
792 166 2 24 67
793 -6 2 24 70
794 -180 2 24 73
795 70 2 24 75
796 162 2 24 133
797 196 2 24 160
798 46 2 24 178
799 28 2 24 188
800 -186 2 24 191
801 -50 2 24 210
802 132 2 24 212
803 22 2 24 229
804 -48 2 24 237
805 -126 2 24 245
806 -28 2 24 246
807 84 2 25 49
808 72 2 25 51
809 -32 2 25 59
810 -20 2 25 67
811 -184 2 25 78
812 26 2 25 90
813 -82 2 25 100
814 -72 2 25 105
815 -6 2 25 114
816 106 2 25 116
817 20 2 25 124
818 144 2 25 133
819 154 2 25 134
820 116 2 25 139
821 94 2 25 143
822 -70 2 25 154
823 -58 2 25 162
824 74 2 25 169
825 -116 2 25 170
826 200 2 25 181
827 -2 2 25 195
828 -172 2 25 199
829 74 2 25 204
830 16 2 25 205
831 106 2 25 215
832 26 2 25 234
833 -166 2 25 235
834 10 2 26 32
835 140 2 26 49
836 -170 2 26 59
837 194 2 26 67
838 -142 2 26 71
839 -188 2 26 83
840 -82 2 26 92
841 -126 2 26 102
842 160 2 26 106
843 -132 2 26 118
844 -174 2 26 122
845 104 2 26 132
846 146 2 26 156
847 182 2 26 157
848 -10 2 26 192
849 170 2 26 199
850 72 2 26 211
851 84 2 26 227
852 100 2 26 234
853 -126 2 26 239
854 -172 2 26 249
855 132 2 27 42
856 168 2 27 53
857 -40 2 27 78
858 -14 2 27 82
859 -4 2 27 92
860 -196 2 27 102
861 -18 2 27 162
862 -82 2 27 171
863 86 2 27 174
864 152 2 27 193
865 84 2 27 194
866 184 2 27 227
867 -96 2 27 235
868 136 2 27 242
869 -156 2 27 246
870 192 2 28 38
871 -184 2 28 40
872 -156 2 28 54
873 -54 2 28 68
874 8 2 28 73
875 -52 2 28 78
876 62 2 28 84
877 60 2 28 103
878 22 2 28 105
879 -22 2 28 112
880 2 2 28 125
881 -38 2 28 132
882 26 2 28 135
883 -148 2 28 138
884 96 2 28 140
885 -124 2 28 143
886 44 2 28 145
887 138 2 28 157
888 146 2 28 179
889 66 2 28 192
890 -60 2 28 194
891 -12 2 28 198
892 -126 2 28 217
893 12 2 28 218
894 -148 2 28 221
895 -186 2 28 237
896 -158 2 28 243
897 160 2 28 247
898 168 2 29 41
899 200 2 29 51
900 150 2 29 76
901 34 2 29 84
902 42 2 29 99
903 -14 2 29 111
904 76 2 29 112
905 2 2 29 132
906 136 2 29 133
907 158 2 29 136
908 -96 2 29 138
909 2 2 29 184
910 -182 2 29 192
911 -134 2 29 199
912 -44 2 29 206
913 -88 2 29 207
914 -182 2 29 217
915 4 2 29 220
916 -142 2 29 223
917 -176 2 29 232
918 82 2 29 244
919 -22 2 30 42
920 132 2 30 49
921 -146 2 30 57
922 32 2 30 62
923 -82 2 30 70
924 -30 2 30 81
925 132 2 30 96
926 90 2 30 100
927 -68 2 30 104
928 178 2 30 115
929 -106 2 30 124
930 -58 2 30 154
931 24 2 30 158
932 -14 2 30 165
933 170 2 30 166
934 -112 2 30 222
935 -96 2 30 237
936 138 2 30 239
937 -110 2 30 241
938 28 2 31 43
939 174 2 31 46
940 10 2 31 53
941 -52 2 31 63
942 142 2 31 77
943 -4 2 31 90
944 34 2 31 99
945 -120 2 31 108
946 -152 2 31 129
947 -62 2 31 132
948 -180 2 31 134
949 -166 2 31 141
950 78 2 31 158
951 106 2 31 179
952 196 2 31 188
953 -106 2 31 190
954 72 2 31 197
955 72 2 31 217
956 88 2 31 235
957 26 2 32 44
958 -68 2 32 60
959 102 2 32 89
960 -64 2 32 91
961 -120 2 32 95
962 108 2 32 121
963 -178 2 32 122
964 2 2 32 125
965 -82 2 32 132
966 2 2 32 166
967 -74 2 32 170
968 -64 2 32 172
969 -136 2 32 176
970 -58 2 32 188
971 142 2 32 191
972 -130 2 32 192
973 -72 2 32 203
974 12 2 32 210
975 16 2 32 227
976 134 2 32 232
977 160 2 32 239
978 162 2 32 245
979 156 2 32 248
980 -126 2 33 39
981 142 2 33 47
982 -140 2 33 56
983 4 2 33 62
984 -160 2 33 64
985 -28 2 33 67
986 126 2 33 71
987 -136 2 33 73
988 -92 2 33 85
989 -184 2 33 93
990 28 2 33 110
991 146 2 33 117
992 48 2 33 124
993 14 2 33 137
994 -26 2 33 147
995 42 2 33 185
996 122 2 33 188
997 138 2 33 211
998 158 2 33 215
999 -4 2 33 249
1000 86 2 34 39
1001 158 2 34 46
1002 -168 2 34 49
1003 -16 2 34 55
1004 -82 2 34 61
1005 -14 2 34 68
1006 94 2 34 73
1007 62 2 34 81
1008 14 2 34 84
1009 182 2 34 92
1010 200 2 34 97
1011 -134 2 34 99
1012 -14 2 34 106
1013 138 2 34 114
1014 -116 2 34 115
1015 68 2 34 119
1016 142 2 34 136
1017 -84 2 34 138
1018 2 2 34 146
1019 158 2 34 160
1020 200 2 34 162
1021 -142 2 34 167
1022 112 2 34 168
1023 -138 2 34 176
1024 92 2 34 186
1025 18 2 34 200
1026 42 2 34 209
1027 176 2 34 214
1028 14 2 34 241
1029 40 2 35 45
1030 130 2 35 51
1031 56 2 35 53
1032 -190 2 35 69
1033 -96 2 35 70
1034 28 2 35 75
1035 -96 2 35 91
1036 -28 2 35 93
1037 94 2 35 102
1038 -36 2 35 116
1039 -150 2 35 128
1040 34 2 35 148
1041 -40 2 35 155
1042 -46 2 35 170
1043 158 2 35 176
1044 186 2 35 182
1045 -78 2 35 193
1046 -46 2 35 199
1047 -62 2 35 201
1048 148 2 35 210
1049 26 2 36 61
1050 -170 2 36 67
1051 184 2 36 85
1052 28 2 36 94
1053 16 2 36 116
1054 100 2 36 125
1055 78 2 36 139
1056 -94 2 36 149
1057 -170 2 36 164
1058 -174 2 36 172
1059 -174 2 36 173
1060 -196 2 36 196
1061 -36 2 36 224
1062 -174 2 36 238
1063 148 2 36 245
1064 72 2 36 247
1065 82 2 37 47
1066 64 2 37 60
1067 128 2 37 74
1068 -40 2 37 81
1069 110 2 37 91
1070 -34 2 37 98
1071 -126 2 37 101
1072 154 2 37 130
1073 62 2 37 135
1074 196 2 37 148
1075 142 2 37 163
1076 -78 2 37 175
1077 170 2 37 177
1078 -78 2 37 178
1079 62 2 37 190
1080 58 2 37 193
1081 -54 2 37 196
1082 -62 2 37 201
1083 -174 2 37 220
1084 138 2 37 245
1085 56 2 38 44
1086 -168 2 38 50
1087 -172 2 38 52
1088 -52 2 38 65
1089 -106 2 38 73
1090 198 2 38 80
1091 -80 2 38 88
1092 100 2 38 114
1093 42 2 38 124
1094 126 2 38 154
1095 -104 2 38 161
1096 130 2 38 174
1097 54 2 38 182
1098 -108 2 38 196
1099 58 2 38 206
1100 -54 2 38 207
1101 66 2 38 212
1102 128 2 38 214
1103 170 2 38 227
1104 -188 2 38 240
1105 160 2 39 40
1106 140 2 39 42
1107 136 2 39 51
1108 98 2 39 54
1109 128 2 39 58
1110 -20 2 39 79
1111 34 2 39 80
1112 164 2 39 99
1113 -118 2 39 100
1114 -146 2 39 115
1115 118 2 39 117
1116 -122 2 39 122
1117 98 2 39 124
1118 -102 2 39 129
1119 -62 2 39 141
1120 186 2 39 158
1121 -112 2 39 159
1122 -54 2 39 173
1123 118 2 39 176
1124 -192 2 39 177
1125 98 2 39 183
1126 64 2 39 200
1127 68 2 39 222
1128 52 2 39 228
1129 18 2 39 244
1130 -176 2 40 42
1131 -88 2 40 45
1132 160 2 40 56
1133 138 2 40 63
1134 -120 2 40 66
1135 -76 2 40 85
1136 -80 2 40 89
1137 24 2 40 96
1138 -132 2 40 101
1139 180 2 40 108
1140 188 2 40 122
1141 106 2 40 127
1142 162 2 40 134
1143 -58 2 40 139
1144 -154 2 40 160
1145 130 2 40 167
1146 70 2 40 168
1147 36 2 40 184
1148 58 2 40 188
1149 -178 2 40 206
1150 -102 2 40 210
1151 -86 2 40 233
1152 74 2 40 234
1153 -176 2 40 236
1154 -8 2 40 241
1155 -190 2 41 71
1156 -114 2 41 77
1157 140 2 41 81
1158 -116 2 41 88
1159 144 2 41 99
1160 56 2 41 103
1161 -130 2 41 105
1162 -106 2 41 107
1163 178 2 41 109
1164 24 2 41 133
1165 116 2 41 136
1166 154 2 41 144
1167 112 2 41 181
1168 -194 2 41 192
1169 164 2 41 201
1170 50 2 41 218
1171 -172 2 41 221
1172 -134 2 41 229
1173 -72 2 41 236
1174 20 2 42 45
1175 -64 2 42 47
1176 -140 2 42 49
1177 172 2 42 55
1178 -114 2 42 59
1179 198 2 42 61
1180 -172 2 42 65
1181 106 2 42 66
1182 78 2 42 69
1183 78 2 42 71
1184 180 2 42 72
1185 198 2 42 73
1186 -24 2 42 81
1187 24 2 42 85
1188 158 2 42 110
1189 -22 2 42 133
1190 86 2 42 135
1191 182 2 42 150
1192 148 2 42 162
1193 -90 2 42 165
1194 -10 2 42 171
1195 10 2 42 187
1196 -6 2 42 194
1197 166 2 42 196
1198 -182 2 42 199
1199 20 2 42 204
1200 176 2 42 224
1201 -74 2 42 244
1202 -168 2 42 248
1203 -170 2 43 65
1204 80 2 43 74
1205 182 2 43 76
1206 150 2 43 89
1207 -52 2 43 93
1208 20 2 43 105
1209 -192 2 43 106
1210 -68 2 43 129
1211 142 2 43 132
1212 190 2 43 140
1213 132 2 43 149
1214 -174 2 43 153
1215 -172 2 43 159
1216 184 2 43 161
1217 -62 2 43 168
1218 -102 2 43 173
1219 14 2 43 174
1220 -94 2 43 177
1221 -180 2 43 186
1222 -8 2 43 199
1223 -196 2 43 211
1224 28 2 43 224
1225 -128 2 43 233
1226 -118 2 43 249
1227 108 2 44 49
1228 -2 2 44 65
1229 -194 2 44 79
1230 62 2 44 85
1231 114 2 44 96
1232 96 2 44 114
1233 -172 2 44 122
1234 -182 2 44 126
1235 -84 2 44 150
1236 -6 2 44 152
1237 168 2 44 155
1238 130 2 44 158
1239 -12 2 44 178
1240 182 2 44 183
1241 -98 2 44 233
1242 -62 2 44 243
1243 184 2 45 51
1244 52 2 45 58
1245 -190 2 45 63
1246 -18 2 45 75
1247 -56 2 45 78
1248 178 2 45 85
1249 -86 2 45 89
1250 14 2 45 99
1251 -80 2 45 105
1252 -88 2 45 111
1253 -66 2 45 116
1254 -26 2 45 120
1255 -54 2 45 139
1256 128 2 45 140
1257 -142 2 45 145
1258 82 2 45 152
1259 -114 2 45 155
1260 70 2 45 156
1261 154 2 45 174
1262 -138 2 45 184
1263 -138 2 45 188
1264 112 2 45 192
1265 14 2 45 194
1266 104 2 45 206
1267 -28 2 45 228
1268 72 2 45 231
1269 -96 2 45 236
1270 -148 2 45 244
1271 -86 2 45 247
1272 -118 2 46 48
1273 -158 2 46 58
1274 96 2 46 59
1275 -120 2 46 78
1276 100 2 46 82
1277 12 2 46 96
1278 172 2 46 110
1279 -186 2 46 118
1280 30 2 46 122
1281 -198 2 46 149
1282 -126 2 46 169
1283 -72 2 46 174
1284 16 2 46 209
1285 -66 2 46 217
1286 174 2 46 223
1287 -12 2 46 228
1288 36 2 46 241
1289 -148 2 46 246
1290 178 2 47 65
1291 -14 2 47 90
1292 146 2 47 101
1293 170 2 47 103
1294 -14 2 47 114
1295 46 2 47 138
1296 40 2 47 139
1297 24 2 47 141
1298 110 2 47 142
1299 -86 2 47 148
1300 48 2 47 153
1301 -168 2 47 194
1302 -18 2 47 211
1303 -6 2 47 223
1304 10 2 47 226
1305 82 2 48 55
1306 -164 2 48 56
1307 -52 2 48 65
1308 108 2 48 72
1309 122 2 48 98
1310 90 2 48 108
1311 -150 2 48 110
1312 126 2 48 112
1313 -100 2 48 117
1314 -152 2 48 132
1315 -106 2 48 134
1316 132 2 48 144
1317 -48 2 48 167
1318 126 2 48 178
1319 -14 2 48 182
1320 46 2 48 187
1321 -2 2 48 190
1322 138 2 48 193
1323 46 2 48 212
1324 -106 2 48 227
1325 -148 2 48 233
1326 -190 2 48 244
1327 50 2 49 62
1328 -180 2 49 74
1329 168 2 49 79
1330 -130 2 49 90
1331 68 2 49 96
1332 20 2 49 103
1333 126 2 49 104
1334 -10 2 49 121
1335 -16 2 49 122
1336 -170 2 49 148
1337 184 2 49 151
1338 140 2 49 176
1339 -44 2 49 181
1340 20 2 49 183
1341 96 2 49 188
1342 -176 2 49 190
1343 -146 2 49 203
1344 -118 2 49 214
1345 64 2 49 230
1346 -100 2 50 84
1347 50 2 50 93
1348 18 2 50 106
1349 10 2 50 143
1350 104 2 50 152
1351 136 2 50 178
1352 36 2 50 180
1353 178 2 50 190
1354 28 2 50 207
1355 40 2 50 211
1356 154 2 50 214
1357 -4 2 50 215
1358 92 2 50 218
1359 30 2 50 221
1360 -6 2 50 223
1361 -182 2 50 234
1362 -68 2 50 238
1363 46 2 50 239
1364 176 2 50 244
1365 4 2 51 54
1366 180 2 51 55
1367 72 2 51 69
1368 76 2 51 84
1369 -70 2 51 87
1370 76 2 51 88
1371 -104 2 51 109
1372 118 2 51 116
1373 -110 2 51 120
1374 -166 2 51 127
1375 188 2 51 131
1376 72 2 51 134
1377 -196 2 51 136
1378 68 2 51 146
1379 172 2 51 160
1380 116 2 51 183
1381 -178 2 51 184
1382 -10 2 51 187
1383 44 2 51 194
1384 184 2 51 223
1385 30 2 51 227
1386 -188 2 51 229
1387 110 2 51 242
1388 100 2 51 249
1389 -170 2 52 55
1390 -148 2 52 61
1391 -170 2 52 85
1392 -142 2 52 92
1393 110 2 52 97
1394 120 2 52 101
1395 66 2 52 143
1396 -22 2 52 149
1397 74 2 52 160
1398 -156 2 52 161
1399 132 2 52 165
1400 100 2 52 166
1401 112 2 52 168
1402 -196 2 52 174
1403 -132 2 52 195
1404 138 2 52 214
1405 182 2 52 220
1406 -4 2 52 221
1407 182 2 52 223
1408 20 2 52 229
1409 -52 2 52 235
1410 22 2 53 62
1411 -80 2 53 69
1412 -40 2 53 79
1413 46 2 53 80
1414 -160 2 53 85
1415 76 2 53 97
1416 138 2 53 101
1417 -98 2 53 112
1418 -30 2 53 120
1419 162 2 53 127
1420 -186 2 53 143
1421 110 2 53 152
1422 -48 2 53 161
1423 -146 2 53 162
1424 46 2 53 164
1425 -98 2 53 171
1426 -40 2 53 178
1427 -4 2 53 180
1428 -138 2 53 185
1429 -50 2 53 189
1430 190 2 53 194
1431 174 2 53 215
1432 -50 2 53 216
1433 184 2 53 227
1434 2 2 53 250
1435 110 2 54 68
1436 -8 2 54 82
1437 32 2 54 106
1438 146 2 54 108
1439 154 2 54 116
1440 -136 2 54 139
1441 -68 2 54 155
1442 84 2 54 169
1443 -164 2 54 176
1444 98 2 54 179
1445 22 2 54 184
1446 -12 2 54 202
1447 -10 2 54 203
1448 -126 2 54 205
1449 68 2 54 209
1450 108 2 54 215
1451 126 2 54 228
1452 80 2 54 235
1453 84 2 54 250
1454 -64 2 55 59
1455 156 2 55 62
1456 -42 2 55 88
1457 -198 2 55 100
1458 140 2 55 102
1459 102 2 55 108
1460 -178 2 55 121
1461 16 2 55 128
1462 -122 2 55 130
1463 -172 2 55 140
1464 198 2 55 156
1465 76 2 55 160
1466 -162 2 55 168
1467 166 2 55 170
1468 14 2 55 177
1469 -68 2 55 181
1470 112 2 55 183
1471 90 2 55 184
1472 -86 2 55 194
1473 -180 2 55 196
1474 -20 2 55 206
1475 -192 2 55 212
1476 -82 2 55 215
1477 -18 2 55 239
1478 -84 2 55 241
1479 -26 2 55 243
1480 120 2 56 61
1481 -44 2 56 95
1482 60 2 56 98
1483 14 2 56 102
1484 -188 2 56 105
1485 160 2 56 108
1486 -50 2 56 125
1487 44 2 56 127
1488 182 2 56 133
1489 170 2 56 136
1490 -16 2 56 143
1491 -68 2 56 154
1492 -24 2 56 156
1493 28 2 56 157
1494 -142 2 56 175
1495 94 2 56 181
1496 128 2 56 201
1497 190 2 56 212
1498 -176 2 56 218
1499 152 2 56 223
1500 162 2 56 240
1501 -20 2 56 244
1502 166 2 57 61
1503 144 2 57 62
1504 -40 2 57 71
1505 46 2 57 72
1506 -156 2 57 76
1507 66 2 57 86
1508 178 2 57 90
1509 4 2 57 91
1510 52 2 57 94
1511 -154 2 57 98
1512 66 2 57 104
1513 -142 2 57 108
1514 184 2 57 111
1515 -140 2 57 137
1516 108 2 57 141
1517 -14 2 57 161
1518 -122 2 57 172
1519 -8 2 57 181
1520 188 2 57 192
1521 156 2 57 203
1522 18 2 57 206
1523 188 2 57 210
1524 -42 2 57 211
1525 -198 2 57 212
1526 32 2 57 249
1527 124 2 58 70
1528 -186 2 58 79
1529 -142 2 58 83
1530 104 2 58 111
1531 -180 2 58 113
1532 -162 2 58 137
1533 -88 2 58 141
1534 -30 2 58 142
1535 -180 2 58 144
1536 60 2 58 151
1537 -174 2 58 155
1538 130 2 58 165
1539 -46 2 58 166
1540 68 2 58 175
1541 112 2 58 205
1542 174 2 58 211
1543 -104 2 58 218
1544 -2 2 58 228
1545 -6 2 58 229
1546 190 2 58 231
1547 54 2 58 244
1548 156 2 59 60
1549 114 2 59 69
1550 -98 2 59 70
1551 138 2 59 83
1552 -36 2 59 84
1553 182 2 59 90
1554 -104 2 59 95
1555 -142 2 59 97
1556 -162 2 59 101
1557 -66 2 59 111
1558 -14 2 59 118
1559 -120 2 59 123
1560 -48 2 59 133
1561 106 2 59 135
1562 166 2 59 139
1563 60 2 59 161
1564 -70 2 59 172
1565 -26 2 59 175
1566 -90 2 59 208
1567 10 2 59 249
1568 122 2 60 61
1569 -58 2 60 66
1570 -130 2 60 75
1571 -8 2 60 86
1572 -194 2 60 111
1573 -56 2 60 119
1574 -150 2 60 131
1575 90 2 60 143
1576 -64 2 60 170
1577 36 2 60 171
1578 190 2 60 174
1579 -26 2 60 195
1580 82 2 60 202
1581 -82 2 60 206
1582 76 2 60 214
1583 -174 2 60 217
1584 138 2 60 223
1585 150 2 60 226
1586 -108 2 60 235
1587 -102 2 60 239
1588 14 2 61 62
1589 -180 2 61 73
1590 100 2 61 76
1591 -34 2 61 77
1592 96 2 61 78
1593 6 2 61 79
1594 186 2 61 85
1595 -22 2 61 100
1596 -48 2 61 102
1597 54 2 61 109
1598 -166 2 61 111
1599 -156 2 61 113
1600 -112 2 61 132
1601 44 2 61 153
1602 -54 2 61 157
1603 58 2 61 158
1604 -130 2 61 162
1605 -76 2 61 164
1606 32 2 61 170
1607 -192 2 61 172
1608 198 2 61 173
1609 184 2 61 186
1610 52 2 61 193
1611 -66 2 61 199
1612 116 2 61 203
1613 -158 2 61 205
1614 -52 2 61 209
1615 20 2 61 217
1616 60 2 61 231
1617 94 2 61 245
1618 134 2 62 73
1619 -56 2 62 77
1620 -56 2 62 82
1621 -78 2 62 83
1622 98 2 62 93
1623 -100 2 62 116
1624 -122 2 62 128
1625 -152 2 62 162
1626 -60 2 62 164
1627 152 2 62 189
1628 82 2 62 206
1629 -180 2 62 212
1630 -136 2 62 219
1631 -6 2 62 236
1632 64 2 62 237
1633 10 2 62 244
1634 -40 2 63 75
1635 28 2 63 89
1636 46 2 63 99
1637 -152 2 63 117
1638 -68 2 63 145
1639 -110 2 63 151
1640 -184 2 63 170
1641 26 2 63 175
1642 108 2 63 195
1643 30 2 63 205
1644 198 2 63 210
1645 -62 2 63 229
1646 190 2 63 235
1647 154 2 63 244
1648 -150 2 64 66
1649 -194 2 64 78
1650 182 2 64 81
1651 44 2 64 83
1652 120 2 64 88
1653 -162 2 64 90
1654 -170 2 64 104
1655 138 2 64 111
1656 46 2 64 113
1657 -172 2 64 120
1658 -142 2 64 123
1659 -56 2 64 127
1660 38 2 64 142
1661 108 2 64 151
1662 -152 2 64 152
1663 -184 2 64 156
1664 -190 2 64 169
1665 -76 2 64 220
1666 -170 2 64 231
1667 -62 2 64 232
1668 -82 2 64 249
1669 150 2 65 77
1670 58 2 65 86
1671 -128 2 65 94
1672 -34 2 65 103
1673 106 2 65 106
1674 100 2 65 112
1675 62 2 65 127
1676 -80 2 65 129
1677 -104 2 65 142
1678 -38 2 65 145
1679 30 2 65 152
1680 -148 2 65 158
1681 -80 2 65 162
1682 186 2 65 168
1683 -174 2 65 176
1684 -102 2 65 187
1685 -102 2 65 188
1686 162 2 65 190
1687 -4 2 65 202
1688 -20 2 65 208
1689 -20 2 65 215
1690 188 2 65 228
1691 22 2 65 231
1692 -24 2 66 91
1693 -100 2 66 95
1694 122 2 66 98
1695 16 2 66 102
1696 42 2 66 121
1697 -106 2 66 144
1698 -182 2 66 148
1699 -96 2 66 155
1700 96 2 66 162
1701 8 2 66 171
1702 -192 2 66 176
1703 106 2 66 182
1704 -90 2 66 190
1705 114 2 66 206
1706 168 2 66 208
1707 -100 2 66 223
1708 -164 2 66 246
1709 150 2 66 249
1710 -70 2 67 95
1711 172 2 67 99
1712 -164 2 67 105
1713 60 2 67 134
1714 -108 2 67 139
1715 58 2 67 141
1716 -72 2 67 149
1717 130 2 67 156
1718 -170 2 67 161
1719 136 2 67 169
1720 -10 2 67 177
1721 24 2 67 184
1722 72 2 67 185
1723 152 2 67 188
1724 -142 2 67 196
1725 -168 2 67 200
1726 -100 2 67 201
1727 -66 2 67 204
1728 6 2 67 212
1729 -180 2 67 234
1730 -66 2 67 237
1731 26 2 67 240
1732 152 2 68 69
1733 48 2 68 80
1734 200 2 68 84
1735 82 2 68 85
1736 -26 2 68 89
1737 -88 2 68 105
1738 -94 2 68 130
1739 -60 2 68 146
1740 52 2 68 158
1741 192 2 68 161
1742 -114 2 68 166
1743 -46 2 68 189
1744 142 2 68 197
1745 194 2 68 209
1746 102 2 68 217
1747 148 2 68 225
1748 -38 2 68 228
1749 24 2 68 248
1750 94 2 68 250
1751 -132 2 69 71
1752 94 2 69 74
1753 -92 2 69 88
1754 -36 2 69 105
1755 -34 2 69 115
1756 176 2 69 118
1757 -22 2 69 136
1758 36 2 69 146
1759 -100 2 69 170
1760 -174 2 69 181
1761 24 2 69 188
1762 -150 2 69 212
1763 28 2 69 214
1764 118 2 69 232
1765 82 2 69 240
1766 86 2 70 78
1767 -130 2 70 97
1768 124 2 70 107
1769 -88 2 70 111
1770 -100 2 70 112
1771 42 2 70 120
1772 88 2 70 163
1773 -56 2 70 169
1774 -186 2 70 170
1775 146 2 70 189
1776 -186 2 70 211
1777 -120 2 70 228
1778 -118 2 71 87
1779 -162 2 71 89
1780 -6 2 71 95
1781 -36 2 71 107
1782 144 2 71 113
1783 74 2 71 117
1784 70 2 71 134
1785 -56 2 71 140
1786 -128 2 71 145
1787 -34 2 71 146
1788 -158 2 71 158
1789 -168 2 71 159
1790 -66 2 71 164
1791 -80 2 71 176
1792 -74 2 71 178
1793 -80 2 71 180
1794 26 2 71 211
1795 30 2 71 212
1796 -98 2 71 235
1797 106 2 71 245
1798 -18 2 72 74
1799 -92 2 72 87
1800 -124 2 72 95
1801 162 2 72 97
1802 128 2 72 109
1803 -60 2 72 115
1804 -160 2 72 116
1805 -98 2 72 145
1806 -158 2 72 163
1807 -14 2 72 164
1808 108 2 72 174
1809 146 2 72 176
1810 -102 2 72 178
1811 -162 2 72 201
1812 148 2 72 217
1813 -76 2 72 225
1814 164 2 72 226
1815 152 2 72 237
1816 74 2 72 238
1817 182 2 72 243
1818 200 2 73 80
1819 -154 2 73 122
1820 -94 2 73 130
1821 8 2 73 146
1822 -86 2 73 149
1823 -28 2 73 150
1824 60 2 73 161
1825 156 2 73 170
1826 -138 2 73 172
1827 66 2 73 179
1828 4 2 73 185
1829 42 2 73 186
1830 -50 2 73 194
1831 184 2 73 210
1832 6 2 73 219
1833 -62 2 73 221
1834 -32 2 73 239
1835 -174 2 73 240
1836 182 2 74 82
1837 76 2 74 124
1838 180 2 74 147
1839 -78 2 74 172
1840 -94 2 74 181
1841 50 2 74 190
1842 104 2 74 195
1843 88 2 74 215
1844 -198 2 74 220
1845 164 2 74 221
1846 -100 2 74 245
1847 -54 2 75 76
1848 78 2 75 77
1849 -186 2 75 101
1850 -192 2 75 107
1851 102 2 75 111
1852 -54 2 75 120
1853 78 2 75 126
1854 -196 2 75 148
1855 8 2 75 157
1856 178 2 75 163
1857 -90 2 75 174
1858 -112 2 75 177
1859 -86 2 75 188
1860 -86 2 75 190
1861 92 2 75 192
1862 162 2 75 199
1863 -120 2 75 201
1864 82 2 75 218
1865 156 2 75 219
1866 82 2 75 231
1867 -124 2 75 232
1868 98 2 76 88
1869 178 2 76 104
1870 -192 2 76 130
1871 64 2 76 156
1872 -86 2 76 161
1873 10 2 76 172
1874 -104 2 76 178
1875 176 2 76 181
1876 -130 2 76 191
1877 50 2 76 195
1878 -198 2 76 200
1879 80 2 76 206
1880 170 2 76 232
1881 -96 2 77 92
1882 130 2 77 105
1883 -138 2 77 121
1884 -138 2 77 127
1885 -138 2 77 130
1886 -6 2 77 156
1887 26 2 77 162
1888 -188 2 77 164
1889 -26 2 77 178
1890 -128 2 77 187
1891 -16 2 77 200
1892 10 2 77 210
1893 -176 2 77 228
1894 38 2 78 126
1895 150 2 78 128
1896 -102 2 78 163
1897 -30 2 78 169
1898 68 2 78 174
1899 38 2 78 178
1900 158 2 78 217
1901 20 2 78 229
1902 -44 2 78 241
1903 128 2 78 242
1904 -28 2 78 244
1905 -42 2 79 84
1906 86 2 79 86
1907 -144 2 79 106
1908 4 2 79 138
1909 -114 2 79 139
1910 -16 2 79 151
1911 -32 2 79 152
1912 -144 2 79 167
1913 120 2 79 169
1914 182 2 79 182
1915 -134 2 79 218
1916 46 2 79 235
1917 -106 2 79 242
1918 -174 2 79 245
1919 158 2 80 82
1920 8 2 80 83
1921 82 2 80 92
1922 182 2 80 96
1923 110 2 80 138
1924 -142 2 80 165
1925 66 2 80 174
1926 92 2 80 195
1927 188 2 80 201
1928 166 2 80 218
1929 134 2 80 227
1930 140 2 80 228
1931 -198 2 80 230
1932 -174 2 80 238
1933 -134 2 80 244
1934 -118 2 80 246
1935 -188 2 81 82
1936 68 2 81 86
1937 -152 2 81 91
1938 -128 2 81 104
1939 126 2 81 106
1940 102 2 81 109
1941 158 2 81 126
1942 -88 2 81 138
1943 102 2 81 151
1944 42 2 81 152
1945 154 2 81 161
1946 32 2 81 177
1947 -42 2 81 184
1948 178 2 81 195
1949 -122 2 81 196
1950 -186 2 81 198
1951 -92 2 81 209
1952 50 2 81 212
1953 -96 2 81 238
1954 -80 2 81 244
1955 -72 2 82 85
1956 -16 2 82 91
1957 -28 2 82 122
1958 -198 2 82 133
1959 6 2 82 137
1960 186 2 82 149
1961 -182 2 82 150
1962 -58 2 82 152
1963 176 2 82 158
1964 182 2 82 187
1965 32 2 82 204
1966 30 2 82 221
1967 140 2 82 240
1968 80 2 82 245
1969 -182 2 83 87
1970 -60 2 83 91
1971 28 2 83 126
1972 -96 2 83 148
1973 -166 2 83 170
1974 184 2 83 195
1975 100 2 83 203
1976 184 2 83 221
1977 56 2 83 223
1978 -152 2 83 233
1979 -104 2 83 240
1980 134 2 83 243
1981 144 2 84 86
1982 192 2 84 124
1983 -42 2 84 126
1984 -54 2 84 131
1985 94 2 84 140
1986 170 2 84 147
1987 -96 2 84 155
1988 80 2 84 180
1989 -132 2 84 224
1990 50 2 84 225
1991 -102 2 84 233
1992 166 2 84 239
1993 136 2 84 247
1994 66 2 85 101
1995 -170 2 85 118
1996 -186 2 85 124
1997 -56 2 85 131
1998 -98 2 85 136
1999 56 2 85 141
2000 186 2 85 142
2001 50 2 85 151
2002 38 2 85 166
2003 154 2 85 182
2004 -64 2 85 187
2005 92 2 85 213
2006 56 2 85 214
2007 -178 2 85 223
2008 -78 2 85 247
2009 -70 2 86 113
2010 10 2 86 114
2011 -186 2 86 131
2012 -2 2 86 140
2013 2 2 86 155
2014 142 2 86 163
2015 182 2 86 167
2016 192 2 86 182
2017 -168 2 86 185
2018 14 2 86 227
2019 156 2 86 232
2020 54 2 86 234
2021 190 2 87 90
2022 -6 2 87 99
2023 86 2 87 113
2024 -68 2 87 141
2025 -62 2 87 144
2026 40 2 87 155
2027 -196 2 87 181
2028 110 2 87 184
2029 -120 2 87 185
2030 112 2 87 235
2031 112 2 88 90
2032 -26 2 88 93
2033 138 2 88 98
2034 184 2 88 111
2035 74 2 88 137
2036 -122 2 88 138
2037 -126 2 88 140
2038 58 2 88 157
2039 22 2 88 169
2040 -30 2 88 170
2041 -134 2 88 175
2042 68 2 88 178
2043 -122 2 88 181
2044 60 2 88 191
2045 24 2 88 194
2046 -14 2 88 210
2047 54 2 88 214
2048 -8 2 88 223
2049 -146 2 88 227
2050 -106 2 88 238
2051 88 2 89 98
2052 192 2 89 117
2053 -140 2 89 126
2054 64 2 89 127
2055 -4 2 89 134
2056 20 2 89 135
2057 -12 2 89 152
2058 108 2 89 160
2059 -44 2 89 183
2060 196 2 89 186
2061 -88 2 89 187
2062 74 2 89 210
2063 -112 2 89 221
2064 -112 2 89 239
2065 -88 2 89 240
2066 42 2 89 245
2067 -140 2 90 95
2068 164 2 90 96
2069 -8 2 90 97
2070 -40 2 90 106
2071 70 2 90 110
2072 -10 2 90 120
2073 72 2 90 161
2074 52 2 90 163
2075 192 2 90 168
2076 -40 2 90 173
2077 -178 2 90 200
2078 24 2 90 206
2079 -60 2 90 216
2080 184 2 90 217
2081 138 2 90 221
2082 -190 2 90 226
2083 192 2 90 240
2084 186 2 91 99
2085 -24 2 91 102
2086 146 2 91 106
2087 8 2 91 114
2088 -66 2 91 115
2089 176 2 91 128
2090 -196 2 91 134
2091 -12 2 91 144
2092 -112 2 91 154
2093 -20 2 91 158
2094 4 2 91 164
2095 76 2 91 165
2096 136 2 91 173
2097 -88 2 91 187
2098 44 2 91 192
2099 86 2 91 194
2100 26 2 91 220
2101 -108 2 91 228
2102 28 2 91 249
2103 138 2 92 107
2104 -124 2 92 108
2105 182 2 92 120
2106 -66 2 92 123
2107 190 2 92 137
2108 130 2 92 167
2109 -70 2 92 175
2110 -98 2 92 178
2111 102 2 92 184
2112 -164 2 92 195
2113 -12 2 92 196
2114 -20 2 92 204
2115 -102 2 92 250
2116 48 2 93 98
2117 74 2 93 102
2118 -178 2 93 109
2119 -132 2 93 116
2120 176 2 93 121
2121 -168 2 93 124
2122 -38 2 93 141
2123 132 2 93 144
2124 38 2 93 146
2125 -88 2 93 148
2126 -30 2 93 150
2127 -196 2 93 152
2128 -112 2 93 157
2129 162 2 93 161
2130 142 2 93 180
2131 66 2 93 183
2132 144 2 93 199
2133 -164 2 93 202
2134 -42 2 93 203
2135 102 2 93 236
2136 -174 2 93 245
2137 158 2 93 249
2138 156 2 94 107
2139 -44 2 94 129
2140 120 2 94 136
2141 -154 2 94 143
2142 14 2 94 146
2143 -48 2 94 148
2144 16 2 94 160
2145 -78 2 94 172
2146 -192 2 94 183
2147 -156 2 94 185
2148 154 2 94 193
2149 -10 2 94 211
2150 140 2 94 227
2151 72 2 94 248
2152 -4 2 95 115
2153 -34 2 95 132
2154 196 2 95 136
2155 114 2 95 137
2156 -48 2 95 139
2157 -24 2 95 153
2158 166 2 95 171
2159 118 2 95 176
2160 -194 2 95 202
2161 -180 2 95 216
2162 -168 2 95 221
2163 66 2 96 111
2164 -108 2 96 119
2165 -18 2 96 153
2166 -194 2 96 166
2167 -188 2 96 182
2168 124 2 96 188
2169 40 2 96 190
2170 104 2 96 193
2171 146 2 96 209
2172 78 2 96 231
2173 -164 2 96 236
2174 160 2 96 242
2175 -98 2 96 250
2176 186 2 97 116
2177 -106 2 97 119
2178 -84 2 97 131
2179 -148 2 97 138
2180 -162 2 97 142
2181 -174 2 97 154
2182 -162 2 97 158
2183 104 2 97 159
2184 -198 2 97 162
2185 192 2 97 165
2186 158 2 97 173
2187 -46 2 97 180
2188 6 2 97 181
2189 -132 2 97 182
2190 -38 2 97 193
2191 194 2 97 216
2192 -30 2 97 218
2193 74 2 97 228
2194 140 2 97 244
2195 -16 2 98 108
2196 198 2 98 111
2197 -102 2 98 132
2198 192 2 98 183
2199 52 2 98 201
2200 -32 2 98 202
2201 78 2 98 210
2202 114 2 98 224
2203 176 2 98 231
2204 -190 2 98 235
2205 40 2 98 240
2206 76 2 98 246
2207 154 2 99 104
2208 -20 2 99 117
2209 -132 2 99 129
2210 4 2 99 137
2211 -180 2 99 143
2212 140 2 99 185
2213 178 2 99 206
2214 132 2 99 209
2215 -72 2 99 213
2216 -158 2 99 224
2217 -26 2 99 236
2218 58 2 99 239
2219 -154 2 99 244
2220 104 2 100 107
2221 -194 2 100 120
2222 -82 2 100 130
2223 -46 2 100 132
2224 46 2 100 138
2225 178 2 100 147
2226 -30 2 100 154
2227 -68 2 100 189
2228 66 2 100 199
2229 -112 2 100 219
2230 -56 2 100 223
2231 -186 2 100 225
2232 -50 2 100 238
2233 116 2 100 240
2234 -130 2 100 244
2235 46 2 101 122
2236 -40 2 101 143
2237 -198 2 101 145
2238 -184 2 101 165
2239 -182 2 101 174
2240 194 2 101 191
2241 98 2 101 242
2242 -74 2 101 245
2243 -46 2 101 250
2244 -94 2 102 104
2245 -52 2 102 107
2246 -160 2 102 119
2247 2 2 102 120
2248 -58 2 102 123
2249 -158 2 102 124
2250 118 2 102 137
2251 56 2 102 140
2252 48 2 102 181
2253 166 2 102 182
2254 136 2 102 194
2255 -92 2 102 204
2256 -16 2 102 220
2257 40 2 102 225
2258 170 2 102 227
2259 78 2 102 233
2260 26 2 102 250
2261 -118 2 103 104
2262 164 2 103 118
2263 122 2 103 119
2264 132 2 103 123
2265 100 2 103 143
2266 -128 2 103 146
2267 -22 2 103 150
2268 -150 2 103 170
2269 -134 2 103 172
2270 60 2 103 174
2271 -66 2 103 180
2272 154 2 103 197
2273 -140 2 103 214
2274 116 2 103 227
2275 -104 2 103 228
2276 -22 2 103 231
2277 196 2 103 241
2278 -58 2 103 242
2279 36 2 103 245
2280 44 2 104 105
2281 122 2 104 108
2282 102 2 104 127
2283 58 2 104 136
2284 -100 2 104 145
2285 -44 2 104 154
2286 138 2 104 175
2287 140 2 104 199
2288 170 2 104 214
2289 32 2 104 238
2290 -124 2 104 245
2291 -158 2 105 106
2292 200 2 105 112
2293 -78 2 105 140
2294 -76 2 105 141
2295 16 2 105 160
2296 36 2 105 168
2297 186 2 105 173
2298 24 2 105 182
2299 96 2 105 210
2300 186 2 105 214
2301 -26 2 105 219
2302 -8 2 105 235
2303 120 2 105 242
2304 62 2 105 243
2305 -50 2 105 245
2306 48 2 105 248
2307 -38 2 106 108
2308 -180 2 106 130
2309 66 2 106 137
2310 -24 2 106 145
2311 -30 2 106 151
2312 -120 2 106 157
2313 92 2 106 167
2314 -124 2 106 174
2315 -70 2 106 184
2316 -132 2 106 192
2317 -74 2 106 204
2318 70 2 106 212
2319 162 2 106 215
2320 108 2 106 217
2321 22 2 106 237
2322 168 2 106 250
2323 -172 2 107 119
2324 166 2 107 128
2325 -74 2 107 133
2326 -152 2 107 146
2327 -142 2 107 149
2328 -12 2 107 152
2329 86 2 107 176
2330 -152 2 107 186
2331 -142 2 107 187
2332 52 2 107 194
2333 -78 2 107 218
2334 -58 2 107 219
2335 184 2 107 229
2336 50 2 107 249
2337 60 2 108 110
2338 -62 2 108 111
2339 -192 2 108 114
2340 -16 2 108 117
2341 -140 2 108 125
2342 6 2 108 128
2343 -8 2 108 141
2344 66 2 108 143
2345 -62 2 108 149
2346 -106 2 108 163
2347 -48 2 108 175
2348 -64 2 108 185
2349 162 2 108 210
2350 166 2 108 213
2351 22 2 108 216
2352 -24 2 108 221
2353 6 2 108 229
2354 2 2 108 242
2355 190 2 108 248
2356 -72 2 109 123
2357 58 2 109 124
2358 140 2 109 141
2359 64 2 109 143
2360 184 2 109 147
2361 -100 2 109 152
2362 -96 2 109 156
2363 118 2 109 170
2364 -198 2 109 173
2365 -138 2 109 183
2366 158 2 109 196
2367 150 2 109 218
2368 160 2 109 244
2369 -190 2 110 129
2370 -2 2 110 131
2371 158 2 110 153
2372 -168 2 110 154
2373 166 2 110 159
2374 -90 2 110 160
2375 178 2 110 168
2376 16 2 110 170
2377 122 2 110 174
2378 -44 2 110 175
2379 146 2 110 176
2380 -40 2 110 178
2381 56 2 110 181
2382 -102 2 110 183
2383 4 2 110 197
2384 172 2 110 201
2385 102 2 110 205
2386 184 2 110 209
2387 -16 2 110 211
2388 -2 2 110 218
2389 198 2 110 220
2390 -106 2 110 234
2391 -2 2 110 246
2392 162 2 111 113
2393 -196 2 111 128
2394 -118 2 111 155
2395 134 2 111 160
2396 -170 2 111 166
2397 168 2 111 172
2398 -124 2 111 184
2399 68 2 111 206
2400 -116 2 111 209
2401 178 2 111 210
2402 166 2 111 220
2403 130 2 111 224
2404 20 2 111 249
2405 86 2 112 140
2406 -138 2 112 141
2407 -176 2 112 142
2408 -48 2 112 149
2409 134 2 112 162
2410 160 2 112 182
2411 -128 2 112 209
2412 96 2 112 231
2413 32 2 112 247
2414 -154 2 112 248
2415 -174 2 113 121
2416 82 2 113 123
2417 130 2 113 124
2418 -22 2 113 146
2419 124 2 113 152
2420 182 2 113 161
2421 -36 2 113 171
2422 74 2 113 194
2423 52 2 113 195
2424 112 2 113 207
2425 82 2 113 231
2426 -92 2 113 242
2427 90 2 114 119
2428 68 2 114 128
2429 14 2 114 132
2430 -22 2 114 138
2431 -146 2 114 151
2432 -60 2 114 163
2433 110 2 114 179
2434 174 2 114 187
2435 84 2 114 189
2436 198 2 114 195
2437 192 2 114 200
2438 -126 2 114 201
2439 -124 2 114 207
2440 148 2 114 213
2441 2 2 114 214
2442 118 2 114 218
2443 46 2 114 230
2444 -68 2 114 237
2445 178 2 114 243
2446 -142 2 115 130
2447 -136 2 115 143
2448 98 2 115 152
2449 -4 2 115 157
2450 156 2 115 170
2451 -132 2 115 179
2452 -56 2 115 181
2453 52 2 115 183
2454 -158 2 115 189
2455 120 2 115 195
2456 -78 2 115 198
2457 116 2 115 215
2458 -56 2 115 219
2459 -178 2 115 239
2460 80 2 115 242
2461 -72 2 115 244
2462 148 2 116 130
2463 188 2 116 139
2464 -138 2 116 142
2465 -180 2 116 149
2466 184 2 116 152
2467 -26 2 116 153
2468 54 2 116 161
2469 180 2 116 167
2470 -140 2 116 181
2471 -136 2 116 188
2472 -68 2 116 196
2473 24 2 116 213
2474 78 2 116 229
2475 22 2 116 239
2476 160 2 117 120
2477 68 2 117 135
2478 172 2 117 139
2479 -152 2 117 152
2480 94 2 117 154
2481 -146 2 117 191
2482 -4 2 117 196
2483 138 2 117 198
2484 32 2 117 211
2485 -100 2 117 224
2486 176 2 117 228
2487 74 2 117 238
2488 188 2 117 240
2489 -14 2 118 173
2490 182 2 118 180
2491 94 2 118 183
2492 -130 2 118 191
2493 -94 2 118 209
2494 -24 2 118 220
2495 20 2 118 223
2496 30 2 118 229
2497 86 2 119 129
2498 -36 2 119 136
2499 6 2 119 147
2500 -128 2 119 150
2501 -20 2 119 156
2502 -166 2 119 189
2503 -186 2 119 195
2504 94 2 119 226
2505 22 2 119 229
2506 -96 2 119 247
2507 120 2 119 248
2508 20 2 120 130
2509 -54 2 120 144
2510 132 2 120 158
2511 98 2 120 176
2512 -86 2 120 199
2513 140 2 120 213
2514 180 2 120 221
2515 160 2 120 233
2516 -166 2 121 126
2517 78 2 121 127
2518 -130 2 121 141
2519 -108 2 121 145
2520 -2 2 121 159
2521 46 2 121 168
2522 12 2 121 204
2523 150 2 121 220
2524 152 2 121 223
2525 -144 2 121 232
2526 58 2 121 245
2527 -6 2 122 142
2528 134 2 122 144
2529 -24 2 122 174
2530 -146 2 122 191
2531 198 2 122 207
2532 -146 2 122 211
2533 22 2 122 232
2534 -62 2 122 250
2535 174 2 123 135
2536 -146 2 123 137
2537 -156 2 123 138
2538 -84 2 123 139
2539 -42 2 123 142
2540 -48 2 123 149
2541 -36 2 123 178
2542 -138 2 123 187
2543 -136 2 123 190
2544 98 2 123 196
2545 -136 2 123 202
2546 176 2 123 206
2547 -190 2 123 209
2548 162 2 123 227
2549 22 2 123 239
2550 -188 2 124 125
2551 -166 2 124 140
2552 -118 2 124 142
2553 60 2 124 147
2554 -120 2 124 150
2555 182 2 124 154
2556 134 2 124 165
2557 -170 2 124 169
2558 58 2 124 174
2559 -110 2 124 185
2560 -174 2 124 199
2561 40 2 124 220
2562 -30 2 124 233
2563 82 2 124 241
2564 90 2 124 246
2565 118 2 124 247
2566 92 2 125 144
2567 -74 2 125 158
2568 -6 2 125 174
2569 48 2 125 177
2570 18 2 125 178
2571 -50 2 125 226
2572 70 2 125 230
2573 -136 2 125 235
2574 -116 2 125 236
2575 -176 2 125 244
2576 -192 2 125 249
2577 182 2 126 139
2578 -112 2 126 151
2579 -138 2 126 154
2580 -162 2 126 159
2581 -136 2 126 175
2582 -150 2 126 180
2583 164 2 126 196
2584 176 2 126 203
2585 120 2 126 210
2586 126 2 126 220
2587 -162 2 126 223
2588 160 2 126 230
2589 144 2 126 235
2590 -90 2 126 250
2591 72 2 127 181
2592 42 2 127 189
2593 -114 2 127 192
2594 84 2 127 194
2595 -96 2 127 202
2596 14 2 127 204
2597 -172 2 127 216
2598 -100 2 127 218
2599 146 2 127 222
2600 116 2 127 228
2601 -6 2 127 232
2602 -164 2 127 239
2603 -54 2 127 241
2604 48 2 127 245
2605 32 2 128 132
2606 -64 2 128 140
2607 126 2 128 148
2608 182 2 128 157
2609 200 2 128 160
2610 192 2 128 169
2611 -38 2 128 177
2612 56 2 128 181
2613 -182 2 128 186
2614 68 2 128 193
2615 192 2 128 227
2616 -198 2 128 230
2617 56 2 129 135
2618 10 2 129 138
2619 -120 2 129 139
2620 190 2 129 143
2621 130 2 129 146
2622 52 2 129 152
2623 116 2 129 155
2624 -4 2 129 162
2625 -158 2 129 166
2626 -198 2 129 170
2627 26 2 129 196
2628 -100 2 129 204
2629 -96 2 129 205
2630 -10 2 129 213
2631 36 2 129 225
2632 166 2 129 233
2633 156 2 129 235
2634 166 2 129 236
2635 72 2 130 131
2636 30 2 130 139
2637 -148 2 130 147
2638 -50 2 130 171
2639 6 2 130 172
2640 -16 2 130 186
2641 150 2 130 207
2642 6 2 130 217
2643 138 2 130 220
2644 136 2 131 139
2645 186 2 131 152
2646 -170 2 131 160
2647 72 2 131 180
2648 -134 2 131 187
2649 16 2 131 188
2650 -122 2 131 191
2651 48 2 131 196
2652 -102 2 131 218
2653 46 2 131 221
2654 -136 2 131 226
2655 -4 2 131 232
2656 -76 2 131 233
2657 -140 2 131 234
2658 -88 2 132 133
2659 -128 2 132 139
2660 192 2 132 145
2661 -64 2 132 178
2662 -66 2 132 194
2663 -96 2 132 221
2664 184 2 132 232
2665 8 2 132 234
2666 46 2 132 248
2667 84 2 133 136
2668 -34 2 133 147
2669 -78 2 133 161
2670 -116 2 133 176
2671 -114 2 133 184
2672 140 2 133 186
2673 126 2 133 188
2674 68 2 133 200
2675 134 2 133 202
2676 106 2 133 205
2677 62 2 133 216
2678 92 2 133 218
2679 178 2 133 225
2680 -36 2 133 229
2681 -34 2 133 230
2682 -88 2 133 238
2683 -142 2 134 154
2684 124 2 134 155
2685 182 2 134 164
2686 -112 2 134 187
2687 82 2 134 189
2688 46 2 134 192
2689 194 2 134 202
2690 78 2 134 232
2691 -154 2 134 237
2692 -80 2 135 167
2693 34 2 135 173
2694 70 2 135 178
2695 -198 2 135 181
2696 200 2 135 189
2697 -54 2 135 190
2698 -146 2 135 200
2699 158 2 135 205
2700 -36 2 135 206
2701 46 2 135 214
2702 -52 2 135 238
2703 104 2 135 242
2704 -74 2 136 138
2705 186 2 136 149
2706 82 2 136 167
2707 160 2 136 172
2708 22 2 136 182
2709 78 2 136 186
2710 194 2 136 193
2711 -84 2 136 196
2712 -20 2 136 203
2713 184 2 136 211
2714 -148 2 136 222
2715 178 2 136 234
2716 -152 2 136 249
2717 164 2 137 151
2718 136 2 137 172
2719 -22 2 137 173
2720 138 2 137 178
2721 154 2 137 223
2722 24 2 137 225
2723 12 2 137 238
2724 164 2 137 249
2725 44 2 138 140
2726 24 2 138 156
2727 16 2 138 168
2728 32 2 138 190
2729 64 2 138 200
2730 -8 2 138 213
2731 -70 2 138 216
2732 -128 2 138 221
2733 -110 2 138 227
2734 -12 2 138 232
2735 134 2 138 237
2736 18 2 139 150
2737 -174 2 139 157
2738 -118 2 139 161
2739 8 2 139 168
2740 66 2 139 170
2741 -106 2 139 178
2742 120 2 139 183
2743 -160 2 139 188
2744 -128 2 139 190
2745 -58 2 139 192
2746 -44 2 139 213
2747 -106 2 139 226
2748 156 2 139 227
2749 68 2 139 234
2750 36 2 139 246
2751 -180 2 139 248
2752 70 2 140 151
2753 34 2 140 156
2754 200 2 140 179
2755 -44 2 140 188
2756 54 2 140 199
2757 -138 2 140 203
2758 178 2 140 208
2759 142 2 140 213
2760 106 2 140 217
2761 -116 2 140 238
2762 -194 2 140 243
2763 22 2 140 244
2764 108 2 140 247
2765 -130 2 141 143
2766 46 2 141 163
2767 152 2 141 168
2768 -178 2 141 184
2769 130 2 141 204
2770 -114 2 141 211
2771 64 2 141 213
2772 -198 2 141 217
2773 -140 2 141 223
2774 -76 2 141 227
2775 -156 2 141 229
2776 144 2 141 234
2777 18 2 141 236
2778 -170 2 141 247
2779 76 2 142 152
2780 -14 2 142 154
2781 172 2 142 169
2782 120 2 142 172
2783 112 2 142 193
2784 12 2 142 213
2785 -142 2 142 214
2786 -114 2 142 220
2787 152 2 142 226
2788 138 2 142 237
2789 166 2 142 241
2790 -58 2 143 151
2791 -110 2 143 164
2792 156 2 143 173
2793 96 2 143 187
2794 8 2 143 190
2795 20 2 143 197
2796 154 2 143 198
2797 -108 2 143 203
2798 192 2 143 218
2799 -66 2 143 225
2800 18 2 143 236
2801 38 2 143 248
2802 86 2 144 146
2803 -174 2 144 161
2804 -82 2 144 171
2805 -194 2 144 177
2806 -46 2 144 187
2807 10 2 144 190
2808 46 2 144 233
2809 174 2 144 238
2810 186 2 144 245
2811 -86 2 145 149
2812 -78 2 145 158
2813 -154 2 145 160
2814 -42 2 145 191
2815 -72 2 145 204
2816 -8 2 145 219
2817 86 2 145 221
2818 -96 2 145 224
2819 138 2 145 230
2820 154 2 145 239
2821 -62 2 146 156
2822 86 2 146 165
2823 140 2 146 174
2824 -120 2 146 178
2825 -112 2 146 187
2826 106 2 146 192
2827 -158 2 146 202
2828 154 2 146 209
2829 130 2 146 215
2830 -158 2 146 221
2831 -98 2 146 229
2832 -46 2 146 247
2833 -188 2 147 150
2834 10 2 147 163
2835 -62 2 147 166
2836 -22 2 147 232
2837 114 2 147 246
2838 72 2 148 165
2839 -84 2 148 174
2840 -56 2 148 188
2841 22 2 148 226
2842 -172 2 148 227
2843 -194 2 148 228
2844 -162 2 148 235
2845 106 2 148 246
2846 -188 2 148 250
2847 168 2 149 154
2848 30 2 149 164
2849 18 2 149 173
2850 22 2 149 179
2851 -76 2 149 182
2852 44 2 149 193
2853 -172 2 149 195
2854 144 2 149 196
2855 182 2 149 214
2856 26 2 149 219
2857 -32 2 149 234
2858 158 2 149 235
2859 52 2 150 199
2860 106 2 150 221
2861 60 2 150 247
2862 102 2 151 166
2863 190 2 151 167
2864 170 2 151 178
2865 148 2 151 187
2866 142 2 151 194
2867 -124 2 151 200
2868 -144 2 151 201
2869 -188 2 151 206
2870 194 2 151 212
2871 30 2 151 213
2872 -182 2 151 217
2873 38 2 151 225
2874 -102 2 151 227
2875 14 2 151 244
2876 184 2 151 246
2877 192 2 152 157
2878 -134 2 152 181
2879 86 2 152 198
2880 -30 2 152 200
2881 10 2 152 201
2882 140 2 152 210
2883 -184 2 152 222
2884 -20 2 152 226
2885 -18 2 152 235
2886 96 2 152 243
2887 196 2 152 250
2888 170 2 153 160
2889 -142 2 153 173
2890 4 2 153 185
2891 -156 2 153 187
2892 -144 2 153 196
2893 -130 2 153 200
2894 162 2 153 215
2895 -44 2 153 229
2896 18 2 153 231
2897 22 2 153 236
2898 200 2 153 249
2899 160 2 154 160
2900 20 2 154 181
2901 66 2 154 200
2902 -6 2 154 201
2903 120 2 154 213
2904 -56 2 155 157
2905 -18 2 155 166
2906 -196 2 155 176
2907 142 2 155 188
2908 -82 2 155 190
2909 -102 2 155 214
2910 -20 2 155 217
2911 -60 2 155 220
2912 -74 2 155 224
2913 -50 2 155 227
2914 40 2 155 228
2915 130 2 155 231
2916 156 2 156 162
2917 138 2 156 170
2918 68 2 156 182
2919 -190 2 156 186
2920 -130 2 156 229
2921 -154 2 156 230
2922 -14 2 156 233
2923 -168 2 156 235
2924 -18 2 157 168
2925 28 2 157 174
2926 152 2 157 177
2927 10 2 157 178
2928 124 2 157 194
2929 38 2 157 195
2930 102 2 157 196
2931 -30 2 157 198
2932 42 2 157 201
2933 -154 2 157 214
2934 110 2 157 218
2935 -130 2 157 223
2936 -50 2 157 234
2937 -38 2 157 243
2938 -132 2 157 247
2939 192 2 158 195
2940 -20 2 158 201
2941 -38 2 158 202
2942 -180 2 158 219
2943 114 2 158 221
2944 -2 2 158 226
2945 22 2 158 231
2946 132 2 158 233
2947 -142 2 158 240
2948 -144 2 158 250
2949 -104 2 159 171
2950 -108 2 159 174
2951 -162 2 159 182
2952 44 2 159 220
2953 -120 2 159 226
2954 -36 2 159 229
2955 12 2 160 169
2956 48 2 160 203
2957 168 2 160 240
2958 112 2 160 244
2959 86 2 161 169
2960 12 2 161 172
2961 -108 2 161 178
2962 148 2 161 180
2963 100 2 161 188
2964 -126 2 161 210
2965 180 2 161 211
2966 144 2 161 217
2967 154 2 161 228
2968 162 2 161 238
2969 -156 2 162 170
2970 2 2 162 189
2971 10 2 162 202
2972 -146 2 162 224
2973 -82 2 162 230
2974 88 2 162 232
2975 88 2 162 235
2976 154 2 162 245
2977 -46 2 162 249
2978 -132 2 163 168
2979 -26 2 163 171
2980 54 2 163 173
2981 -104 2 163 191
2982 -52 2 163 197
2983 174 2 163 212
2984 36 2 163 231
2985 14 2 163 239
2986 198 2 164 178
2987 -112 2 164 182
2988 150 2 164 185
2989 28 2 164 213
2990 148 2 164 216
2991 164 2 164 219
2992 -100 2 164 227
2993 -40 2 164 234
2994 -22 2 164 241
2995 60 2 164 244
2996 -194 2 164 250
2997 8 2 165 179
2998 -76 2 165 180
2999 -84 2 165 185
3000 134 2 165 208
3001 -108 2 165 220
3002 -98 2 165 222
3003 52 2 165 231
3004 -28 2 166 170
3005 -190 2 166 171
3006 148 2 166 189
3007 -136 2 166 192
3008 -22 2 166 201
3009 -66 2 166 205
3010 -198 2 166 206
3011 164 2 166 220
3012 108 2 166 225
3013 -8 2 166 234
3014 -146 2 166 239
3015 -92 2 167 171
3016 136 2 167 175
3017 -142 2 167 181
3018 50 2 167 185
3019 192 2 167 215
3020 -86 2 167 216
3021 -86 2 167 236
3022 -192 2 167 250
3023 46 2 168 170
3024 42 2 168 175
3025 -168 2 168 185
3026 -110 2 168 191
3027 172 2 168 193
3028 -40 2 168 198
3029 -70 2 168 205
3030 150 2 168 227
3031 74 2 168 239
3032 150 2 169 171
3033 44 2 169 180
3034 154 2 169 211
3035 144 2 169 219
3036 134 2 169 226
3037 72 2 169 238
3038 108 2 169 244
3039 -20 2 170 198
3040 190 2 170 215
3041 -168 2 170 217
3042 -96 2 170 224
3043 132 2 170 231
3044 62 2 170 250
3045 176 2 171 211
3046 -160 2 171 212
3047 56 2 171 220
3048 2 2 171 237
3049 182 2 172 192
3050 -150 2 172 214
3051 112 2 172 243
3052 -92 2 172 249
3053 148 2 173 174
3054 70 2 173 175
3055 -102 2 173 176
3056 146 2 173 183
3057 -2 2 173 193
3058 -170 2 173 202
3059 50 2 173 220
3060 54 2 173 233
3061 146 2 173 244
3062 -78 2 173 249
3063 64 2 174 178
3064 162 2 174 201
3065 -178 2 174 214
3066 24 2 174 217
3067 54 2 174 228
3068 -54 2 175 183
3069 196 2 175 192
3070 -22 2 175 201
3071 -34 2 175 203
3072 -108 2 175 222
3073 -28 2 175 236
3074 -102 2 175 239
3075 -14 2 176 187
3076 -18 2 176 189
3077 -48 2 176 197
3078 22 2 176 198
3079 36 2 177 188
3080 16 2 177 190
3081 -80 2 177 194
3082 62 2 177 199
3083 -124 2 177 230
3084 54 2 177 236
3085 130 2 177 238
3086 198 2 178 212
3087 132 2 178 241
3088 -34 2 178 244
3089 -22 2 178 246
3090 -46 2 178 248
3091 70 2 179 187
3092 -152 2 179 193
3093 48 2 179 208
3094 66 2 179 209
3095 124 2 179 210
3096 -64 2 179 212
3097 -82 2 179 213
3098 136 2 179 215
3099 160 2 179 219
3100 54 2 179 222
3101 -164 2 179 232
3102 30 2 179 245
3103 92 2 180 185
3104 -184 2 180 218
3105 -2 2 180 219
3106 -158 2 181 200
3107 60 2 181 211
3108 -176 2 181 212
3109 -68 2 181 219
3110 -168 2 181 240
3111 102 2 182 196
3112 -12 2 182 235
3113 -74 2 182 245
3114 -38 2 183 196
3115 62 2 183 200
3116 88 2 183 203
3117 138 2 183 222
3118 -16 2 183 224
3119 142 2 183 240
3120 -88 2 183 241
3121 -62 2 184 190
3122 28 2 184 200
3123 -124 2 184 204
3124 66 2 184 206
3125 -172 2 184 207
3126 18 2 184 213
3127 34 2 184 234
3128 42 2 184 236
3129 130 2 184 240
3130 70 2 184 245
3131 112 2 184 248
3132 -50 2 184 250
3133 152 2 185 198
3134 -198 2 185 201
3135 112 2 185 203
3136 -128 2 185 208
3137 -64 2 185 232
3138 -46 2 185 242
3139 -138 2 185 249
3140 28 2 186 187
3141 -142 2 186 191
3142 -102 2 186 200
3143 -184 2 186 216
3144 124 2 186 227
3145 66 2 187 194
3146 -98 2 187 200
3147 102 2 187 209
3148 -160 2 187 217
3149 150 2 187 248
3150 -160 2 188 189
3151 -80 2 188 196
3152 -96 2 188 202
3153 -180 2 188 207
3154 54 2 188 208
3155 -144 2 188 219
3156 -104 2 188 232
3157 -18 2 188 236
3158 124 2 188 239
3159 126 2 189 195
3160 -42 2 189 213
3161 148 2 189 239
3162 88 2 190 210
3163 -46 2 190 219
3164 100 2 190 224
3165 124 2 190 230
3166 -148 2 190 232
3167 110 2 191 194
3168 180 2 191 213
3169 -196 2 191 230
3170 64 2 191 233
3171 10 2 191 240
3172 -20 2 191 243
3173 -100 2 192 195
3174 -126 2 192 196
3175 -70 2 192 210
3176 -172 2 192 221
3177 36 2 192 227
3178 -172 2 192 243
3179 80 2 193 204
3180 106 2 193 239
3181 -180 2 193 241
3182 -148 2 193 242
3183 -132 2 194 210
3184 102 2 194 211
3185 -142 2 194 227
3186 -108 2 194 236
3187 196 2 195 201
3188 -170 2 195 219
3189 -196 2 195 226
3190 106 2 196 205
3191 -14 2 196 206
3192 110 2 196 207
3193 142 2 196 218
3194 -114 2 196 223
3195 104 2 196 224
3196 -156 2 196 236
3197 198 2 197 205
3198 -22 2 197 224
3199 128 2 197 228
3200 -74 2 197 232
3201 -62 2 197 242
3202 -138 2 198 202
3203 172 2 198 209
3204 -58 2 198 218
3205 118 2 198 220
3206 -146 2 198 228
3207 6 2 198 232
3208 -112 2 198 247
3209 58 2 199 216
3210 138 2 199 217
3211 130 2 199 218
3212 120 2 199 226
3213 -12 2 199 239
3214 92 2 199 240
3215 -174 2 199 249
3216 102 2 200 204
3217 68 2 200 221
3218 124 2 201 213
3219 -160 2 201 222
3220 -92 2 201 229
3221 -64 2 201 247
3222 116 2 202 203
3223 158 2 202 226
3224 -138 2 202 228
3225 30 2 202 236
3226 -100 2 202 237
3227 166 2 202 240
3228 150 2 202 250
3229 144 2 203 210
3230 78 2 203 215
3231 -112 2 203 219
3232 -144 2 203 226
3233 60 2 203 228
3234 154 2 203 229
3235 194 2 203 241
3236 52 2 203 243
3237 -176 2 204 209
3238 -78 2 204 210
3239 24 2 204 219
3240 -84 2 204 223
3241 180 2 204 234
3242 98 2 205 212
3243 -194 2 205 219
3244 -32 2 206 207
3245 -114 2 207 219
3246 40 2 207 226
3247 -36 2 207 250
3248 -118 2 208 212
3249 168 2 208 217
3250 -48 2 208 219
3251 -6 2 208 248
3252 90 2 210 234
3253 -36 2 211 225
3254 132 2 211 228
3255 -132 2 211 243
3256 -10 2 211 248
3257 30 2 212 217
3258 182 2 212 231
3259 -156 2 212 242
3260 68 2 213 224
3261 -92 2 213 225
3262 -14 2 213 230
3263 -26 2 213 231
3264 -8 2 213 249
3265 -14 2 214 219
3266 10 2 214 223
3267 -94 2 214 231
3268 182 2 214 240
3269 54 2 214 243
3270 58 2 214 246
3271 188 2 214 248
3272 94 2 215 233
3273 134 2 215 243
3274 -172 2 216 218
3275 -124 2 216 223
3276 -26 2 216 228
3277 106 2 216 229
3278 124 2 216 238
3279 -52 2 216 242
3280 -8 2 216 247
3281 52 2 217 225
3282 -144 2 217 239
3283 76 2 217 249
3284 48 2 218 225
3285 -120 2 218 230
3286 -118 2 218 241
3287 -178 2 219 229
3288 -58 2 219 237
3289 -52 2 220 228
3290 -144 2 220 241
3291 -78 2 221 222
3292 -130 2 221 234
3293 70 2 221 236
3294 166 2 221 237
3295 -108 2 221 241
3296 -102 2 221 244
3297 -110 2 221 245
3298 186 2 222 240
3299 -88 2 222 241
3300 130 2 223 236
3301 184 2 223 238
3302 22 2 223 245
3303 102 2 224 228
3304 -182 2 224 241
3305 30 2 224 246
3306 176 2 224 247
3307 -128 2 224 250
3308 -192 2 225 229
3309 86 2 225 230
3310 -60 2 225 250
3311 70 2 226 230
3312 -70 2 226 244
3313 32 2 226 246
3314 -184 2 226 248
3315 -128 2 227 232
3316 -132 2 227 244
3317 -174 2 228 231
3318 32 2 229 236
3319 -76 2 229 248
3320 18 2 230 231
3321 24 2 230 237
3322 94 2 230 244
3323 -6 2 232 240
3324 -64 2 232 241
3325 56 2 232 244
3326 -14 2 234 247
3327 82 2 235 236
3328 -198 2 235 240
3329 -4 2 235 244
3330 -134 2 236 244
3331 -60 2 238 240
3332 38 2 239 245
3333 -6 2 239 247
3334 -4 2 240 243
3335 164 2 243 245
3336 168 2 243 249
3337 -50 2 244 246
