250 3395 0
0
1 100 1 1
2 327 1 2
3 259 1 3
4 -27 1 4
5 347 1 5
6 175 1 6
7 419 1 7
8 123 1 8
9 488 1 9
10 280 1 10
11 -147 1 11
12 373 1 12
13 -238 1 13
14 -18 1 14
15 -575 1 15
16 -51 1 16
17 -349 1 17
18 -197 1 18
19 -195 1 19
20 399 1 20
21 227 1 21
22 85 1 22
23 -474 1 23
24 -348 1 24
25 167 1 25
26 14 1 26
27 -159 1 27
28 -62 1 28
29 606 1 29
30 -182 1 30
31 371 1 31
32 -298 1 32
33 488 1 33
34 463 1 34
35 82 1 35
36 287 1 36
37 -242 1 37
38 20 1 38
39 -100 1 39
40 419 1 40
41 102 1 41
42 -205 1 42
43 -717 1 43
44 -709 1 44
45 -323 1 45
46 21 1 46
47 99 1 47
48 -76 1 48
49 -116 1 49
50 111 1 50
51 35 1 51
52 69 1 52
53 293 1 53
54 453 1 54
55 -103 1 55
56 -365 1 56
57 -142 1 57
58 140 1 58
59 472 1 59
60 -319 1 60
61 28 1 61
62 140 1 62
63 199 1 63
64 -76 1 64
65 83 1 65
66 -431 1 66
67 474 1 67
68 15 1 68
69 254 1 69
70 -153 1 70
71 25 1 71
72 83 1 72
73 219 1 73
74 153 1 74
75 223 1 75
76 122 1 76
77 -169 1 77
78 240 1 78
79 -475 1 79
80 -352 1 80
81 -581 1 81
82 10 1 82
83 -884 1 83
84 -33 1 84
85 113 1 85
86 85 1 86
87 28 1 87
88 -470 1 88
89 141 1 89
90 -49 1 90
91 -453 1 91
92 -527 1 92
93 -153 1 93
94 -531 1 94
95 -230 1 95
96 54 1 96
97 -109 1 97
98 232 1 98
99 55 1 99
100 316 1 100
101 -207 1 101
102 -365 1 102
103 -200 1 103
104 -309 1 104
105 -424 1 105
106 -416 1 106
107 120 1 107
108 -361 1 108
109 -475 1 109
110 117 1 110
111 -74 1 111
112 -160 1 112
113 25 1 113
114 250 1 114
115 -242 1 115
116 -566 1 116
117 -63 1 117
118 -36 1 118
119 -105 1 119
120 125 1 120
121 69 1 121
122 -314 1 122
123 -103 1 123
124 -181 1 124
125 202 1 125
126 -459 1 126
127 -527 1 127
128 -661 1 128
129 -27 1 129
130 -326 1 130
131 -123 1 131
132 206 1 132
133 -285 1 133
134 418 1 134
135 -203 1 135
136 -81 1 136
137 53 1 137
138 200 1 138
139 -175 1 139
140 -126 1 140
141 -16 1 141
142 -214 1 142
143 -97 1 143
144 -240 1 144
145 487 1 145
146 142 1 146
147 -73 1 147
148 306 1 148
149 -85 1 149
150 224 1 150
151 -4 1 151
152 168 1 152
153 -138 1 153
154 -12 1 154
155 253 1 155
156 403 1 156
157 -301 1 157
158 121 1 158
159 -531 1 159
160 -222 1 160
161 -457 1 161
162 -109 1 162
163 -428 1 163
164 122 1 164
165 -18 1 165
166 175 1 166
167 248 1 167
168 -305 1 168
169 473 1 169
170 -72 1 170
171 -172 1 171
172 52 1 172
173 -213 1 173
174 -429 1 174
175 -187 1 175
176 -154 1 176
177 106 1 177
178 -55 1 178
179 -460 1 179
180 -338 1 180
181 219 1 181
182 -424 1 182
183 116 1 183
184 -474 1 184
185 -11 1 185
186 -88 1 186
187 -381 1 187
188 -184 1 188
189 301 1 189
190 -346 1 190
191 437 1 191
192 -641 1 192
193 135 1 193
194 52 1 194
195 -75 1 195
196 113 1 196
197 -32 1 197
198 -305 1 198
199 46 1 199
200 380 1 200
201 -237 1 201
202 -736 1 202
203 96 1 203
204 -244 1 204
205 -72 1 205
206 -365 1 206
207 -74 1 207
208 -243 1 208
209 572 1 209
210 439 1 210
211 358 1 211
212 293 1 212
213 275 1 213
214 104 1 214
215 -438 1 215
216 -315 1 216
217 93 1 217
218 48 1 218
219 -313 1 219
220 239 1 220
221 -176 1 221
222 -293 1 222
223 -134 1 223
224 508 1 224
225 111 1 225
226 207 1 226
227 50 1 227
228 -687 1 228
229 -429 1 229
230 150 1 230
231 -294 1 231
232 283 1 232
233 -182 1 233
234 -256 1 234
235 168 1 235
236 138 1 236
237 -458 1 237
238 -583 1 238
239 533 1 239
240 -207 1 240
241 -17 1 241
242 65 1 242
243 417 1 243
244 -125 1 244
245 -440 1 245
246 -66 1 246
247 -120 1 247
248 331 1 248
249 4 1 249
250 -204 1 250
251 72 2 1 9
252 -156 2 1 11
253 -192 2 1 40
254 -42 2 1 43
255 -142 2 1 48
256 100 2 1 58
257 132 2 1 62
258 -100 2 1 69
259 -76 2 1 73
260 16 2 1 78
261 -130 2 1 86
262 -38 2 1 87
263 -116 2 1 99
264 -60 2 1 124
265 98 2 1 131
266 66 2 1 138
267 -96 2 1 141
268 104 2 1 144
269 -42 2 1 147
270 160 2 1 195
271 162 2 1 217
272 140 2 1 231
273 -186 2 1 236
274 124 2 1 240
275 2 2 1 245
276 -38 2 2 8
277 -4 2 2 9
278 122 2 2 12
279 -14 2 2 22
280 36 2 2 34
281 -148 2 2 52
282 -74 2 2 68
283 -12 2 2 75
284 -130 2 2 95
285 -30 2 2 97
286 -78 2 2 106
287 14 2 2 109
288 26 2 2 112
289 -170 2 2 115
290 122 2 2 129
291 118 2 2 138
292 -22 2 2 147
293 -98 2 2 163
294 -34 2 2 190
295 2 2 2 203
296 -22 2 2 216
297 -142 2 2 237
298 136 2 2 239
299 -70 2 2 240
300 -144 2 2 247
301 -158 2 3 14
302 -64 2 3 25
303 -164 2 3 48
304 90 2 3 61
305 84 2 3 65
306 86 2 3 73
307 50 2 3 86
308 -78 2 3 96
309 -182 2 3 100
310 84 2 3 107
311 190 2 3 112
312 -124 2 3 156
313 12 2 3 194
314 -100 2 3 205
315 -112 2 3 214
316 6 2 3 229
317 -138 2 3 246
318 64 2 4 8
319 156 2 4 15
320 20 2 4 20
321 -54 2 4 28
322 66 2 4 32
323 -170 2 4 39
324 2 2 4 44
325 -98 2 4 76
326 -50 2 4 80
327 92 2 4 81
328 -38 2 4 121
329 140 2 4 133
330 -70 2 4 165
331 -192 2 4 169
332 -12 2 4 171
333 200 2 4 174
334 -66 2 4 195
335 90 2 4 202
336 90 2 4 205
337 -34 2 4 206
338 98 2 4 209
339 60 2 4 210
340 -150 2 4 233
341 -90 2 4 242
342 -122 2 5 8
343 74 2 5 19
344 72 2 5 24
345 -104 2 5 39
346 -38 2 5 44
347 -136 2 5 51
348 152 2 5 55
349 -24 2 5 57
350 -60 2 5 60
351 -134 2 5 64
352 64 2 5 72
353 188 2 5 75
354 186 2 5 92
355 66 2 5 95
356 -132 2 5 97
357 -50 2 5 107
358 -40 2 5 108
359 -68 2 5 109
360 -16 2 5 115
361 -86 2 5 117
362 -140 2 5 120
363 22 2 5 163
364 -170 2 5 179
365 -54 2 5 180
366 120 2 5 206
367 32 2 5 213
368 -186 2 5 214
369 -114 2 5 219
370 122 2 5 221
371 80 2 5 229
372 -166 2 5 235
373 62 2 5 242
374 -94 2 5 250
375 110 2 6 9
376 58 2 6 16
377 -192 2 6 51
378 -158 2 6 53
379 170 2 6 65
380 60 2 6 85
381 60 2 6 86
382 -178 2 6 95
383 -60 2 6 110
384 -78 2 6 120
385 -166 2 6 121
386 -46 2 6 133
387 196 2 6 195
388 40 2 6 225
389 -124 2 6 242
390 -88 2 6 243
391 46 2 6 250
392 -168 2 7 12
393 -38 2 7 20
394 -146 2 7 32
395 -108 2 7 33
396 60 2 7 35
397 54 2 7 48
398 -104 2 7 76
399 -106 2 7 86
400 -138 2 7 89
401 104 2 7 114
402 18 2 7 120
403 -112 2 7 131
404 4 2 7 142
405 -196 2 7 173
406 130 2 7 181
407 -58 2 7 201
408 -30 2 7 205
409 110 2 7 219
410 -114 2 7 235
411 120 2 8 18
412 34 2 8 19
413 -112 2 8 20
414 74 2 8 27
415 -180 2 8 28
416 -136 2 8 61
417 -152 2 8 65
418 -112 2 8 77
419 -64 2 8 87
420 192 2 8 91
421 -52 2 8 98
422 196 2 8 104
423 -60 2 8 106
424 -138 2 8 152
425 134 2 8 182
426 -10 2 8 192
427 -154 2 8 221
428 138 2 8 225
429 132 2 8 249
430 -94 2 9 21
431 52 2 9 28
432 -192 2 9 29
433 -130 2 9 51
434 -144 2 9 59
435 -186 2 9 60
436 158 2 9 89
437 -168 2 9 109
438 -76 2 9 113
439 198 2 9 118
440 -186 2 9 120
441 -162 2 9 171
442 -166 2 9 182
443 -116 2 9 188
444 164 2 9 202
445 152 2 9 213
446 -190 2 9 223
447 -68 2 9 225
448 -76 2 9 232
449 174 2 9 234
450 -66 2 9 242
451 -32 2 9 246
452 -36 2 10 28
453 84 2 10 40
454 -46 2 10 48
455 -136 2 10 53
456 -60 2 10 58
457 -4 2 10 64
458 -184 2 10 65
459 -198 2 10 75
460 -28 2 10 95
461 50 2 10 108
462 -124 2 10 134
463 76 2 10 144
464 10 2 10 166
465 -118 2 10 175
466 -36 2 10 184
467 68 2 10 213
468 76 2 10 227
469 190 2 10 234
470 -144 2 10 239
471 188 2 11 14
472 -16 2 11 27
473 -148 2 11 48
474 152 2 11 61
475 -104 2 11 63
476 -82 2 11 117
477 -128 2 11 118
478 154 2 11 129
479 146 2 11 131
480 102 2 11 135
481 -20 2 11 138
482 -42 2 11 156
483 102 2 11 161
484 -130 2 11 173
485 40 2 11 180
486 -106 2 11 184
487 76 2 11 191
488 8 2 11 199
489 184 2 11 205
490 74 2 11 217
491 -44 2 12 15
492 -92 2 12 38
493 -8 2 12 49
494 128 2 12 51
495 98 2 12 52
496 24 2 12 66
497 -192 2 12 67
498 82 2 12 71
499 170 2 12 83
500 -108 2 12 92
501 66 2 12 108
502 -100 2 12 114
503 -68 2 12 117
504 -6 2 12 121
505 -152 2 12 122
506 200 2 12 124
507 -62 2 12 143
508 10 2 12 150
509 -144 2 12 165
510 -152 2 12 173
511 -198 2 12 210
512 112 2 12 216
513 144 2 12 224
514 -106 2 12 234
515 -8 2 12 240
516 -162 2 12 246
517 -132 2 12 249
518 178 2 13 19
519 102 2 13 20
520 -66 2 13 43
521 52 2 13 50
522 92 2 13 61
523 -70 2 13 69
524 118 2 13 84
525 150 2 13 86
526 144 2 13 94
527 -84 2 13 96
528 70 2 13 127
529 -102 2 13 131
530 -88 2 13 133
531 150 2 13 136
532 -20 2 13 150
533 -82 2 13 157
534 -34 2 13 158
535 36 2 13 161
536 46 2 13 164
537 -186 2 13 166
538 146 2 13 182
539 -176 2 13 184
540 -188 2 13 197
541 158 2 13 205
542 156 2 13 207
543 -32 2 13 227
544 6 2 13 234
545 -138 2 14 45
546 -2 2 14 52
547 168 2 14 56
548 -80 2 14 57
549 -142 2 14 65
550 -180 2 14 67
551 82 2 14 72
552 118 2 14 84
553 -102 2 14 92
554 188 2 14 101
555 -170 2 14 112
556 106 2 14 127
557 16 2 14 135
558 -126 2 14 139
559 94 2 14 140
560 -38 2 14 141
561 174 2 14 162
562 102 2 14 169
563 -94 2 14 170
564 18 2 14 178
565 -176 2 14 189
566 -40 2 14 193
567 -182 2 14 200
568 24 2 14 213
569 116 2 14 226
570 118 2 14 227
571 152 2 14 247
572 118 2 15 17
573 134 2 15 29
574 38 2 15 31
575 -18 2 15 35
576 -122 2 15 50
577 178 2 15 58
578 -194 2 15 66
579 34 2 15 67
580 98 2 15 68
581 132 2 15 70
582 152 2 15 73
583 -188 2 15 78
584 84 2 15 84
585 200 2 15 104
586 152 2 15 111
587 -30 2 15 132
588 -48 2 15 154
589 128 2 15 158
590 52 2 15 182
591 -12 2 15 203
592 -70 2 15 204
593 168 2 15 218
594 -136 2 15 234
595 188 2 15 235
596 -44 2 16 20
597 94 2 16 21
598 176 2 16 24
599 -120 2 16 30
600 -132 2 16 38
601 74 2 16 45
602 -118 2 16 56
603 18 2 16 63
604 -92 2 16 71
605 132 2 16 80
606 34 2 16 81
607 172 2 16 95
608 4 2 16 97
609 126 2 16 110
610 -88 2 16 114
611 48 2 16 134
612 -68 2 16 147
613 -36 2 16 160
614 -44 2 16 168
615 -92 2 16 190
616 2 2 17 53
617 -52 2 17 57
618 -12 2 17 68
619 -158 2 17 73
620 192 2 17 94
621 52 2 17 98
622 -94 2 17 99
623 182 2 17 103
624 194 2 17 113
625 -154 2 17 125
626 182 2 17 126
627 -52 2 17 129
628 98 2 17 135
629 -78 2 17 143
630 120 2 17 161
631 -12 2 17 175
632 -182 2 17 176
633 80 2 17 183
634 182 2 17 188
635 146 2 17 220
636 -56 2 17 234
637 58 2 18 36
638 -66 2 18 41
639 52 2 18 43
640 154 2 18 51
641 -142 2 18 60
642 -128 2 18 63
643 -102 2 18 67
644 -88 2 18 69
645 74 2 18 91
646 -18 2 18 97
647 8 2 18 100
648 154 2 18 128
649 -54 2 18 135
650 58 2 18 147
651 196 2 18 176
652 144 2 18 208
653 -90 2 18 235
654 10 2 18 242
655 -36 2 18 243
656 156 2 18 246
657 -66 2 18 248
658 118 2 19 37
659 -84 2 19 40
660 -180 2 19 42
661 174 2 19 45
662 12 2 19 51
663 -158 2 19 52
664 94 2 19 65
665 154 2 19 83
666 44 2 19 121
667 32 2 19 161
668 172 2 19 174
669 -14 2 19 178
670 22 2 19 185
671 -92 2 19 195
672 100 2 19 206
673 -114 2 19 207
674 -176 2 19 249
675 -48 2 20 27
676 -14 2 20 34
677 -48 2 20 46
678 -22 2 20 52
679 88 2 20 62
680 80 2 20 83
681 104 2 20 87
682 50 2 20 100
683 80 2 20 112
684 -98 2 20 139
685 -88 2 20 160
686 -108 2 20 167
687 86 2 20 181
688 52 2 20 188
689 -150 2 20 191
690 194 2 20 195
691 18 2 20 197
692 -184 2 20 213
693 -118 2 20 222
694 -120 2 20 226
695 -98 2 20 238
696 -194 2 20 243
697 -188 2 20 244
698 -40 2 21 41
699 -64 2 21 49
700 106 2 21 57
701 20 2 21 59
702 160 2 21 76
703 -72 2 21 85
704 84 2 21 88
705 -190 2 21 93
706 -26 2 21 112
707 -190 2 21 119
708 -94 2 21 131
709 186 2 21 132
710 -18 2 21 140
711 -120 2 21 155
712 -138 2 21 168
713 70 2 21 184
714 70 2 21 189
715 -104 2 21 191
716 80 2 21 205
717 -198 2 21 211
718 -32 2 21 219
719 -64 2 21 223
720 148 2 21 228
721 -22 2 21 238
722 66 2 21 239
723 -72 2 21 242
724 132 2 22 34
725 -8 2 22 35
726 130 2 22 36
727 20 2 22 74
728 -26 2 22 88
729 -78 2 22 89
730 -164 2 22 95
731 152 2 22 110
732 50 2 22 115
733 136 2 22 116
734 -114 2 22 124
735 8 2 22 134
736 122 2 22 141
737 -32 2 22 158
738 -126 2 22 160
739 -74 2 22 162
740 -144 2 22 172
741 84 2 22 179
742 -18 2 22 216
743 -98 2 22 223
744 -192 2 22 225
745 -6 2 22 228
746 -84 2 22 229
747 98 2 22 239
748 -186 2 22 244
749 142 2 22 245
750 120 2 22 248
751 -118 2 23 27
752 -110 2 23 34
753 154 2 23 38
754 146 2 23 51
755 138 2 23 68
756 136 2 23 76
757 178 2 23 90
758 86 2 23 93
759 -110 2 23 107
760 112 2 23 126
761 -96 2 23 141
762 162 2 23 143
763 154 2 23 152
764 -138 2 23 156
765 -58 2 23 158
766 200 2 23 162
767 -38 2 23 182
768 166 2 23 190
769 -70 2 23 191
770 90 2 23 229
771 -142 2 23 234
772 -56 2 23 243
773 162 2 23 248
774 10 2 24 34
775 194 2 24 45
776 188 2 24 54
777 150 2 24 68
778 96 2 24 77
779 176 2 24 82
780 -160 2 24 83
781 -2 2 24 107
782 -142 2 24 122
783 100 2 24 123
784 -160 2 24 126
785 60 2 24 142
786 -6 2 24 151
787 -104 2 24 157
788 -122 2 24 179
789 -78 2 24 188
790 128 2 24 192
791 166 2 24 203
792 82 2 24 207
793 32 2 24 208
794 20 2 24 232
795 -180 2 24 242
796 156 2 25 35
797 -112 2 25 41
798 78 2 25 50
799 -118 2 25 74
800 -28 2 25 81
801 -148 2 25 86
802 52 2 25 87
803 44 2 25 107
804 58 2 25 121
805 182 2 25 127
806 62 2 25 128
807 108 2 25 129
808 110 2 25 133
809 -30 2 25 138
810 -90 2 25 146
811 -168 2 25 148
812 -172 2 25 151
813 192 2 25 154
814 162 2 25 159
815 14 2 25 162
816 124 2 25 181
817 -86 2 25 182
818 -40 2 25 187
819 -78 2 25 203
820 -184 2 25 207
821 84 2 25 210
822 -198 2 25 212
823 -140 2 25 216
824 -102 2 25 219
825 -32 2 25 223
826 -80 2 25 224
827 184 2 25 226
828 -140 2 25 229
829 128 2 25 230
830 -62 2 25 245
831 -6 2 26 54
832 -66 2 26 73
833 54 2 26 75
834 116 2 26 95
835 -8 2 26 112
836 134 2 26 120
837 -126 2 26 143
838 -124 2 26 150
839 -38 2 26 152
840 -198 2 26 154
841 104 2 26 162
842 -64 2 26 179
843 132 2 26 189
844 94 2 26 193
845 14 2 26 203
846 60 2 26 207
847 -154 2 26 214
848 48 2 26 229
849 28 2 27 31
850 20 2 27 40
851 184 2 27 47
852 -30 2 27 57
853 -64 2 27 61
854 144 2 27 62
855 -198 2 27 72
856 -188 2 27 75
857 118 2 27 78
858 84 2 27 101
859 -152 2 27 110
860 -158 2 27 112
861 -144 2 27 122
862 200 2 27 127
863 -160 2 27 132
864 108 2 27 136
865 122 2 27 138
866 148 2 27 155
867 -166 2 27 169
868 190 2 27 188
869 138 2 27 204
870 62 2 27 206
871 140 2 27 226
872 -30 2 28 29
873 80 2 28 56
874 18 2 28 59
875 22 2 28 74
876 -62 2 28 80
877 -52 2 28 109
878 -106 2 28 118
879 -64 2 28 123
880 184 2 28 124
881 -190 2 28 146
882 -26 2 28 147
883 -154 2 28 154
884 -96 2 28 159
885 -134 2 28 170
886 84 2 28 173
887 166 2 28 176
888 -16 2 28 178
889 12 2 28 180
890 192 2 28 184
891 54 2 28 194
892 124 2 28 206
893 144 2 28 211
894 92 2 28 218
895 166 2 28 222
896 98 2 28 223
897 -164 2 28 239
898 36 2 29 65
899 16 2 29 68
900 -152 2 29 69
901 -172 2 29 76
902 -190 2 29 77
903 -90 2 29 79
904 -182 2 29 81
905 -162 2 29 87
906 128 2 29 92
907 -154 2 29 102
908 54 2 29 111
909 -156 2 29 112
910 40 2 29 113
911 -120 2 29 116
912 -134 2 29 135
913 -138 2 29 145
914 108 2 29 154
915 -166 2 29 176
916 -96 2 29 179
917 94 2 29 182
918 -140 2 29 183
919 52 2 29 185
920 100 2 29 190
921 -58 2 29 197
922 190 2 29 202
923 168 2 29 215
924 -70 2 30 47
925 -94 2 30 48
926 190 2 30 58
927 76 2 30 61
928 20 2 30 87
929 200 2 30 88
930 2 2 30 92
931 36 2 30 107
932 94 2 30 112
933 -84 2 30 114
934 66 2 30 119
935 -116 2 30 123
936 120 2 30 124
937 -198 2 30 150
938 58 2 30 158
939 124 2 30 169
940 -144 2 30 177
941 -42 2 30 208
942 54 2 30 226
943 192 2 30 229
944 184 2 31 37
945 -92 2 31 38
946 -16 2 31 42
947 -86 2 31 119
948 -154 2 31 127
949 -32 2 31 130
950 -150 2 31 132
951 126 2 31 139
952 24 2 31 147
953 -12 2 31 156
954 -132 2 31 164
955 104 2 31 178
956 -168 2 31 179
957 -156 2 31 181
958 50 2 31 192
959 -58 2 31 193
960 -40 2 31 205
961 -64 2 31 211
962 -102 2 31 223
963 -34 2 31 245
964 -76 2 32 41
965 96 2 32 52
966 86 2 32 53
967 122 2 32 56
968 112 2 32 66
969 82 2 32 68
970 -18 2 32 81
971 -54 2 32 86
972 154 2 32 89
973 -96 2 32 110
974 6 2 32 118
975 194 2 32 129
976 -122 2 32 132
977 74 2 32 153
978 -40 2 32 154
979 110 2 32 155
980 12 2 32 157
981 2 2 32 174
982 -122 2 32 175
983 -62 2 32 181
984 84 2 32 183
985 -48 2 32 190
986 128 2 32 209
987 -114 2 32 210
988 166 2 32 227
989 -2 2 33 40
990 -108 2 33 65
991 -138 2 33 89
992 92 2 33 100
993 114 2 33 110
994 22 2 33 116
995 -126 2 33 148
996 -178 2 33 150
997 54 2 33 163
998 -106 2 33 169
999 82 2 33 174
1000 -64 2 33 183
1001 -126 2 33 189
1002 -144 2 33 213
1003 104 2 33 223
1004 -180 2 33 226
1005 -192 2 33 231
1006 154 2 33 237
1007 26 2 33 239
1008 -152 2 33 241
1009 110 2 34 36
1010 166 2 34 42
1011 -182 2 34 43
1012 176 2 34 44
1013 -48 2 34 51
1014 -70 2 34 67
1015 -190 2 34 72
1016 118 2 34 82
1017 -164 2 34 84
1018 -190 2 34 104
1019 -148 2 34 146
1020 -162 2 34 183
1021 72 2 34 208
1022 -124 2 34 219
1023 -144 2 34 221
1024 -118 2 34 226
1025 -168 2 34 229
1026 86 2 34 234
1027 -194 2 35 40
1028 92 2 35 41
1029 72 2 35 61
1030 -172 2 35 62
1031 -120 2 35 69
1032 -168 2 35 95
1033 14 2 35 100
1034 148 2 35 127
1035 56 2 35 137
1036 -90 2 35 142
1037 -190 2 35 152
1038 166 2 35 153
1039 -34 2 35 157
1040 28 2 35 158
1041 8 2 35 170
1042 26 2 35 187
1043 182 2 35 201
1044 -12 2 35 203
1045 -176 2 35 208
1046 -156 2 35 216
1047 -96 2 35 218
1048 66 2 35 232
1049 148 2 35 233
1050 48 2 35 239
1051 -104 2 36 56
1052 -70 2 36 63
1053 -156 2 36 74
1054 -2 2 36 78
1055 -82 2 36 80
1056 -36 2 36 110
1057 70 2 36 130
1058 -198 2 36 134
1059 -136 2 36 159
1060 -122 2 36 167
1061 42 2 36 170
1062 74 2 36 193
1063 -26 2 36 195
1064 60 2 36 196
1065 148 2 36 216
1066 -198 2 36 225
1067 158 2 36 229
1068 -98 2 36 236
1069 -196 2 36 239
1070 -188 2 37 41
1071 -98 2 37 42
1072 -74 2 37 51
1073 -32 2 37 78
1074 -140 2 37 80
1075 10 2 37 83
1076 -30 2 37 114
1077 -156 2 37 118
1078 -24 2 37 123
1079 -10 2 37 134
1080 -132 2 37 139
1081 118 2 37 140
1082 164 2 37 150
1083 -42 2 37 151
1084 56 2 37 155
1085 192 2 37 159
1086 -54 2 37 165
1087 -38 2 37 168
1088 150 2 37 178
1089 196 2 37 179
1090 -102 2 37 191
1091 -118 2 37 193
1092 62 2 37 194
1093 160 2 37 198
1094 120 2 37 204
1095 192 2 37 228
1096 -38 2 38 54
1097 -196 2 38 63
1098 26 2 38 91
1099 92 2 38 100
1100 -88 2 38 104
1101 196 2 38 135
1102 -56 2 38 149
1103 58 2 38 167
1104 6 2 38 169
1105 86 2 38 170
1106 54 2 38 173
1107 192 2 38 183
1108 -196 2 38 195
1109 -16 2 38 196
1110 46 2 38 213
1111 116 2 38 219
1112 22 2 38 220
1113 -114 2 38 229
1114 -68 2 38 241
1115 122 2 39 66
1116 200 2 39 79
1117 32 2 39 82
1118 -54 2 39 97
1119 86 2 39 100
1120 72 2 39 104
1121 140 2 39 111
1122 112 2 39 112
1123 62 2 39 130
1124 -198 2 39 136
1125 -98 2 39 137
1126 62 2 39 179
1127 180 2 39 192
1128 -46 2 39 205
1129 -118 2 39 211
1130 2 2 39 233
1131 -130 2 39 236
1132 48 2 39 246
1133 -78 2 40 41
1134 60 2 40 49
1135 154 2 40 62
1136 32 2 40 119
1137 108 2 40 122
1138 104 2 40 130
1139 46 2 40 142
1140 -148 2 40 151
1141 162 2 40 154
1142 -52 2 40 166
1143 -110 2 40 181
1144 -184 2 40 189
1145 -172 2 40 191
1146 100 2 40 208
1147 -134 2 40 212
1148 -106 2 40 220
1149 -4 2 40 225
1150 -124 2 40 228
1151 -124 2 40 239
1152 -22 2 41 44
1153 124 2 41 47
1154 80 2 41 50
1155 -68 2 41 62
1156 190 2 41 94
1157 74 2 41 112
1158 -66 2 41 114
1159 -106 2 41 160
1160 -66 2 41 185
1161 -178 2 41 188
1162 -128 2 41 200
1163 -20 2 41 202
1164 144 2 41 214
1165 180 2 41 215
1166 70 2 41 234
1167 56 2 41 237
1168 -34 2 42 51
1169 -8 2 42 53
1170 -32 2 42 56
1171 4 2 42 98
1172 -144 2 42 113
1173 134 2 42 127
1174 -106 2 42 132
1175 150 2 42 149
1176 170 2 42 153
1177 64 2 42 162
1178 124 2 42 164
1179 -140 2 42 191
1180 -18 2 42 193
1181 -104 2 42 210
1182 144 2 42 211
1183 130 2 42 221
1184 26 2 42 223
1185 -96 2 42 229
1186 -20 2 42 231
1187 88 2 42 233
1188 194 2 42 234
1189 126 2 42 238
1190 -120 2 42 241
1191 6 2 42 249
1192 -106 2 43 45
1193 180 2 43 57
1194 28 2 43 60
1195 8 2 43 67
1196 162 2 43 77
1197 -104 2 43 82
1198 100 2 43 83
1199 46 2 43 92
1200 -52 2 43 100
1201 168 2 43 101
1202 72 2 43 119
1203 176 2 43 122
1204 -26 2 43 125
1205 120 2 43 130
1206 54 2 43 139
1207 80 2 43 142
1208 118 2 43 154
1209 180 2 43 158
1210 78 2 43 163
1211 40 2 43 168
1212 -160 2 43 182
1213 58 2 43 185
1214 54 2 43 192
1215 -50 2 43 193
1216 -164 2 43 210
1217 160 2 43 216
1218 20 2 43 224
1219 66 2 43 231
1220 168 2 43 236
1221 198 2 43 244
1222 -102 2 44 51
1223 -120 2 44 58
1224 122 2 44 65
1225 122 2 44 72
1226 -160 2 44 75
1227 98 2 44 111
1228 -6 2 44 126
1229 72 2 44 133
1230 196 2 44 141
1231 116 2 44 164
1232 198 2 44 180
1233 130 2 44 182
1234 -26 2 44 184
1235 104 2 44 185
1236 10 2 44 188
1237 -76 2 44 191
1238 -82 2 44 196
1239 102 2 44 201
1240 138 2 44 219
1241 190 2 44 234
1242 6 2 44 235
1243 92 2 44 238
1244 -16 2 44 240
1245 192 2 44 245
1246 -72 2 45 47
1247 22 2 45 69
1248 -16 2 45 71
1249 30 2 45 79
1250 102 2 45 80
1251 -150 2 45 98
1252 172 2 45 105
1253 134 2 45 118
1254 20 2 45 131
1255 132 2 45 147
1256 166 2 45 150
1257 56 2 45 156
1258 -28 2 45 176
1259 -6 2 45 178
1260 -10 2 45 186
1261 -164 2 45 194
1262 126 2 45 201
1263 -66 2 45 249
1264 -64 2 46 52
1265 -110 2 46 56
1266 -114 2 46 71
1267 60 2 46 72
1268 194 2 46 78
1269 150 2 46 81
1270 130 2 46 85
1271 -50 2 46 87
1272 -56 2 46 112
1273 -26 2 46 131
1274 82 2 46 151
1275 160 2 46 170
1276 174 2 46 174
1277 -186 2 46 181
1278 -30 2 46 182
1279 96 2 46 219
1280 -112 2 46 234
1281 -134 2 46 241
1282 -158 2 46 249
1283 126 2 47 48
1284 186 2 47 53
1285 -58 2 47 63
1286 46 2 47 70
1287 -90 2 47 80
1288 -176 2 47 86
1289 36 2 47 110
1290 74 2 47 164
1291 110 2 47 169
1292 -30 2 47 172
1293 -96 2 47 179
1294 -102 2 47 190
1295 -182 2 47 205
1296 -156 2 47 210
1297 -176 2 47 211
1298 -108 2 47 219
1299 120 2 47 221
1300 112 2 47 247
1301 194 2 48 49
1302 -34 2 48 51
1303 148 2 48 69
1304 66 2 48 74
1305 -26 2 48 79
1306 40 2 48 88
1307 -18 2 48 122
1308 -14 2 48 129
1309 -86 2 48 132
1310 -54 2 48 143
1311 198 2 48 146
1312 170 2 48 169
1313 -86 2 48 173
1314 -98 2 48 179
1315 -72 2 48 182
1316 -42 2 48 189
1317 166 2 48 202
1318 176 2 48 208
1319 -58 2 48 212
1320 148 2 48 217
1321 -152 2 48 237
1322 -152 2 49 52
1323 64 2 49 68
1324 22 2 49 90
1325 40 2 49 91
1326 -176 2 49 98
1327 174 2 49 99
1328 74 2 49 102
1329 138 2 49 107
1330 152 2 49 127
1331 -196 2 49 132
1332 154 2 49 137
1333 -168 2 49 148
1334 -62 2 49 184
1335 -50 2 49 193
1336 -120 2 49 212
1337 -18 2 49 215
1338 166 2 49 228
1339 -12 2 49 230
1340 110 2 49 232
1341 -26 2 49 243
1342 104 2 49 245
1343 -168 2 49 246
1344 186 2 50 58
1345 26 2 50 67
1346 -14 2 50 78
1347 -190 2 50 114
1348 -148 2 50 146
1349 -134 2 50 150
1350 -90 2 50 159
1351 198 2 50 160
1352 138 2 50 162
1353 42 2 50 178
1354 12 2 50 179
1355 -102 2 50 180
1356 90 2 50 186
1357 158 2 50 193
1358 -136 2 50 195
1359 -68 2 50 196
1360 -102 2 50 203
1361 50 2 50 204
1362 -196 2 50 224
1363 -28 2 50 237
1364 -40 2 50 245
1365 72 2 50 247
1366 -34 2 50 248
1367 38 2 51 57
1368 -150 2 51 62
1369 178 2 51 69
1370 -82 2 51 78
1371 198 2 51 90
1372 160 2 51 92
1373 20 2 51 136
1374 46 2 51 143
1375 32 2 51 151
1376 -54 2 51 154
1377 28 2 51 156
1378 10 2 51 161
1379 -22 2 51 170
1380 28 2 51 192
1381 -190 2 51 199
1382 144 2 52 54
1383 108 2 52 65
1384 -180 2 52 69
1385 -84 2 52 75
1386 -98 2 52 78
1387 56 2 52 85
1388 92 2 52 91
1389 12 2 52 98
1390 -84 2 52 101
1391 -130 2 52 112
1392 176 2 52 124
1393 200 2 52 128
1394 -14 2 52 129
1395 152 2 52 139
1396 -118 2 52 146
1397 -160 2 52 170
1398 -178 2 52 174
1399 -60 2 52 202
1400 -176 2 52 208
1401 110 2 52 222
1402 192 2 52 229
1403 192 2 52 233
1404 -100 2 52 234
1405 162 2 52 240
1406 -126 2 53 87
1407 10 2 53 95
1408 40 2 53 130
1409 -48 2 53 134
1410 144 2 53 142
1411 -134 2 53 146
1412 26 2 53 150
1413 114 2 53 152
1414 116 2 53 166
1415 -186 2 53 170
1416 182 2 53 171
1417 -86 2 53 174
1418 -122 2 53 188
1419 36 2 53 189
1420 -140 2 53 190
1421 -80 2 53 192
1422 10 2 53 196
1423 44 2 53 197
1424 -138 2 53 203
1425 -138 2 53 220
1426 -166 2 53 224
1427 -12 2 53 228
1428 96 2 53 236
1429 -100 2 54 58
1430 186 2 54 63
1431 12 2 54 69
1432 -160 2 54 73
1433 -156 2 54 76
1434 -162 2 54 81
1435 -92 2 54 94
1436 -68 2 54 97
1437 -56 2 54 100
1438 -134 2 54 110
1439 -78 2 54 114
1440 -116 2 54 125
1441 162 2 54 153
1442 80 2 54 170
1443 -160 2 54 172
1444 180 2 54 174
1445 178 2 54 175
1446 -102 2 54 212
1447 -30 2 54 213
1448 64 2 54 220
1449 -60 2 54 225
1450 -160 2 54 226
1451 -124 2 54 232
1452 -164 2 54 235
1453 -72 2 54 238
1454 -62 2 54 240
1455 -24 2 55 69
1456 -180 2 55 72
1457 -70 2 55 101
1458 92 2 55 108
1459 180 2 55 110
1460 -36 2 55 114
1461 142 2 55 116
1462 -58 2 55 118
1463 66 2 55 129
1464 94 2 55 136
1465 4 2 55 139
1466 118 2 55 144
1467 -192 2 55 145
1468 158 2 55 157
1469 -44 2 55 160
1470 -44 2 55 195
1471 -34 2 55 202
1472 112 2 55 205
1473 142 2 55 209
1474 60 2 55 228
1475 -186 2 55 241
1476 -142 2 55 243
1477 -104 2 55 250
1478 -168 2 56 69
1479 -10 2 56 72
1480 102 2 56 81
1481 -70 2 56 98
1482 42 2 56 104
1483 -80 2 56 111
1484 -96 2 56 117
1485 -52 2 56 137
1486 178 2 56 140
1487 152 2 56 143
1488 132 2 56 152
1489 18 2 56 163
1490 60 2 56 189
1491 186 2 56 212
1492 144 2 56 222
1493 186 2 56 238
1494 -108 2 57 63
1495 -62 2 57 68
1496 84 2 57 70
1497 -2 2 57 77
1498 -60 2 57 86
1499 -36 2 57 95
1500 -10 2 57 137
1501 172 2 57 144
1502 -170 2 57 148
1503 200 2 57 163
1504 -160 2 57 183
1505 -104 2 57 184
1506 -48 2 57 215
1507 194 2 57 221
1508 46 2 57 225
1509 114 2 57 228
1510 186 2 57 238
1511 -90 2 57 247
1512 -36 2 58 59
1513 -154 2 58 63
1514 78 2 58 89
1515 -174 2 58 90
1516 76 2 58 93
1517 26 2 58 97
1518 -60 2 58 105
1519 -20 2 58 109
1520 -160 2 58 130
1521 -150 2 58 131
1522 -52 2 58 145
1523 186 2 58 147
1524 -82 2 58 148
1525 -186 2 58 152
1526 -14 2 58 167
1527 -100 2 58 175
1528 -14 2 58 195
1529 28 2 58 202
1530 48 2 58 205
1531 -20 2 58 212
1532 -70 2 58 213
1533 122 2 58 236
1534 74 2 58 247
1535 62 2 59 70
1536 48 2 59 73
1537 -88 2 59 75
1538 40 2 59 94
1539 166 2 59 95
1540 66 2 59 112
1541 -38 2 59 119
1542 -134 2 59 123
1543 182 2 59 124
1544 62 2 59 132
1545 -10 2 59 156
1546 -54 2 59 163
1547 -14 2 59 165
1548 -124 2 59 172
1549 -110 2 59 208
1550 -184 2 59 226
1551 -108 2 59 227
1552 82 2 59 229
1553 -138 2 59 235
1554 -126 2 59 240
1555 -192 2 59 244
1556 -190 2 59 246
1557 166 2 60 66
1558 -108 2 60 68
1559 164 2 60 73
1560 144 2 60 85
1561 186 2 60 97
1562 -104 2 60 105
1563 44 2 60 107
1564 -172 2 60 116
1565 -182 2 60 118
1566 186 2 60 123
1567 186 2 60 124
1568 200 2 60 127
1569 144 2 60 128
1570 194 2 60 147
1571 -88 2 60 156
1572 150 2 60 176
1573 -104 2 60 177
1574 126 2 60 182
1575 -134 2 60 210
1576 20 2 61 68
1577 -112 2 61 80
1578 -22 2 61 83
1579 -20 2 61 106
1580 16 2 61 130
1581 156 2 61 133
1582 152 2 61 137
1583 178 2 61 152
1584 -172 2 61 164
1585 -56 2 61 167
1586 -198 2 61 170
1587 -58 2 61 181
1588 -20 2 61 184
1589 -90 2 61 200
1590 -142 2 61 218
1591 30 2 61 222
1592 102 2 62 74
1593 -84 2 62 78
1594 -180 2 62 91
1595 66 2 62 93
1596 -194 2 62 100
1597 -18 2 62 119
1598 -196 2 62 120
1599 196 2 62 130
1600 -12 2 62 139
1601 -118 2 62 167
1602 68 2 62 209
1603 -100 2 62 222
1604 42 2 62 226
1605 6 2 62 227
1606 -98 2 62 234
1607 60 2 62 237
1608 52 2 62 250
1609 -126 2 63 67
1610 188 2 63 80
1611 8 2 63 83
1612 92 2 63 98
1613 20 2 63 114
1614 -46 2 63 130
1615 128 2 63 159
1616 112 2 63 167
1617 -30 2 63 169
1618 -190 2 63 172
1619 -190 2 63 178
1620 78 2 63 194
1621 34 2 63 202
1622 48 2 63 204
1623 72 2 63 211
1624 20 2 63 213
1625 2 2 63 219
1626 2 2 63 220
1627 -4 2 63 234
1628 -124 2 63 237
1629 122 2 63 239
1630 82 2 64 90
1631 -180 2 64 100
1632 188 2 64 123
1633 48 2 64 126
1634 -176 2 64 127
1635 -118 2 64 133
1636 144 2 64 136
1637 88 2 64 138
1638 128 2 64 163
1639 134 2 64 169
1640 -162 2 64 242
1641 -40 2 64 246
1642 -42 2 64 249
1643 196 2 64 250
1644 110 2 65 77
1645 182 2 65 94
1646 -150 2 65 99
1647 78 2 65 104
1648 -174 2 65 115
1649 14 2 65 122
1650 -172 2 65 138
1651 -172 2 65 147
1652 -94 2 65 181
1653 172 2 65 184
1654 70 2 65 202
1655 -150 2 65 205
1656 44 2 65 209
1657 -84 2 65 237
1658 132 2 65 243
1659 -134 2 66 67
1660 196 2 66 80
1661 -40 2 66 83
1662 120 2 66 98
1663 -24 2 66 104
1664 198 2 66 110
1665 -46 2 66 114
1666 110 2 66 115
1667 -192 2 66 121
1668 -108 2 66 141
1669 -184 2 66 142
1670 90 2 66 152
1671 196 2 66 178
1672 170 2 66 180
1673 -126 2 66 194
1674 198 2 66 198
1675 180 2 66 206
1676 28 2 66 233
1677 92 2 67 69
1678 -20 2 67 70
1679 120 2 67 79
1680 -22 2 67 99
1681 -14 2 67 101
1682 162 2 67 107
1683 -152 2 67 108
1684 -188 2 67 141
1685 -170 2 67 150
1686 -100 2 67 163
1687 -110 2 67 169
1688 -2 2 67 177
1689 -18 2 67 191
1690 -22 2 67 192
1691 170 2 67 204
1692 180 2 67 237
1693 -118 2 67 242
1694 124 2 68 73
1695 -36 2 68 74
1696 -160 2 68 77
1697 -38 2 68 78
1698 -194 2 68 93
1699 46 2 68 97
1700 174 2 68 110
1701 -20 2 68 118
1702 62 2 68 122
1703 -120 2 68 129
1704 -128 2 68 138
1705 118 2 68 160
1706 -178 2 68 164
1707 176 2 68 176
1708 -86 2 68 177
1709 84 2 68 188
1710 -154 2 68 206
1711 130 2 68 216
1712 34 2 68 224
1713 40 2 68 232
1714 -156 2 68 234
1715 -100 2 68 241
1716 40 2 68 247
1717 124 2 69 80
1718 -80 2 69 89
1719 40 2 69 92
1720 192 2 69 103
1721 168 2 69 110
1722 92 2 69 128
1723 -158 2 69 140
1724 64 2 69 148
1725 4 2 69 150
1726 -138 2 69 155
1727 78 2 69 165
1728 -176 2 69 173
1729 74 2 69 174
1730 -96 2 69 177
1731 -54 2 69 195
1732 -180 2 69 230
1733 148 2 69 232
1734 -198 2 69 235
1735 38 2 69 249
1736 110 2 70 72
1737 -108 2 70 80
1738 92 2 70 99
1739 100 2 70 100
1740 200 2 70 103
1741 42 2 70 109
1742 -38 2 70 112
1743 -116 2 70 121
1744 -166 2 70 123
1745 -146 2 70 147
1746 14 2 70 172
1747 -74 2 70 181
1748 64 2 70 191
1749 122 2 70 199
1750 56 2 70 200
1751 -92 2 70 201
1752 -142 2 70 211
1753 60 2 70 229
1754 88 2 70 230
1755 -72 2 70 231
1756 26 2 70 249
1757 -18 2 70 250
1758 -178 2 71 80
1759 -8 2 71 88
1760 130 2 71 91
1761 -18 2 71 94
1762 52 2 71 101
1763 102 2 71 108
1764 54 2 71 112
1765 -78 2 71 119
1766 160 2 71 123
1767 -146 2 71 127
1768 -84 2 71 154
1769 8 2 71 155
1770 24 2 71 158
1771 -46 2 71 172
1772 -160 2 71 183
1773 44 2 71 199
1774 200 2 71 200
1775 -44 2 71 203
1776 -48 2 71 204
1777 -12 2 71 230
1778 -100 2 71 237
1779 74 2 71 240
1780 -14 2 71 243
1781 178 2 71 246
1782 -20 2 72 104
1783 -156 2 72 110
1784 20 2 72 112
1785 112 2 72 114
1786 -74 2 72 115
1787 188 2 72 118
1788 174 2 72 119
1789 84 2 72 129
1790 -68 2 72 136
1791 78 2 72 139
1792 -142 2 72 152
1793 124 2 72 162
1794 -120 2 72 163
1795 64 2 72 168
1796 -116 2 72 172
1797 -152 2 72 174
1798 72 2 72 176
1799 -150 2 72 183
1800 108 2 72 202
1801 -110 2 72 207
1802 -178 2 72 209
1803 84 2 72 215
1804 152 2 72 223
1805 78 2 73 81
1806 -156 2 73 107
1807 -142 2 73 110
1808 -54 2 73 127
1809 72 2 73 131
1810 -90 2 73 139
1811 138 2 73 146
1812 168 2 73 164
1813 -170 2 73 194
1814 -128 2 73 207
1815 -84 2 73 224
1816 -62 2 73 236
1817 -160 2 73 243
1818 172 2 73 245
1819 10 2 73 247
1820 -144 2 73 250
1821 64 2 74 108
1822 -120 2 74 110
1823 -48 2 74 119
1824 158 2 74 151
1825 12 2 74 163
1826 -112 2 74 164
1827 -196 2 74 165
1828 -130 2 74 167
1829 160 2 74 168
1830 154 2 74 179
1831 -190 2 74 187
1832 4 2 74 196
1833 -16 2 74 198
1834 98 2 74 228
1835 -86 2 74 229
1836 42 2 74 238
1837 -20 2 75 78
1838 -144 2 75 81
1839 -90 2 75 82
1840 130 2 75 101
1841 -178 2 75 107
1842 32 2 75 115
1843 -148 2 75 125
1844 -172 2 75 141
1845 -28 2 75 143
1846 112 2 75 155
1847 198 2 75 172
1848 186 2 75 201
1849 56 2 75 209
1850 -22 2 75 217
1851 72 2 75 220
1852 58 2 75 249
1853 -150 2 76 102
1854 -70 2 76 123
1855 -168 2 76 138
1856 -146 2 76 141
1857 186 2 76 156
1858 106 2 76 157
1859 -154 2 76 158
1860 -20 2 76 164
1861 196 2 76 179
1862 2 2 76 206
1863 18 2 76 207
1864 -14 2 76 215
1865 32 2 76 222
1866 84 2 76 241
1867 88 2 76 249
1868 52 2 77 79
1869 -128 2 77 86
1870 156 2 77 133
1871 -2 2 77 135
1872 174 2 77 147
1873 -56 2 77 152
1874 2 2 77 163
1875 -46 2 77 164
1876 4 2 77 181
1877 -22 2 77 207
1878 -20 2 77 209
1879 178 2 77 214
1880 120 2 77 216
1881 22 2 77 248
1882 -80 2 78 79
1883 -46 2 78 135
1884 46 2 78 150
1885 -182 2 78 157
1886 116 2 78 177
1887 -56 2 78 181
1888 -108 2 78 185
1889 -94 2 78 210
1890 174 2 78 219
1891 128 2 78 230
1892 -88 2 78 231
1893 -52 2 78 232
1894 -8 2 78 234
1895 72 2 79 85
1896 -104 2 79 88
1897 174 2 79 104
1898 18 2 79 109
1899 -122 2 79 113
1900 180 2 79 123
1901 -4 2 79 132
1902 -38 2 79 134
1903 200 2 79 140
1904 190 2 79 141
1905 -114 2 79 144
1906 -140 2 79 156
1907 76 2 79 172
1908 150 2 79 189
1909 -78 2 79 200
1910 174 2 79 201
1911 -18 2 79 216
1912 -64 2 79 218
1913 66 2 79 222
1914 -32 2 79 224
1915 -78 2 79 226
1916 184 2 79 231
1917 52 2 79 242
1918 -76 2 80 82
1919 162 2 80 84
1920 -52 2 80 85
1921 120 2 80 96
1922 -132 2 80 110
1923 108 2 80 142
1924 72 2 80 165
1925 180 2 80 169
1926 100 2 80 179
1927 104 2 80 195
1928 -6 2 80 214
1929 180 2 80 219
1930 -18 2 80 227
1931 -88 2 80 240
1932 140 2 80 241
1933 -10 2 80 243
1934 134 2 81 83
1935 130 2 81 85
1936 166 2 81 96
1937 186 2 81 97
1938 -134 2 81 102
1939 40 2 81 116
1940 86 2 81 122
1941 90 2 81 140
1942 52 2 81 156
1943 100 2 81 162
1944 180 2 81 166
1945 -144 2 81 185
1946 120 2 81 211
1947 48 2 81 213
1948 -58 2 81 224
1949 164 2 81 227
1950 76 2 81 229
1951 -114 2 81 230
1952 -24 2 81 234
1953 142 2 81 237
1954 34 2 82 114
1955 -114 2 82 116
1956 36 2 82 117
1957 -136 2 82 122
1958 62 2 82 128
1959 -116 2 82 150
1960 146 2 82 160
1961 -192 2 82 176
1962 70 2 82 179
1963 134 2 82 204
1964 164 2 82 205
1965 -18 2 82 216
1966 48 2 82 217
1967 -128 2 82 226
1968 -110 2 82 228
1969 30 2 82 232
1970 -144 2 82 240
1971 88 2 82 243
1972 70 2 82 246
1973 38 2 83 88
1974 160 2 83 92
1975 -24 2 83 94
1976 -196 2 83 97
1977 180 2 83 109
1978 -168 2 83 110
1979 182 2 83 127
1980 158 2 83 130
1981 6 2 83 134
1982 54 2 83 142
1983 -76 2 83 146
1984 192 2 83 157
1985 -120 2 83 164
1986 82 2 83 177
1987 128 2 83 178
1988 98 2 83 179
1989 140 2 83 180
1990 20 2 83 203
1991 30 2 83 208
1992 8 2 83 210
1993 126 2 83 220
1994 174 2 83 240
1995 36 2 83 241
1996 106 2 83 245
1997 -90 2 84 129
1998 100 2 84 151
1999 -160 2 84 152
2000 -176 2 84 153
2001 146 2 84 171
2002 -60 2 84 179
2003 74 2 84 192
2004 -50 2 84 200
2005 118 2 84 207
2006 -190 2 84 211
2007 -84 2 84 219
2008 -8 2 84 228
2009 172 2 84 237
2010 -44 2 84 244
2011 108 2 85 86
2012 -4 2 85 91
2013 110 2 85 105
2014 -114 2 85 114
2015 -76 2 85 123
2016 -132 2 85 125
2017 -186 2 85 126
2018 -140 2 85 135
2019 64 2 85 152
2020 172 2 85 163
2021 12 2 85 164
2022 16 2 85 165
2023 -124 2 85 166
2024 -194 2 85 171
2025 -164 2 85 183
2026 78 2 85 206
2027 92 2 85 219
2028 -128 2 85 227
2029 178 2 85 228
2030 -74 2 85 231
2031 -188 2 85 246
2032 -160 2 86 97
2033 40 2 86 105
2034 -14 2 86 108
2035 74 2 86 116
2036 14 2 86 123
2037 38 2 86 126
2038 68 2 86 133
2039 -132 2 86 137
2040 72 2 86 139
2041 2 2 86 167
2042 52 2 86 177
2043 14 2 86 197
2044 34 2 86 222
2045 94 2 86 240
2046 68 2 86 249
2047 14 2 87 105
2048 60 2 87 125
2049 172 2 87 147
2050 112 2 87 150
2051 -78 2 87 155
2052 168 2 87 166
2053 -154 2 87 175
2054 180 2 87 184
2055 -110 2 87 191
2056 30 2 87 194
2057 -42 2 87 200
2058 146 2 87 202
2059 -124 2 87 212
2060 -60 2 87 213
2061 -172 2 87 220
2062 66 2 87 244
2063 -184 2 88 98
2064 -34 2 88 127
2065 170 2 88 133
2066 156 2 88 140
2067 146 2 88 143
2068 132 2 88 157
2069 70 2 88 160
2070 88 2 88 168
2071 66 2 88 172
2072 72 2 88 173
2073 2 2 88 185
2074 -144 2 88 198
2075 58 2 88 208
2076 96 2 88 218
2077 22 2 88 225
2078 -56 2 89 91
2079 -100 2 89 128
2080 -40 2 89 148
2081 -54 2 89 163
2082 -132 2 89 191
2083 -46 2 89 197
2084 -4 2 89 227
2085 188 2 89 228
2086 -162 2 89 232
2087 168 2 89 248
2088 4 2 90 94
2089 -26 2 90 96
2090 18 2 90 98
2091 162 2 90 109
2092 -8 2 90 132
2093 -62 2 90 135
2094 52 2 90 137
2095 186 2 90 141
2096 116 2 90 143
2097 -128 2 90 158
2098 -100 2 90 164
2099 -74 2 90 183
2100 138 2 90 188
2101 -88 2 90 192
2102 20 2 90 198
2103 54 2 90 202
2104 152 2 90 205
2105 -194 2 90 206
2106 60 2 90 207
2107 -150 2 90 210
2108 4 2 90 222
2109 -160 2 90 226
2110 -184 2 90 248
2111 34 2 91 95
2112 -126 2 91 101
2113 110 2 91 104
2114 88 2 91 106
2115 92 2 91 118
2116 68 2 91 125
2117 -82 2 91 128
2118 52 2 91 130
2119 118 2 91 152
2120 -178 2 91 180
2121 10 2 91 187
2122 40 2 91 206
2123 88 2 91 216
2124 46 2 91 220
2125 130 2 91 228
2126 154 2 91 235
2127 -52 2 91 239
2128 -198 2 92 105
2129 186 2 92 106
2130 142 2 92 129
2131 -12 2 92 133
2132 164 2 92 135
2133 -70 2 92 137
2134 96 2 92 139
2135 108 2 92 161
2136 -146 2 92 162
2137 -28 2 92 168
2138 62 2 92 173
2139 -22 2 92 182
2140 -22 2 92 187
2141 168 2 92 195
2142 64 2 92 197
2143 -156 2 92 212
2144 88 2 92 229
2145 118 2 92 238
2146 72 2 93 94
2147 6 2 93 95
2148 -70 2 93 96
2149 26 2 93 103
2150 72 2 93 116
2151 182 2 93 131
2152 -194 2 93 137
2153 -92 2 93 145
2154 -192 2 93 146
2155 166 2 93 182
2156 92 2 93 192
2157 192 2 93 218
2158 16 2 93 228
2159 64 2 93 239
2160 122 2 93 249
2161 190 2 94 156
2162 16 2 94 171
2163 180 2 94 183
2164 -182 2 94 196
2165 -42 2 94 203
2166 32 2 94 205
2167 4 2 94 206
2168 128 2 94 231
2169 -106 2 94 239
2170 86 2 94 242
2171 66 2 94 244
2172 128 2 95 101
2173 -166 2 95 117
2174 -84 2 95 122
2175 156 2 95 124
2176 -114 2 95 135
2177 66 2 95 140
2178 178 2 95 146
2179 106 2 95 154
2180 -100 2 95 166
2181 -60 2 95 171
2182 192 2 95 180
2183 -8 2 95 190
2184 -60 2 95 198
2185 166 2 95 206
2186 200 2 95 215
2187 -46 2 95 241
2188 40 2 95 249
2189 -170 2 96 111
2190 148 2 96 117
2191 -182 2 96 129
2192 -8 2 96 130
2193 -162 2 96 137
2194 -158 2 96 161
2195 172 2 96 170
2196 138 2 96 174
2197 82 2 96 184
2198 102 2 96 187
2199 130 2 96 189
2200 -62 2 96 191
2201 -138 2 96 199
2202 56 2 96 200
2203 100 2 96 211
2204 80 2 96 215
2205 -180 2 96 217
2206 -64 2 96 221
2207 110 2 96 223
2208 -26 2 96 237
2209 -104 2 96 249
2210 168 2 97 102
2211 150 2 97 117
2212 58 2 97 128
2213 -12 2 97 133
2214 8 2 97 148
2215 80 2 97 154
2216 -120 2 97 155
2217 128 2 97 157
2218 114 2 97 159
2219 16 2 97 200
2220 -28 2 97 203
2221 -112 2 97 204
2222 -100 2 97 206
2223 6 2 97 211
2224 12 2 97 216
2225 -30 2 97 220
2226 90 2 97 225
2227 194 2 98 99
2228 172 2 98 102
2229 26 2 98 115
2230 -66 2 98 129
2231 42 2 98 131
2232 -146 2 98 136
2233 -136 2 98 162
2234 34 2 98 169
2235 -92 2 98 176
2236 -78 2 98 186
2237 -76 2 98 204
2238 -112 2 98 208
2239 -58 2 98 209
2240 158 2 98 228
2241 8 2 98 229
2242 -156 2 99 106
2243 -102 2 99 128
2244 -162 2 99 130
2245 68 2 99 132
2246 26 2 99 136
2247 -32 2 99 169
2248 -92 2 99 172
2249 134 2 99 192
2250 54 2 99 195
2251 104 2 99 207
2252 98 2 99 237
2253 -128 2 99 239
2254 -28 2 100 102
2255 -70 2 100 137
2256 -166 2 100 147
2257 -40 2 100 148
2258 66 2 100 177
2259 -72 2 100 189
2260 -12 2 100 202
2261 -34 2 100 210
2262 -70 2 100 220
2263 -142 2 100 221
2264 190 2 100 223
2265 -32 2 100 231
2266 -42 2 101 111
2267 84 2 101 140
2268 -100 2 101 149
2269 8 2 101 157
2270 -62 2 101 158
2271 38 2 101 169
2272 -48 2 101 170
2273 58 2 101 171
2274 -68 2 101 195
2275 -162 2 101 198
2276 18 2 101 225
2277 -42 2 101 228
2278 94 2 101 229
2279 168 2 101 245
2280 14 2 101 248
2281 -106 2 102 113
2282 36 2 102 120
2283 132 2 102 123
2284 66 2 102 128
2285 86 2 102 142
2286 54 2 102 145
2287 140 2 102 147
2288 74 2 102 150
2289 -108 2 102 152
2290 -88 2 102 153
2291 132 2 102 165
2292 52 2 102 173
2293 90 2 102 178
2294 -82 2 102 187
2295 108 2 102 188
2296 78 2 102 205
2297 -14 2 102 210
2298 176 2 102 211
2299 -18 2 102 215
2300 -156 2 102 218
2301 168 2 102 226
2302 106 2 102 231
2303 54 2 102 236
2304 -198 2 102 245
2305 -182 2 103 111
2306 138 2 103 117
2307 -104 2 103 147
2308 128 2 103 157
2309 -58 2 103 161
2310 -86 2 103 179
2311 -152 2 103 185
2312 50 2 103 194
2313 176 2 103 208
2314 -54 2 103 209
2315 -44 2 103 211
2316 -12 2 103 247
2317 -10 2 104 117
2318 -60 2 104 123
2319 176 2 104 137
2320 -68 2 104 143
2321 10 2 104 144
2322 -138 2 104 154
2323 138 2 104 180
2324 -36 2 104 182
2325 188 2 104 185
2326 138 2 104 192
2327 -28 2 104 194
2328 -198 2 104 196
2329 134 2 104 211
2330 -18 2 104 212
2331 -12 2 104 215
2332 32 2 104 221
2333 -172 2 104 235
2334 -8 2 104 250
2335 -66 2 105 126
2336 4 2 105 131
2337 30 2 105 137
2338 158 2 105 148
2339 130 2 105 161
2340 172 2 105 173
2341 30 2 105 183
2342 -8 2 105 199
2343 110 2 105 210
2344 50 2 105 215
2345 -124 2 105 219
2346 176 2 105 228
2347 132 2 105 233
2348 28 2 105 236
2349 90 2 105 238
2350 -38 2 105 240
2351 170 2 106 110
2352 128 2 106 114
2353 188 2 106 116
2354 -82 2 106 119
2355 190 2 106 127
2356 -144 2 106 152
2357 46 2 106 164
2358 -90 2 106 169
2359 56 2 106 173
2360 28 2 106 184
2361 -118 2 106 187
2362 90 2 106 191
2363 -104 2 106 197
2364 184 2 106 198
2365 82 2 106 204
2366 62 2 106 207
2367 118 2 106 210
2368 108 2 106 211
2369 108 2 106 216
2370 -158 2 106 217
2371 -42 2 106 220
2372 -70 2 106 234
2373 122 2 106 248
2374 24 2 107 116
2375 -54 2 107 151
2376 -162 2 107 154
2377 -70 2 107 166
2378 -92 2 107 178
2379 -80 2 107 185
2380 110 2 107 194
2381 -40 2 107 203
2382 112 2 107 209
2383 -132 2 107 217
2384 132 2 107 246
2385 160 2 108 112
2386 98 2 108 128
2387 -174 2 108 133
2388 -4 2 108 143
2389 70 2 108 147
2390 64 2 108 149
2391 90 2 108 163
2392 -66 2 108 172
2393 190 2 108 177
2394 -46 2 108 183
2395 -114 2 108 189
2396 186 2 108 219
2397 100 2 108 242
2398 44 2 109 111
2399 -186 2 109 113
2400 -198 2 109 114
2401 194 2 109 122
2402 134 2 109 141
2403 -26 2 109 143
2404 116 2 109 147
2405 -108 2 109 168
2406 12 2 109 171
2407 28 2 109 184
2408 82 2 109 190
2409 32 2 109 191
2410 40 2 109 195
2411 -90 2 109 198
2412 196 2 109 208
2413 54 2 109 211
2414 14 2 109 214
2415 118 2 109 229
2416 30 2 109 233
2417 172 2 109 234
2418 -78 2 109 238
2419 156 2 109 241
2420 18 2 109 244
2421 18 2 109 246
2422 70 2 109 249
2423 50 2 110 115
2424 60 2 110 119
2425 -144 2 110 141
2426 -60 2 110 148
2427 -60 2 110 150
2428 64 2 110 152
2429 110 2 110 172
2430 -170 2 110 196
2431 -136 2 110 197
2432 22 2 110 203
2433 -24 2 110 207
2434 90 2 110 210
2435 -24 2 110 218
2436 -134 2 110 240
2437 -74 2 111 133
2438 104 2 111 135
2439 2 2 111 143
2440 -164 2 111 147
2441 36 2 111 171
2442 34 2 111 177
2443 112 2 111 187
2444 26 2 111 209
2445 142 2 111 223
2446 -132 2 111 237
2447 48 2 111 241
2448 -50 2 112 147
2449 -156 2 112 151
2450 -132 2 112 159
2451 -108 2 112 160
2452 134 2 112 165
2453 -14 2 112 175
2454 34 2 112 183
2455 150 2 112 187
2456 -18 2 112 188
2457 -16 2 112 207
2458 60 2 112 224
2459 44 2 112 226
2460 116 2 112 238
2461 112 2 112 249
2462 30 2 112 250
2463 146 2 113 121
2464 86 2 113 123
2465 -82 2 113 138
2466 -84 2 113 145
2467 -196 2 113 147
2468 -18 2 113 153
2469 74 2 113 161
2470 -102 2 113 162
2471 56 2 113 167
2472 144 2 113 171
2473 196 2 113 178
2474 74 2 113 183
2475 166 2 113 197
2476 -156 2 113 202
2477 -152 2 113 220
2478 198 2 113 249
2479 -142 2 114 127
2480 172 2 114 143
2481 -194 2 114 160
2482 -8 2 114 162
2483 -148 2 114 170
2484 -88 2 114 199
2485 136 2 114 200
2486 184 2 114 215
2487 184 2 114 219
2488 52 2 114 229
2489 154 2 114 244
2490 -160 2 114 247
2491 -10 2 114 249
2492 134 2 115 128
2493 188 2 115 142
2494 106 2 115 144
2495 192 2 115 148
2496 -62 2 115 156
2497 100 2 115 158
2498 -176 2 115 167
2499 46 2 115 172
2500 120 2 115 179
2501 -74 2 115 193
2502 -80 2 115 200
2503 156 2 115 241
2504 108 2 116 135
2505 54 2 116 143
2506 -54 2 116 157
2507 -70 2 116 163
2508 -48 2 116 164
2509 184 2 116 177
2510 106 2 116 187
2511 46 2 116 192
2512 140 2 116 208
2513 44 2 116 223
2514 -2 2 116 227
2515 162 2 116 237
2516 170 2 116 243
2517 -56 2 117 123
2518 -20 2 117 126
2519 16 2 117 130
2520 -40 2 117 138
2521 -2 2 117 141
2522 196 2 117 154
2523 184 2 117 160
2524 14 2 117 170
2525 152 2 117 182
2526 -148 2 117 198
2527 -94 2 117 200
2528 -154 2 117 209
2529 90 2 117 210
2530 -172 2 117 222
2531 80 2 117 228
2532 36 2 117 235
2533 -28 2 117 237
2534 108 2 117 240
2535 102 2 118 123
2536 -136 2 118 133
2537 124 2 118 135
2538 -20 2 118 154
2539 -44 2 118 172
2540 142 2 118 181
2541 -124 2 118 187
2542 -94 2 118 211
2543 160 2 118 215
2544 -54 2 118 227
2545 40 2 118 229
2546 8 2 118 247
2547 10 2 119 121
2548 162 2 119 124
2549 -10 2 119 130
2550 -86 2 119 140
2551 -118 2 119 145
2552 -58 2 119 156
2553 184 2 119 194
2554 -80 2 119 207
2555 182 2 119 218
2556 -68 2 119 229
2557 22 2 119 239
2558 92 2 119 244
2559 194 2 119 245
2560 -80 2 119 249
2561 110 2 120 122
2562 38 2 120 132
2563 134 2 120 149
2564 96 2 120 155
2565 -122 2 120 158
2566 84 2 120 162
2567 -50 2 120 169
2568 120 2 120 170
2569 28 2 120 177
2570 -102 2 120 182
2571 -192 2 120 204
2572 -52 2 120 209
2573 138 2 120 212
2574 -186 2 120 214
2575 34 2 120 232
2576 84 2 120 237
2577 64 2 121 146
2578 -186 2 121 150
2579 64 2 121 168
2580 14 2 121 170
2581 174 2 121 173
2582 -198 2 121 177
2583 -46 2 121 184
2584 -150 2 121 219
2585 124 2 121 226
2586 162 2 121 228
2587 176 2 121 230
2588 114 2 121 237
2589 6 2 121 242
2590 -196 2 121 250
2591 112 2 122 136
2592 -116 2 122 148
2593 -12 2 122 152
2594 150 2 122 154
2595 -68 2 122 165
2596 48 2 122 185
2597 80 2 122 187
2598 138 2 122 188
2599 106 2 122 204
2600 8 2 122 209
2601 -16 2 122 228
2602 144 2 122 240
2603 -80 2 122 245
2604 60 2 122 250
2605 192 2 123 125
2606 80 2 123 126
2607 72 2 123 129
2608 -140 2 123 132
2609 178 2 123 141
2610 -36 2 123 159
2611 -104 2 123 194
2612 -80 2 123 199
2613 -188 2 123 205
2614 -36 2 123 210
2615 -116 2 123 218
2616 -192 2 123 224
2617 34 2 123 234
2618 -40 2 123 238
2619 24 2 123 242
2620 176 2 123 250
2621 -58 2 124 134
2622 -140 2 124 135
2623 -198 2 124 147
2624 84 2 124 150
2625 -36 2 124 152
2626 -160 2 124 157
2627 -176 2 124 177
2628 -184 2 124 227
2629 38 2 124 232
2630 150 2 125 147
2631 58 2 125 169
2632 -186 2 125 171
2633 -72 2 125 188
2634 -64 2 125 192
2635 24 2 125 209
2636 -58 2 125 228
2637 40 2 126 145
2638 34 2 126 146
2639 -98 2 126 158
2640 94 2 126 162
2641 160 2 126 164
2642 -74 2 126 194
2643 32 2 126 196
2644 194 2 126 202
2645 120 2 126 215
2646 196 2 126 225
2647 198 2 126 233
2648 4 2 127 134
2649 30 2 127 146
2650 200 2 127 159
2651 38 2 127 169
2652 200 2 127 175
2653 -126 2 127 197
2654 -56 2 127 199
2655 -94 2 127 217
2656 -80 2 128 129
2657 -8 2 128 132
2658 154 2 128 135
2659 198 2 128 144
2660 34 2 128 153
2661 -52 2 128 154
2662 -24 2 128 173
2663 186 2 128 175
2664 22 2 128 177
2665 -10 2 128 207
2666 -88 2 128 208
2667 144 2 128 226
2668 46 2 128 227
2669 152 2 128 238
2670 -172 2 128 243
2671 90 2 128 244
2672 -56 2 128 249
2673 -130 2 129 133
2674 182 2 129 137
2675 54 2 129 156
2676 -24 2 129 158
2677 38 2 129 177
2678 -184 2 129 196
2679 -116 2 129 205
2680 184 2 129 210
2681 -104 2 129 219
2682 -170 2 129 224
2683 72 2 130 137
2684 -138 2 130 141
2685 166 2 130 158
2686 -38 2 130 203
2687 164 2 130 235
2688 10 2 130 241
2689 14 2 131 150
2690 2 2 131 161
2691 -116 2 131 169
2692 78 2 131 174
2693 -38 2 131 190
2694 -30 2 131 195
2695 82 2 131 222
2696 182 2 131 228
2697 -8 2 131 232
2698 4 2 132 135
2699 -38 2 132 142
2700 166 2 132 147
2701 182 2 132 148
2702 -36 2 132 168
2703 122 2 132 184
2704 -116 2 132 201
2705 82 2 132 203
2706 -42 2 132 216
2707 -190 2 132 217
2708 176 2 132 221
2709 -166 2 132 224
2710 80 2 132 236
2711 190 2 132 238
2712 -170 2 132 248
2713 -44 2 133 136
2714 -70 2 133 138
2715 170 2 133 139
2716 -54 2 133 156
2717 100 2 133 162
2718 176 2 133 167
2719 -198 2 133 191
2720 64 2 133 195
2721 34 2 133 196
2722 162 2 133 234
2723 46 2 133 235
2724 102 2 133 244
2725 -152 2 134 140
2726 -166 2 134 143
2727 -196 2 134 169
2728 152 2 134 181
2729 -152 2 134 195
2730 -110 2 134 208
2731 198 2 134 213
2732 146 2 135 136
2733 -10 2 135 144
2734 52 2 135 149
2735 20 2 135 154
2736 -186 2 135 164
2737 -154 2 135 167
2738 156 2 135 210
2739 98 2 135 216
2740 32 2 135 228
2741 -186 2 135 243
2742 60 2 135 247
2743 8 2 136 148
2744 148 2 136 153
2745 148 2 136 156
2746 -134 2 136 157
2747 -170 2 136 166
2748 42 2 136 176
2749 138 2 136 183
2750 -36 2 136 187
2751 -60 2 136 189
2752 -144 2 136 192
2753 -60 2 136 203
2754 54 2 136 217
2755 4 2 136 228
2756 -128 2 136 233
2757 -110 2 136 235
2758 118 2 136 250
2759 -76 2 137 147
2760 56 2 137 160
2761 -178 2 137 178
2762 -106 2 137 194
2763 64 2 137 196
2764 184 2 137 202
2765 88 2 137 207
2766 -100 2 137 208
2767 -196 2 137 212
2768 -102 2 137 218
2769 -98 2 137 227
2770 118 2 137 231
2771 154 2 137 248
2772 -102 2 138 168
2773 -172 2 138 177
2774 140 2 138 184
2775 -184 2 138 192
2776 -72 2 138 217
2777 160 2 138 230
2778 112 2 138 241
2779 158 2 138 242
2780 -124 2 138 247
2781 -94 2 139 142
2782 180 2 139 157
2783 -82 2 139 161
2784 -110 2 139 191
2785 -72 2 139 193
2786 52 2 139 196
2787 154 2 139 208
2788 -176 2 139 211
2789 32 2 139 215
2790 28 2 139 229
2791 42 2 139 231
2792 102 2 139 235
2793 162 2 140 148
2794 -128 2 140 157
2795 12 2 140 170
2796 20 2 140 173
2797 186 2 140 194
2798 -34 2 140 204
2799 -74 2 140 210
2800 -26 2 140 212
2801 -12 2 140 216
2802 -114 2 140 218
2803 12 2 140 219
2804 -28 2 140 223
2805 -74 2 140 232
2806 -192 2 140 243
2807 -110 2 140 246
2808 62 2 140 247
2809 18 2 140 249
2810 166 2 141 142
2811 -72 2 141 153
2812 -176 2 141 154
2813 -48 2 141 220
2814 -58 2 141 230
2815 170 2 141 231
2816 34 2 141 234
2817 160 2 141 237
2818 -22 2 141 248
2819 -154 2 142 143
2820 6 2 142 158
2821 -196 2 142 162
2822 -8 2 142 216
2823 78 2 142 217
2824 88 2 142 236
2825 -70 2 142 237
2826 154 2 142 238
2827 200 2 143 150
2828 -184 2 143 158
2829 -40 2 143 174
2830 26 2 143 179
2831 -84 2 143 180
2832 68 2 143 225
2833 124 2 143 243
2834 -116 2 144 148
2835 -56 2 144 158
2836 32 2 144 159
2837 164 2 144 164
2838 -152 2 144 172
2839 106 2 144 176
2840 -16 2 144 185
2841 40 2 144 206
2842 -182 2 144 248
2843 -176 2 145 153
2844 2 2 145 168
2845 160 2 145 170
2846 84 2 145 187
2847 -16 2 145 199
2848 -74 2 145 204
2849 112 2 145 205
2850 -4 2 145 220
2851 -172 2 145 225
2852 -72 2 145 236
2853 42 2 145 241
2854 -94 2 145 247
2855 -184 2 145 249
2856 -168 2 146 160
2857 -148 2 146 189
2858 148 2 146 190
2859 110 2 146 196
2860 72 2 146 200
2861 40 2 146 202
2862 -34 2 146 237
2863 150 2 146 250
2864 -182 2 147 156
2865 188 2 147 181
2866 -12 2 147 222
2867 -106 2 147 248
2868 106 2 147 249
2869 -88 2 148 154
2870 132 2 148 159
2871 -56 2 148 172
2872 -144 2 148 175
2873 122 2 148 179
2874 4 2 148 215
2875 94 2 148 217
2876 -126 2 148 229
2877 -166 2 148 230
2878 -72 2 148 239
2879 -44 2 149 155
2880 46 2 149 180
2881 66 2 149 181
2882 -164 2 149 187
2883 160 2 149 201
2884 -120 2 149 213
2885 -194 2 149 216
2886 44 2 149 220
2887 18 2 149 224
2888 112 2 149 234
2889 2 2 149 247
2890 -72 2 150 154
2891 -28 2 150 156
2892 188 2 150 174
2893 -84 2 150 190
2894 -64 2 150 193
2895 146 2 150 202
2896 2 2 150 210
2897 -188 2 150 211
2898 -118 2 150 216
2899 18 2 150 232
2900 -148 2 150 234
2901 180 2 150 246
2902 6 2 150 249
2903 -118 2 151 169
2904 156 2 151 179
2905 -124 2 151 213
2906 62 2 151 215
2907 100 2 151 216
2908 38 2 151 218
2909 8 2 151 219
2910 2 2 151 230
2911 110 2 151 232
2912 -20 2 151 237
2913 64 2 152 173
2914 -108 2 152 187
2915 -18 2 152 215
2916 -22 2 152 223
2917 -132 2 152 228
2918 146 2 152 238
2919 -10 2 152 243
2920 40 2 152 247
2921 -30 2 153 166
2922 -108 2 153 173
2923 -156 2 153 183
2924 188 2 153 191
2925 -88 2 153 193
2926 52 2 153 218
2927 148 2 153 219
2928 46 2 153 243
2929 192 2 154 161
2930 86 2 154 176
2931 -36 2 154 181
2932 -16 2 154 203
2933 72 2 154 212
2934 -120 2 154 226
2935 -42 2 155 162
2936 -196 2 155 169
2937 -178 2 155 174
2938 152 2 155 190
2939 18 2 155 192
2940 -100 2 155 193
2941 -134 2 155 194
2942 28 2 155 198
2943 -124 2 155 202
2944 178 2 155 228
2945 -52 2 155 235
2946 -86 2 155 249
2947 -114 2 156 188
2948 -42 2 156 192
2949 -114 2 156 210
2950 -6 2 156 215
2951 -170 2 156 228
2952 -136 2 156 235
2953 100 2 157 163
2954 16 2 157 169
2955 18 2 157 188
2956 164 2 157 206
2957 30 2 157 209
2958 170 2 157 212
2959 -62 2 157 235
2960 188 2 158 174
2961 84 2 158 180
2962 144 2 158 190
2963 -162 2 158 205
2964 -126 2 158 210
2965 172 2 158 214
2966 6 2 158 218
2967 -96 2 158 223
2968 -90 2 158 225
2969 -100 2 158 230
2970 -36 2 159 165
2971 46 2 159 167
2972 -70 2 159 178
2973 166 2 159 190
2974 138 2 159 193
2975 112 2 159 196
2976 -102 2 159 220
2977 140 2 159 229
2978 60 2 159 235
2979 138 2 159 246
2980 36 2 160 161
2981 186 2 160 167
2982 -174 2 160 169
2983 -60 2 160 189
2984 180 2 160 198
2985 158 2 160 203
2986 54 2 160 208
2987 190 2 160 235
2988 -84 2 160 237
2989 56 2 160 240
2990 106 2 161 167
2991 168 2 161 170
2992 2 2 161 171
2993 158 2 161 179
2994 170 2 161 182
2995 18 2 161 193
2996 -102 2 161 201
2997 -174 2 161 204
2998 -116 2 161 209
2999 -110 2 161 215
3000 144 2 161 219
3001 80 2 161 227
3002 -166 2 161 236
3003 192 2 161 241
3004 122 2 162 172
3005 78 2 162 175
3006 34 2 162 179
3007 -132 2 162 189
3008 130 2 162 192
3009 108 2 162 193
3010 -68 2 162 198
3011 -108 2 162 199
3012 -74 2 162 203
3013 -34 2 162 204
3014 -138 2 162 205
3015 -154 2 162 218
3016 110 2 162 219
3017 -170 2 162 230
3018 -116 2 162 231
3019 178 2 162 233
3020 -40 2 162 236
3021 144 2 163 194
3022 -8 2 163 203
3023 -56 2 163 209
3024 138 2 163 225
3025 166 2 163 234
3026 56 2 163 237
3027 36 2 163 241
3028 -148 2 164 176
3029 30 2 164 204
3030 192 2 164 207
3031 -166 2 164 209
3032 -26 2 164 222
3033 78 2 164 237
3034 -70 2 165 167
3035 186 2 165 191
3036 -24 2 165 194
3037 -144 2 165 203
3038 164 2 165 216
3039 106 2 165 217
3040 138 2 165 222
3041 -168 2 165 233
3042 -2 2 165 242
3043 -10 2 166 173
3044 8 2 166 181
3045 198 2 166 186
3046 90 2 166 195
3047 20 2 166 197
3048 -38 2 166 219
3049 -80 2 166 224
3050 -180 2 166 230
3051 -48 2 166 241
3052 -52 2 166 242
3053 160 2 167 191
3054 120 2 167 197
3055 152 2 167 202
3056 -82 2 167 212
3057 -190 2 167 221
3058 -198 2 167 230
3059 -150 2 167 248
3060 -102 2 167 250
3061 92 2 168 172
3062 132 2 168 180
3063 104 2 168 183
3064 -74 2 168 184
3065 32 2 168 197
3066 176 2 168 201
3067 -24 2 168 203
3068 52 2 168 221
3069 196 2 168 230
3070 -32 2 168 234
3071 32 2 168 240
3072 10 2 169 180
3073 134 2 169 192
3074 -158 2 169 203
3075 -122 2 169 211
3076 -106 2 169 216
3077 106 2 169 224
3078 -186 2 169 232
3079 -10 2 169 233
3080 -48 2 169 235
3081 22 2 170 175
3082 176 2 170 179
3083 46 2 170 182
3084 64 2 170 187
3085 -20 2 170 199
3086 36 2 170 206
3087 -198 2 170 211
3088 -116 2 170 222
3089 -106 2 170 224
3090 78 2 170 230
3091 116 2 170 247
3092 -20 2 171 176
3093 -142 2 171 181
3094 168 2 171 197
3095 198 2 171 198
3096 138 2 171 222
3097 20 2 171 233
3098 194 2 172 176
3099 -146 2 172 177
3100 178 2 172 183
3101 168 2 172 186
3102 132 2 172 192
3103 -136 2 172 193
3104 -158 2 172 203
3105 -82 2 172 215
3106 58 2 172 224
3107 184 2 172 242
3108 68 2 173 180
3109 124 2 173 184
3110 -124 2 173 191
3111 -128 2 173 193
3112 -48 2 173 203
3113 -106 2 173 214
3114 -64 2 173 217
3115 138 2 173 221
3116 176 2 173 222
3117 98 2 173 223
3118 98 2 173 231
3119 110 2 173 247
3120 156 2 173 249
3121 102 2 174 175
3122 66 2 174 178
3123 192 2 174 203
3124 -170 2 174 208
3125 -110 2 174 209
3126 108 2 174 211
3127 -184 2 174 232
3128 90 2 174 235
3129 -78 2 174 250
3130 -52 2 175 199
3131 144 2 175 206
3132 -82 2 175 207
3133 58 2 175 217
3134 42 2 175 225
3135 162 2 175 250
3136 110 2 176 219
3137 -4 2 176 223
3138 -158 2 176 227
3139 -90 2 177 220
3140 190 2 177 246
3141 -142 2 178 181
3142 -134 2 178 200
3143 160 2 178 204
3144 -84 2 178 216
3145 126 2 178 218
3146 -168 2 178 225
3147 -8 2 178 226
3148 74 2 178 227
3149 -138 2 178 232
3150 14 2 179 189
3151 42 2 179 191
3152 22 2 179 203
3153 10 2 179 209
3154 -42 2 179 221
3155 -172 2 179 227
3156 106 2 179 229
3157 136 2 179 235
3158 164 2 180 208
3159 -184 2 180 213
3160 -144 2 180 231
3161 28 2 180 242
3162 -18 2 181 212
3163 -178 2 181 218
3164 -86 2 181 221
3165 60 2 181 229
3166 -108 2 182 183
3167 76 2 182 203
3168 96 2 182 215
3169 136 2 182 221
3170 192 2 182 227
3171 -6 2 182 237
3172 -42 2 182 239
3173 -164 2 183 191
3174 74 2 183 198
3175 -58 2 183 206
3176 -78 2 183 207
3177 -116 2 183 209
3178 8 2 183 212
3179 152 2 183 214
3180 124 2 183 218
3181 194 2 183 223
3182 -12 2 183 228
3183 -66 2 183 239
3184 138 2 184 196
3185 32 2 184 211
3186 54 2 184 215
3187 170 2 184 222
3188 28 2 184 224
3189 38 2 184 239
3190 88 2 185 203
3191 138 2 185 227
3192 -50 2 185 238
3193 -62 2 185 239
3194 -166 2 186 191
3195 -34 2 186 214
3196 8 2 186 234
3197 182 2 187 195
3198 176 2 187 199
3199 112 2 187 212
3200 120 2 187 231
3201 -4 2 187 234
3202 186 2 187 238
3203 68 2 187 244
3204 72 2 187 246
3205 -34 2 188 191
3206 78 2 188 199
3207 88 2 188 203
3208 -74 2 188 221
3209 88 2 188 236
3210 128 2 189 202
3211 182 2 189 205
3212 -190 2 189 210
3213 -148 2 189 214
3214 -52 2 189 215
3215 34 2 190 192
3216 134 2 190 201
3217 90 2 190 205
3218 22 2 190 212
3219 -58 2 191 194
3220 -86 2 191 195
3221 174 2 191 196
3222 114 2 191 199
3223 24 2 191 222
3224 136 2 191 234
3225 -70 2 191 246
3226 16 2 191 247
3227 -30 2 191 248
3228 -98 2 192 200
3229 -144 2 192 205
3230 146 2 192 210
3231 140 2 192 216
3232 154 2 192 222
3233 152 2 192 225
3234 -24 2 192 227
3235 114 2 192 235
3236 104 2 192 249
3237 102 2 193 195
3238 144 2 193 202
3239 -174 2 193 210
3240 -18 2 193 239
3241 82 2 193 240
3242 -98 2 194 206
3243 176 2 194 208
3244 -60 2 194 215
3245 -70 2 194 227
3246 60 2 194 243
3247 -34 2 194 249
3248 -14 2 195 212
3249 -106 2 195 213
3250 -92 2 195 214
3251 -28 2 195 237
3252 90 2 196 203
3253 62 2 196 208
3254 -70 2 196 223
3255 -198 2 196 228
3256 102 2 197 199
3257 -150 2 197 202
3258 32 2 197 221
3259 128 2 197 233
3260 -8 2 197 237
3261 -26 2 197 243
3262 -2 2 197 247
3263 114 2 198 203
3264 -108 2 198 230
3265 138 2 198 236
3266 112 2 198 250
3267 -144 2 199 200
3268 124 2 199 221
3269 -52 2 199 223
3270 92 2 199 227
3271 160 2 200 212
3272 -22 2 200 219
3273 40 2 200 220
3274 -160 2 200 233
3275 -52 2 200 242
3276 -102 2 200 243
3277 -40 2 200 248
3278 -98 2 201 208
3279 -70 2 201 213
3280 -38 2 201 218
3281 -120 2 201 224
3282 -72 2 201 243
3283 58 2 202 207
3284 102 2 202 212
3285 -76 2 202 219
3286 -94 2 202 222
3287 -114 2 203 204
3288 124 2 203 205
3289 -60 2 203 208
3290 -124 2 203 217
3291 92 2 203 219
3292 -134 2 203 221
3293 14 2 203 235
3294 -76 2 203 245
3295 176 2 203 247
3296 -60 2 204 210
3297 170 2 204 214
3298 42 2 204 229
3299 110 2 204 231
3300 112 2 204 245
3301 4 2 204 248
3302 46 2 205 220
3303 -116 2 205 232
3304 -96 2 205 234
3305 28 2 206 226
3306 -14 2 206 241
3307 94 2 206 244
3308 -112 2 207 208
3309 124 2 207 219
3310 158 2 207 237
3311 -172 2 207 244
3312 200 2 208 210
3313 -194 2 208 211
3314 98 2 208 217
3315 -102 2 208 235
3316 16 2 208 241
3317 70 2 208 242
3318 18 2 208 244
3319 -172 2 209 212
3320 -192 2 209 220
3321 -172 2 209 222
3322 -74 2 209 234
3323 -108 2 209 235
3324 -92 2 209 246
3325 120 2 210 212
3326 20 2 210 226
3327 50 2 210 235
3328 -184 2 210 238
3329 -196 2 210 239
3330 -54 2 211 213
3331 -10 2 211 240
3332 62 2 211 243
3333 140 2 211 245
3334 -148 2 211 248
3335 -158 2 212 218
3336 -134 2 212 231
3337 54 2 212 250
3338 2 2 213 223
3339 154 2 213 230
3340 -148 2 213 236
3341 -164 2 214 219
3342 150 2 214 225
3343 6 2 215 225
3344 -166 2 215 248
3345 162 2 216 218
3346 -164 2 216 226
3347 108 2 216 246
3348 80 2 216 250
3349 -112 2 217 230
3350 42 2 217 244
3351 8 2 218 246
3352 8 2 219 242
3353 -166 2 219 249
3354 60 2 220 227
3355 164 2 221 224
3356 -38 2 221 231
3357 -114 2 222 225
3358 42 2 222 244
3359 -22 2 223 246
3360 -112 2 223 250
3361 -70 2 224 235
3362 -180 2 224 236
3363 52 2 224 241
3364 -20 2 225 229
3365 -186 2 225 239
3366 122 2 225 240
3367 -178 2 225 241
3368 -182 2 226 236
3369 154 2 226 237
3370 -30 2 226 243
3371 -78 2 227 232
3372 96 2 227 235
3373 -192 2 227 239
3374 -198 2 227 246
3375 -4 2 227 248
3376 116 2 227 249
3377 -4 2 231 233
3378 84 2 231 246
3379 136 2 231 250
3380 196 2 232 238
3381 -178 2 232 249
3382 -160 2 233 234
3383 144 2 234 239
3384 160 2 234 246
3385 -52 2 235 236
3386 178 2 236 237
3387 -166 2 237 238
3388 142 2 237 240
3389 -104 2 238 250
3390 -82 2 239 245
3391 -18 2 240 244
3392 -186 2 240 247
3393 120 2 245 250
3394 2 2 247 250
3395 -126 2 248 250
