250 3313 0
0
1 -317 1 1
2 684 1 2
3 -251 1 3
4 -136 1 4
5 -39 1 5
6 186 1 6
7 -265 1 7
8 -118 1 8
9 -195 1 9
10 -430 1 10
11 -381 1 11
12 -600 1 12
13 -37 1 13
14 -496 1 14
15 296 1 15
16 -199 1 16
17 483 1 17
18 -48 1 18
19 352 1 19
20 -211 1 20
21 -730 1 21
22 -350 1 22
23 -284 1 23
24 -36 1 24
25 -250 1 25
26 36 1 26
27 313 1 27
28 -145 1 28
29 -208 1 29
30 -122 1 30
31 -199 1 31
32 -103 1 32
33 395 1 33
34 -374 1 34
35 321 1 35
36 360 1 36
37 -461 1 37
38 -162 1 38
39 -213 1 39
40 -540 1 40
41 -293 1 41
42 312 1 42
43 -494 1 43
44 -108 1 44
45 42 1 45
46 -226 1 46
47 217 1 47
48 -22 1 48
49 489 1 49
50 -88 1 50
51 -73 1 51
52 -181 1 52
53 -346 1 53
54 202 1 54
55 -352 1 55
56 -75 1 56
57 -79 1 57
58 -127 1 58
59 -302 1 59
60 -353 1 60
61 -240 1 61
62 -319 1 62
63 297 1 63
64 249 1 64
65 -259 1 65
66 138 1 66
67 331 1 67
68 18 1 68
69 152 1 69
70 -27 1 70
71 27 1 71
72 95 1 72
73 -55 1 73
74 -219 1 74
75 -294 1 75
76 -539 1 76
77 -370 1 77
78 40 1 78
79 -158 1 79
80 -336 1 80
81 63 1 81
82 117 1 82
83 -231 1 83
84 -33 1 84
85 99 1 85
86 -57 1 86
87 21 1 87
88 -562 1 88
89 -652 1 89
90 -15 1 90
91 242 1 91
92 -231 1 92
93 -406 1 93
94 54 1 94
95 74 1 95
96 154 1 96
97 -51 1 97
98 -142 1 98
99 279 1 99
100 277 1 100
101 -161 1 101
102 22 1 102
103 -6 1 103
104 -84 1 104
105 -218 1 105
106 -187 1 106
107 -495 1 107
108 286 1 108
109 -4 1 109
110 -693 1 110
111 189 1 111
112 -233 1 112
113 240 1 113
114 -96 1 114
115 404 1 115
116 -189 1 116
117 67 1 117
118 -561 1 118
119 475 1 119
120 95 1 120
121 -155 1 121
122 243 1 122
123 304 1 123
124 -92 1 124
125 361 1 125
126 91 1 126
127 -171 1 127
128 39 1 128
129 168 1 129
130 -73 1 130
131 216 1 131
132 -137 1 132
133 -234 1 133
134 67 1 134
135 -62 1 135
136 -333 1 136
137 443 1 137
138 -290 1 138
139 264 1 139
140 -279 1 140
141 -119 1 141
142 194 1 142
143 -564 1 143
144 -427 1 144
145 60 1 145
146 -309 1 146
147 -42 1 147
148 291 1 148
149 25 1 149
150 -624 1 150
151 209 1 151
152 -457 1 152
153 -188 1 153
154 238 1 154
155 -201 1 155
156 -405 1 156
157 -344 1 157
158 325 1 158
159 105 1 159
160 260 1 160
161 -319 1 161
162 -293 1 162
163 359 1 163
164 -394 1 164
165 115 1 165
166 109 1 166
167 -34 1 167
168 -502 1 168
169 -17 1 169
170 102 1 170
171 -40 1 171
172 328 1 172
173 -466 1 173
174 -219 1 174
175 183 1 175
176 -495 1 176
177 39 1 177
178 1 1 178
179 36 1 179
180 194 1 180
181 367 1 181
182 429 1 182
183 -168 1 183
184 218 1 184
185 -370 1 185
186 33 1 186
187 62 1 187
188 -296 1 188
189 -279 1 189
190 -484 1 190
191 -267 1 191
192 -11 1 192
193 -190 1 193
194 -191 1 194
195 -156 1 195
196 -381 1 196
197 161 1 197
198 -201 1 198
199 357 1 199
200 334 1 200
201 224 1 201
202 -301 1 202
203 -5 1 203
204 -318 1 204
205 224 1 205
206 437 1 206
207 428 1 207
208 -38 1 208
209 -207 1 209
210 -320 1 210
211 -201 1 211
212 -86 1 212
213 -408 1 213
214 -41 1 214
215 65 1 215
216 360 1 216
217 -127 1 217
218 -595 1 218
219 -135 1 219
220 -139 1 220
221 109 1 221
222 -126 1 222
223 -98 1 223
224 -470 1 224
225 -252 1 225
226 204 1 226
227 -176 1 227
228 -121 1 228
229 -369 1 229
230 40 1 230
231 278 1 231
232 -216 1 232
233 -61 1 233
234 -145 1 234
235 20 1 235
236 -83 1 236
237 294 1 237
238 -48 1 238
239 395 1 239
240 -25 1 240
241 -276 1 241
242 534 1 242
243 -232 1 243
244 -46 1 244
245 -159 1 245
246 -172 1 246
247 254 1 247
248 -47 1 248
249 -91 1 249
250 -280 1 250
251 -82 2 1 18
252 10 2 1 25
253 -2 2 1 41
254 50 2 1 44
255 8 2 1 54
256 -26 2 1 55
257 10 2 1 76
258 -78 2 1 80
259 -6 2 1 99
260 120 2 1 109
261 -128 2 1 129
262 172 2 1 141
263 144 2 1 144
264 16 2 1 146
265 70 2 1 150
266 114 2 1 179
267 200 2 1 182
268 136 2 1 191
269 -130 2 1 212
270 -16 2 1 224
271 66 2 1 232
272 -14 2 1 238
273 48 2 2 18
274 -178 2 2 29
275 -132 2 2 37
276 118 2 2 43
277 -106 2 2 50
278 -106 2 2 63
279 -180 2 2 66
280 -140 2 2 69
281 194 2 2 75
282 -174 2 2 80
283 -170 2 2 84
284 84 2 2 112
285 2 2 2 131
286 -14 2 2 153
287 -4 2 2 154
288 62 2 2 169
289 -188 2 2 179
290 -138 2 2 192
291 -174 2 2 195
292 -40 2 2 197
293 -144 2 2 202
294 22 2 2 225
295 -82 2 2 226
296 4 2 2 227
297 68 2 2 246
298 -104 2 3 45
299 -32 2 3 46
300 -92 2 3 51
301 180 2 3 53
302 52 2 3 60
303 192 2 3 80
304 58 2 3 89
305 -158 2 3 100
306 124 2 3 114
307 190 2 3 116
308 -32 2 3 146
309 174 2 3 176
310 -76 2 3 178
311 -38 2 3 180
312 -26 2 3 187
313 136 2 3 194
314 -46 2 3 231
315 150 2 4 28
316 36 2 4 32
317 196 2 4 40
318 100 2 4 52
319 44 2 4 74
320 6 2 4 76
321 128 2 4 82
322 180 2 4 101
323 78 2 4 109
324 -182 2 4 115
325 -86 2 4 116
326 64 2 4 134
327 -120 2 4 135
328 20 2 4 150
329 -6 2 4 180
330 -180 2 4 189
331 166 2 4 206
332 -130 2 4 208
333 -172 2 4 214
334 48 2 4 216
335 -128 2 4 237
336 60 2 4 247
337 -56 2 5 41
338 -156 2 5 77
339 -22 2 5 96
340 16 2 5 99
341 76 2 5 104
342 60 2 5 109
343 82 2 5 113
344 -144 2 5 115
345 -36 2 5 136
346 194 2 5 195
347 64 2 5 209
348 -14 2 6 9
349 -162 2 6 14
350 94 2 6 31
351 60 2 6 36
352 -52 2 6 62
353 -176 2 6 69
354 194 2 6 83
355 -38 2 6 88
356 190 2 6 93
357 -112 2 6 103
358 -12 2 6 110
359 34 2 6 113
360 -188 2 6 117
361 -100 2 6 151
362 90 2 6 154
363 -104 2 6 155
364 -170 2 6 159
365 -190 2 6 166
366 8 2 6 167
367 64 2 6 168
368 -138 2 6 177
369 114 2 6 201
370 2 2 6 205
371 108 2 6 215
372 126 2 6 229
373 184 2 7 12
374 92 2 7 15
375 -172 2 7 16
376 98 2 7 25
377 -146 2 7 26
378 150 2 7 34
379 -22 2 7 35
380 -32 2 7 42
381 10 2 7 55
382 136 2 7 70
383 -60 2 7 72
384 124 2 7 79
385 -46 2 7 81
386 146 2 7 84
387 190 2 7 90
388 164 2 7 102
389 26 2 7 107
390 -50 2 7 127
391 -170 2 7 132
392 -84 2 7 135
393 144 2 7 144
394 -42 2 7 156
395 -110 2 7 191
396 194 2 8 18
397 178 2 8 21
398 168 2 8 24
399 64 2 8 26
400 -46 2 8 31
401 -20 2 8 43
402 -168 2 8 50
403 132 2 8 59
404 194 2 8 60
405 8 2 8 62
406 -76 2 8 84
407 -4 2 8 99
408 -176 2 8 115
409 -158 2 8 117
410 -152 2 8 159
411 88 2 8 167
412 186 2 8 173
413 66 2 8 191
414 -114 2 8 199
415 130 2 8 205
416 32 2 8 217
417 -162 2 8 219
418 -128 2 8 237
419 178 2 9 16
420 102 2 9 18
421 28 2 9 43
422 -192 2 9 69
423 -100 2 9 71
424 180 2 9 86
425 60 2 9 120
426 -198 2 9 128
427 -6 2 9 134
428 -38 2 9 139
429 142 2 9 140
430 86 2 9 146
431 174 2 9 147
432 178 2 9 155
433 -192 2 9 158
434 188 2 9 159
435 180 2 9 186
436 54 2 9 194
437 14 2 9 198
438 -132 2 9 224
439 -126 2 9 247
440 -176 2 9 249
441 -60 2 10 19
442 178 2 10 20
443 -180 2 10 33
444 -74 2 10 35
445 -62 2 10 37
446 -94 2 10 46
447 82 2 10 60
448 142 2 10 62
449 188 2 10 98
450 118 2 10 99
451 172 2 10 113
452 68 2 10 120
453 146 2 10 124
454 98 2 10 126
455 142 2 10 167
456 8 2 10 176
457 -36 2 10 197
458 80 2 10 198
459 112 2 10 210
460 -48 2 10 211
461 -148 2 10 212
462 106 2 10 221
463 -78 2 10 248
464 44 2 11 21
465 188 2 11 33
466 -70 2 11 61
467 184 2 11 64
468 196 2 11 107
469 124 2 11 118
470 -130 2 11 146
471 134 2 11 148
472 158 2 11 156
473 114 2 11 168
474 -32 2 11 178
475 124 2 11 196
476 -130 2 11 210
477 -142 2 11 212
478 104 2 12 24
479 168 2 12 34
480 140 2 12 39
481 94 2 12 46
482 130 2 12 47
483 116 2 12 78
484 -94 2 12 92
485 6 2 12 107
486 56 2 12 116
487 -136 2 12 119
488 92 2 12 123
489 -88 2 12 130
490 66 2 12 134
491 154 2 12 138
492 138 2 12 166
493 -54 2 12 179
494 -134 2 12 194
495 176 2 12 206
496 -106 2 12 207
497 118 2 12 209
498 168 2 12 219
499 -46 2 12 234
500 -52 2 12 249
501 100 2 13 14
502 -132 2 13 26
503 -146 2 13 49
504 106 2 13 63
505 -70 2 13 70
506 -76 2 13 108
507 30 2 13 115
508 154 2 13 147
509 124 2 13 162
510 -14 2 13 164
511 40 2 13 165
512 16 2 13 196
513 -110 2 13 200
514 38 2 13 237
515 -8 2 13 240
516 136 2 13 246
517 -114 2 13 248
518 152 2 14 18
519 -6 2 14 36
520 196 2 14 39
521 50 2 14 40
522 -114 2 14 42
523 136 2 14 55
524 -108 2 14 58
525 78 2 14 65
526 -14 2 14 108
527 164 2 14 113
528 -22 2 14 114
529 -106 2 14 122
530 150 2 14 150
531 -50 2 14 161
532 -38 2 14 172
533 158 2 14 196
534 106 2 14 219
535 168 2 14 223
536 154 2 14 241
537 -76 2 15 36
538 44 2 15 37
539 138 2 15 42
540 -160 2 15 54
541 112 2 15 58
542 48 2 15 62
543 -154 2 15 79
544 -132 2 15 96
545 -92 2 15 114
546 -72 2 15 115
547 -28 2 15 121
548 96 2 15 123
549 -12 2 15 125
550 -60 2 15 128
551 -52 2 15 134
552 -18 2 15 137
553 -40 2 15 139
554 -156 2 15 141
555 106 2 15 152
556 -108 2 15 164
557 -42 2 15 170
558 -26 2 15 174
559 168 2 15 187
560 -182 2 15 209
561 156 2 15 220
562 164 2 15 229
563 24 2 15 239
564 -184 2 15 244
565 -146 2 15 249
566 -132 2 16 31
567 -30 2 16 44
568 160 2 16 63
569 24 2 16 85
570 50 2 16 103
571 162 2 16 118
572 60 2 16 134
573 -22 2 16 136
574 -92 2 16 137
575 100 2 16 139
576 72 2 16 150
577 -174 2 16 154
578 118 2 16 157
579 -48 2 16 164
580 -4 2 16 165
581 -44 2 16 167
582 34 2 16 174
583 -152 2 16 179
584 -82 2 16 184
585 104 2 16 185
586 14 2 16 190
587 18 2 16 201
588 122 2 16 204
589 -132 2 16 209
590 4 2 16 210
591 120 2 16 211
592 -152 2 16 215
593 28 2 16 216
594 38 2 16 223
595 194 2 16 224
596 46 2 16 229
597 -182 2 16 237
598 136 2 16 238
599 34 2 16 245
600 -162 2 17 31
601 -106 2 17 49
602 -128 2 17 57
603 56 2 17 66
604 -150 2 17 72
605 94 2 17 73
606 -62 2 17 74
607 198 2 17 83
608 -194 2 17 85
609 -28 2 17 95
610 182 2 17 104
611 110 2 17 111
612 -98 2 17 115
613 18 2 17 116
614 -152 2 17 118
615 90 2 17 134
616 -118 2 17 144
617 168 2 17 145
618 -8 2 17 149
619 -102 2 17 162
620 -136 2 17 169
621 -178 2 17 187
622 -192 2 17 196
623 84 2 17 197
624 -84 2 17 207
625 -68 2 17 230
626 -66 2 18 48
627 -76 2 18 51
628 38 2 18 52
629 122 2 18 99
630 -108 2 18 105
631 12 2 18 120
632 -120 2 18 126
633 -92 2 18 157
634 194 2 18 159
635 8 2 18 162
636 -38 2 18 180
637 -194 2 18 184
638 -2 2 18 188
639 122 2 18 189
640 -80 2 18 192
641 -84 2 18 198
642 88 2 18 201
643 10 2 18 206
644 -38 2 18 210
645 -4 2 18 227
646 -180 2 18 241
647 92 2 18 242
648 66 2 18 243
649 12 2 18 247
650 -138 2 19 27
651 186 2 19 29
652 -74 2 19 33
653 36 2 19 48
654 170 2 19 66
655 154 2 19 71
656 -82 2 19 72
657 -10 2 19 74
658 -96 2 19 84
659 -30 2 19 87
660 124 2 19 89
661 -192 2 19 109
662 -82 2 19 125
663 38 2 19 136
664 -104 2 19 150
665 186 2 19 159
666 -148 2 19 177
667 -98 2 19 183
668 118 2 19 187
669 148 2 19 191
670 -2 2 19 195
671 -170 2 19 197
672 -86 2 19 206
673 -178 2 19 208
674 180 2 19 211
675 14 2 19 215
676 -42 2 19 221
677 -126 2 19 223
678 36 2 19 224
679 -98 2 19 225
680 -174 2 19 226
681 -100 2 19 240
682 -24 2 19 244
683 20 2 19 250
684 -172 2 20 50
685 64 2 20 75
686 126 2 20 83
687 -112 2 20 84
688 48 2 20 88
689 -154 2 20 99
690 -144 2 20 114
691 36 2 20 121
692 126 2 20 128
693 162 2 20 132
694 98 2 20 141
695 102 2 20 162
696 28 2 20 178
697 -86 2 20 179
698 -188 2 20 199
699 -14 2 20 208
700 -156 2 20 211
701 144 2 20 212
702 2 2 20 219
703 18 2 20 227
704 154 2 20 228
705 162 2 20 233
706 -22 2 21 25
707 192 2 21 28
708 -56 2 21 31
709 130 2 21 36
710 166 2 21 61
711 -20 2 21 62
712 -190 2 21 73
713 194 2 21 74
714 82 2 21 94
715 -168 2 21 95
716 96 2 21 109
717 170 2 21 110
718 162 2 21 114
719 194 2 21 142
720 -10 2 21 143
721 22 2 21 146
722 -142 2 21 149
723 -50 2 21 151
724 -66 2 21 167
725 158 2 21 171
726 -34 2 21 172
727 150 2 21 175
728 142 2 21 212
729 -170 2 21 223
730 176 2 21 225
731 132 2 21 241
732 182 2 22 26
733 -54 2 22 28
734 10 2 22 36
735 54 2 22 46
736 -74 2 22 54
737 128 2 22 68
738 -10 2 22 75
739 -82 2 22 80
740 166 2 22 100
741 -66 2 22 104
742 172 2 22 110
743 -34 2 22 130
744 -82 2 22 131
745 112 2 22 134
746 114 2 22 140
747 -72 2 22 154
748 136 2 22 168
749 52 2 22 188
750 174 2 22 189
751 -62 2 22 193
752 -24 2 22 196
753 -198 2 22 211
754 68 2 22 218
755 52 2 22 222
756 150 2 22 223
757 6 2 22 236
758 -118 2 22 238
759 174 2 23 32
760 -28 2 23 34
761 -114 2 23 36
762 38 2 23 39
763 52 2 23 48
764 18 2 23 51
765 -86 2 23 57
766 -88 2 23 59
767 180 2 23 61
768 116 2 23 67
769 -136 2 23 95
770 -24 2 23 116
771 142 2 23 130
772 -74 2 23 131
773 6 2 23 132
774 198 2 23 133
775 -86 2 23 142
776 38 2 23 145
777 -56 2 23 197
778 170 2 23 205
779 -80 2 23 214
780 34 2 23 218
781 -56 2 23 220
782 110 2 23 224
783 16 2 23 230
784 -42 2 23 236
785 146 2 23 249
786 -46 2 24 50
787 30 2 24 64
788 20 2 24 73
789 80 2 24 74
790 -94 2 24 75
791 126 2 24 80
792 -76 2 24 81
793 -50 2 24 82
794 -68 2 24 85
795 182 2 24 90
796 46 2 24 123
797 -80 2 24 132
798 -82 2 24 137
799 -66 2 24 146
800 172 2 24 161
801 22 2 24 169
802 -132 2 24 199
803 72 2 24 202
804 54 2 24 215
805 -186 2 24 217
806 -96 2 24 235
807 -28 2 24 241
808 -10 2 25 90
809 154 2 25 96
810 -92 2 25 102
811 -2 2 25 107
812 4 2 25 116
813 178 2 25 146
814 -136 2 25 150
815 60 2 25 175
816 166 2 25 184
817 166 2 25 186
818 -128 2 25 191
819 -20 2 25 192
820 -92 2 25 198
821 -34 2 25 210
822 138 2 25 215
823 -64 2 25 226
824 78 2 25 227
825 50 2 25 235
826 76 2 25 238
827 -80 2 25 246
828 2 2 25 250
829 -58 2 26 43
830 50 2 26 45
831 28 2 26 48
832 -198 2 26 64
833 104 2 26 77
834 114 2 26 80
835 56 2 26 81
836 -68 2 26 93
837 156 2 26 95
838 180 2 26 106
839 -138 2 26 118
840 -86 2 26 120
841 126 2 26 127
842 -114 2 26 131
843 -128 2 26 153
844 76 2 26 177
845 -14 2 26 180
846 -38 2 26 199
847 164 2 26 213
848 -170 2 26 225
849 -16 2 26 236
850 -66 2 26 240
851 42 2 27 38
852 -38 2 27 52
853 -36 2 27 54
854 -2 2 27 62
855 -194 2 27 63
856 134 2 27 74
857 -164 2 27 89
858 156 2 27 104
859 4 2 27 133
860 -152 2 27 142
861 -86 2 27 177
862 156 2 27 181
863 -116 2 27 186
864 -32 2 27 188
865 -100 2 27 192
866 -156 2 27 211
867 34 2 27 233
868 -18 2 27 235
869 -96 2 27 238
870 176 2 27 245
871 24 2 28 35
872 4 2 28 40
873 -124 2 28 51
874 -50 2 28 63
875 -18 2 28 74
876 -146 2 28 78
877 -22 2 28 91
878 172 2 28 92
879 186 2 28 104
880 -114 2 28 109
881 144 2 28 140
882 2 2 28 157
883 114 2 28 164
884 -126 2 28 170
885 -36 2 28 178
886 -172 2 28 179
887 98 2 28 197
888 -178 2 28 216
889 20 2 28 221
890 100 2 28 222
891 -18 2 28 233
892 142 2 28 249
893 98 2 29 38
894 196 2 29 41
895 54 2 29 49
896 188 2 29 50
897 -22 2 29 59
898 -138 2 29 67
899 194 2 29 78
900 164 2 29 82
901 62 2 29 84
902 50 2 29 90
903 -106 2 29 114
904 42 2 29 129
905 38 2 29 140
906 46 2 29 145
907 -196 2 29 173
908 -60 2 29 175
909 -94 2 29 183
910 64 2 29 188
911 -180 2 29 194
912 -50 2 29 201
913 58 2 29 212
914 -156 2 30 31
915 160 2 30 33
916 -118 2 30 44
917 -174 2 30 50
918 70 2 30 58
919 194 2 30 60
920 -142 2 30 82
921 -26 2 30 86
922 20 2 30 88
923 -54 2 30 93
924 188 2 30 95
925 152 2 30 97
926 168 2 30 104
927 -136 2 30 107
928 -86 2 30 108
929 66 2 30 113
930 -168 2 30 119
931 196 2 30 126
932 10 2 30 129
933 68 2 30 130
934 -70 2 30 148
935 12 2 30 149
936 18 2 30 168
937 112 2 30 181
938 86 2 30 189
939 64 2 30 193
940 -94 2 30 211
941 4 2 30 213
942 -138 2 30 222
943 -24 2 30 242
944 42 2 30 243
945 98 2 31 44
946 162 2 31 46
947 -28 2 31 48
948 -116 2 31 49
949 154 2 31 66
950 174 2 31 111
951 68 2 31 112
952 158 2 31 118
953 -84 2 31 120
954 -52 2 31 144
955 -74 2 31 149
956 68 2 31 162
957 4 2 31 190
958 82 2 31 191
959 68 2 31 197
960 154 2 31 202
961 104 2 31 215
962 46 2 31 240
963 -192 2 31 242
964 -34 2 31 245
965 96 2 31 247
966 -54 2 32 61
967 78 2 32 74
968 186 2 32 88
969 150 2 32 93
970 -32 2 32 114
971 -116 2 32 134
972 -130 2 32 137
973 54 2 32 166
974 -34 2 32 176
975 10 2 32 183
976 66 2 32 194
977 -120 2 32 198
978 -104 2 32 227
979 104 2 32 232
980 -62 2 32 244
981 -48 2 33 36
982 -192 2 33 54
983 84 2 33 62
984 -152 2 33 80
985 36 2 33 84
986 -120 2 33 86
987 10 2 33 93
988 136 2 33 101
989 60 2 33 107
990 -106 2 33 115
991 -152 2 33 124
992 -72 2 33 126
993 -2 2 33 128
994 2 2 33 131
995 -150 2 33 134
996 156 2 33 138
997 -136 2 33 152
998 -194 2 33 158
999 192 2 33 193
1000 -100 2 33 197
1001 40 2 33 216
1002 -116 2 33 228
1003 -60 2 33 236
1004 44 2 34 42
1005 196 2 34 71
1006 88 2 34 105
1007 -108 2 34 116
1008 134 2 34 117
1009 -38 2 34 129
1010 40 2 34 151
1011 -28 2 34 162
1012 -6 2 34 173
1013 -144 2 34 174
1014 -160 2 34 197
1015 90 2 34 206
1016 160 2 34 214
1017 122 2 34 227
1018 68 2 34 236
1019 -114 2 35 39
1020 -16 2 35 56
1021 148 2 35 72
1022 104 2 35 82
1023 -192 2 35 106
1024 -82 2 35 111
1025 44 2 35 121
1026 -146 2 35 128
1027 -178 2 35 140
1028 86 2 35 158
1029 -182 2 35 159
1030 -42 2 35 182
1031 -4 2 35 184
1032 -110 2 35 187
1033 4 2 35 189
1034 4 2 35 208
1035 42 2 35 210
1036 22 2 35 221
1037 98 2 35 227
1038 -56 2 35 246
1039 48 2 36 84
1040 94 2 36 85
1041 -196 2 36 86
1042 -64 2 36 89
1043 -24 2 36 92
1044 -16 2 36 93
1045 190 2 36 106
1046 18 2 36 113
1047 -112 2 36 157
1048 -180 2 36 180
1049 -28 2 36 188
1050 98 2 36 198
1051 -118 2 36 201
1052 -20 2 36 208
1053 -144 2 36 210
1054 -84 2 36 221
1055 -154 2 36 238
1056 46 2 36 240
1057 8 2 36 243
1058 -38 2 36 244
1059 126 2 37 41
1060 146 2 37 42
1061 -72 2 37 47
1062 -4 2 37 61
1063 68 2 37 66
1064 -174 2 37 79
1065 186 2 37 89
1066 188 2 37 93
1067 88 2 37 98
1068 -26 2 37 101
1069 4 2 37 116
1070 -72 2 37 128
1071 -16 2 37 137
1072 62 2 37 151
1073 188 2 37 158
1074 96 2 37 160
1075 188 2 37 161
1076 -176 2 37 163
1077 148 2 37 174
1078 -198 2 37 182
1079 -6 2 37 203
1080 198 2 37 217
1081 -40 2 37 220
1082 -124 2 37 232
1083 92 2 37 234
1084 50 2 37 238
1085 -12 2 37 239
1086 164 2 37 246
1087 160 2 38 40
1088 -20 2 38 45
1089 162 2 38 56
1090 -34 2 38 57
1091 -4 2 38 68
1092 198 2 38 70
1093 -112 2 38 77
1094 74 2 38 79
1095 86 2 38 81
1096 148 2 38 84
1097 -82 2 38 97
1098 -156 2 38 100
1099 112 2 38 107
1100 -196 2 38 119
1101 184 2 38 123
1102 -70 2 38 130
1103 134 2 38 138
1104 -104 2 38 146
1105 -198 2 38 177
1106 -38 2 38 178
1107 -52 2 38 194
1108 -84 2 38 199
1109 100 2 38 204
1110 -18 2 38 232
1111 -186 2 38 240
1112 180 2 38 243
1113 54 2 39 84
1114 -92 2 39 90
1115 -148 2 39 104
1116 150 2 39 106
1117 -116 2 39 120
1118 -78 2 39 122
1119 -142 2 39 134
1120 152 2 39 146
1121 -64 2 39 148
1122 60 2 39 154
1123 100 2 39 159
1124 -62 2 39 185
1125 22 2 39 188
1126 -196 2 39 199
1127 100 2 39 206
1128 68 2 39 213
1129 132 2 39 218
1130 190 2 39 228
1131 -186 2 39 229
1132 20 2 39 232
1133 178 2 39 236
1134 -168 2 39 239
1135 192 2 39 249
1136 82 2 40 62
1137 -92 2 40 69
1138 68 2 40 83
1139 152 2 40 94
1140 20 2 40 108
1141 118 2 40 110
1142 -140 2 40 112
1143 -106 2 40 114
1144 120 2 40 164
1145 -26 2 40 168
1146 -2 2 40 170
1147 170 2 40 176
1148 -112 2 40 177
1149 84 2 40 203
1150 116 2 40 206
1151 148 2 40 208
1152 172 2 40 211
1153 158 2 40 220
1154 -124 2 40 227
1155 -136 2 40 231
1156 -94 2 41 64
1157 -86 2 41 70
1158 94 2 41 72
1159 -2 2 41 78
1160 -126 2 41 81
1161 194 2 41 83
1162 192 2 41 88
1163 10 2 41 103
1164 78 2 41 107
1165 -170 2 41 119
1166 -150 2 41 123
1167 96 2 41 155
1168 -46 2 41 177
1169 100 2 41 186
1170 -158 2 41 201
1171 176 2 41 215
1172 -10 2 41 234
1173 28 2 41 235
1174 138 2 41 236
1175 -52 2 41 243
1176 110 2 41 246
1177 -190 2 42 58
1178 -182 2 42 73
1179 72 2 42 88
1180 140 2 42 93
1181 -28 2 42 106
1182 -140 2 42 110
1183 -190 2 42 112
1184 68 2 42 115
1185 78 2 42 123
1186 58 2 42 133
1187 -74 2 42 142
1188 118 2 42 159
1189 -154 2 42 170
1190 -100 2 42 178
1191 -146 2 42 221
1192 -136 2 42 249
1193 184 2 43 68
1194 -172 2 43 71
1195 94 2 43 90
1196 -76 2 43 97
1197 -174 2 43 117
1198 188 2 43 125
1199 134 2 43 134
1200 -78 2 43 139
1201 -20 2 43 162
1202 172 2 43 167
1203 110 2 43 174
1204 136 2 43 180
1205 68 2 43 186
1206 188 2 43 196
1207 -46 2 43 199
1208 140 2 43 200
1209 -132 2 43 202
1210 162 2 43 223
1211 -82 2 43 233
1212 134 2 43 234
1213 -84 2 43 238
1214 74 2 43 243
1215 -112 2 44 49
1216 122 2 44 52
1217 148 2 44 53
1218 86 2 44 61
1219 132 2 44 72
1220 162 2 44 83
1221 -162 2 44 98
1222 94 2 44 103
1223 142 2 44 115
1224 -102 2 44 133
1225 150 2 44 164
1226 46 2 44 169
1227 -194 2 44 192
1228 -18 2 44 199
1229 -44 2 44 203
1230 56 2 44 234
1231 -196 2 44 245
1232 -94 2 44 247
1233 -132 2 45 53
1234 -4 2 45 57
1235 128 2 45 69
1236 98 2 45 76
1237 78 2 45 81
1238 -118 2 45 84
1239 -170 2 45 94
1240 -174 2 45 107
1241 162 2 45 122
1242 -62 2 45 151
1243 -114 2 45 165
1244 50 2 45 199
1245 150 2 45 203
1246 -58 2 45 206
1247 102 2 45 207
1248 -58 2 45 226
1249 112 2 45 250
1250 150 2 46 50
1251 -8 2 46 52
1252 -134 2 46 56
1253 -92 2 46 71
1254 14 2 46 78
1255 -100 2 46 81
1256 -198 2 46 89
1257 150 2 46 101
1258 126 2 46 102
1259 -162 2 46 104
1260 28 2 46 112
1261 -132 2 46 122
1262 142 2 46 142
1263 68 2 46 144
1264 -114 2 46 157
1265 102 2 46 161
1266 -94 2 46 167
1267 194 2 46 170
1268 138 2 46 174
1269 -116 2 46 190
1270 -102 2 46 197
1271 156 2 46 203
1272 112 2 46 209
1273 118 2 46 212
1274 88 2 46 225
1275 184 2 46 227
1276 -180 2 46 230
1277 -70 2 46 242
1278 -56 2 47 97
1279 -138 2 47 101
1280 -20 2 47 119
1281 12 2 47 126
1282 6 2 47 131
1283 -118 2 47 138
1284 160 2 47 143
1285 -154 2 47 154
1286 -132 2 47 157
1287 50 2 47 176
1288 56 2 47 178
1289 68 2 47 200
1290 -82 2 47 223
1291 -144 2 47 237
1292 32 2 48 93
1293 108 2 48 106
1294 98 2 48 137
1295 -12 2 48 150
1296 -184 2 48 153
1297 2 2 48 163
1298 -160 2 48 182
1299 -166 2 48 184
1300 -50 2 48 189
1301 -162 2 48 191
1302 104 2 48 196
1303 30 2 48 199
1304 126 2 48 205
1305 -46 2 48 219
1306 -60 2 48 228
1307 -82 2 48 232
1308 72 2 48 234
1309 182 2 48 239
1310 148 2 48 245
1311 42 2 48 247
1312 -172 2 49 54
1313 164 2 49 60
1314 -26 2 49 78
1315 -128 2 49 96
1316 -190 2 49 99
1317 -48 2 49 131
1318 -194 2 49 133
1319 172 2 49 140
1320 78 2 49 143
1321 66 2 49 144
1322 -156 2 49 151
1323 -196 2 49 171
1324 38 2 49 179
1325 62 2 49 194
1326 -102 2 49 195
1327 -60 2 49 214
1328 156 2 49 216
1329 -22 2 49 220
1330 36 2 49 237
1331 -30 2 49 239
1332 50 2 50 55
1333 -142 2 50 64
1334 172 2 50 69
1335 -58 2 50 74
1336 -116 2 50 86
1337 190 2 50 88
1338 -52 2 50 106
1339 144 2 50 107
1340 -36 2 50 114
1341 -90 2 50 146
1342 154 2 50 152
1343 -24 2 50 153
1344 146 2 50 170
1345 108 2 50 176
1346 -2 2 50 199
1347 26 2 50 227
1348 34 2 50 243
1349 -148 2 51 55
1350 12 2 51 76
1351 -20 2 51 79
1352 38 2 51 98
1353 -46 2 51 105
1354 18 2 51 107
1355 152 2 51 110
1356 60 2 51 111
1357 -112 2 51 125
1358 -178 2 51 138
1359 -112 2 51 146
1360 14 2 51 147
1361 172 2 51 159
1362 110 2 51 172
1363 102 2 51 175
1364 48 2 51 177
1365 -34 2 51 178
1366 -70 2 51 184
1367 -48 2 51 207
1368 190 2 51 213
1369 88 2 51 218
1370 118 2 51 222
1371 -162 2 51 229
1372 70 2 51 243
1373 158 2 51 249
1374 -6 2 52 68
1375 86 2 52 85
1376 -186 2 52 104
1377 156 2 52 112
1378 -98 2 52 120
1379 -38 2 52 136
1380 -82 2 52 137
1381 154 2 52 138
1382 40 2 52 157
1383 -60 2 52 172
1384 142 2 52 187
1385 -74 2 52 199
1386 -36 2 52 201
1387 176 2 52 226
1388 108 2 52 238
1389 -134 2 52 241
1390 86 2 53 55
1391 192 2 53 65
1392 90 2 53 86
1393 200 2 53 88
1394 -78 2 53 99
1395 122 2 53 100
1396 28 2 53 114
1397 56 2 53 115
1398 -174 2 53 139
1399 -116 2 53 149
1400 -128 2 53 153
1401 -106 2 53 159
1402 26 2 53 168
1403 -48 2 53 183
1404 132 2 53 186
1405 198 2 53 193
1406 192 2 53 210
1407 -88 2 53 215
1408 82 2 53 217
1409 -58 2 53 219
1410 -192 2 53 239
1411 98 2 53 243
1412 80 2 53 248
1413 -98 2 53 250
1414 -114 2 54 66
1415 102 2 54 73
1416 110 2 54 74
1417 -64 2 54 81
1418 -174 2 54 85
1419 76 2 54 86
1420 36 2 54 88
1421 190 2 54 101
1422 44 2 54 114
1423 -134 2 54 120
1424 10 2 54 124
1425 -120 2 54 141
1426 196 2 54 149
1427 156 2 54 156
1428 142 2 54 164
1429 110 2 54 166
1430 -12 2 54 168
1431 -52 2 54 186
1432 -86 2 54 202
1433 10 2 54 203
1434 70 2 54 211
1435 -150 2 54 216
1436 100 2 54 226
1437 -46 2 54 231
1438 -140 2 54 244
1439 -38 2 54 246
1440 180 2 55 59
1441 -76 2 55 60
1442 178 2 55 65
1443 -16 2 55 69
1444 88 2 55 77
1445 -116 2 55 86
1446 -10 2 55 88
1447 72 2 55 94
1448 96 2 55 110
1449 164 2 55 111
1450 124 2 55 114
1451 -184 2 55 125
1452 -152 2 55 131
1453 -90 2 55 133
1454 138 2 55 138
1455 -8 2 55 139
1456 52 2 55 143
1457 -30 2 55 147
1458 -56 2 55 151
1459 -134 2 55 171
1460 58 2 55 174
1461 76 2 55 185
1462 -180 2 55 188
1463 112 2 55 189
1464 104 2 55 197
1465 -2 2 55 199
1466 -76 2 55 203
1467 148 2 55 210
1468 92 2 55 213
1469 18 2 55 248
1470 26 2 55 250
1471 -114 2 56 62
1472 122 2 56 77
1473 -106 2 56 83
1474 144 2 56 89
1475 6 2 56 90
1476 6 2 56 106
1477 74 2 56 122
1478 -20 2 56 145
1479 -18 2 56 157
1480 120 2 56 173
1481 -114 2 56 188
1482 200 2 56 199
1483 -188 2 56 202
1484 -44 2 56 227
1485 110 2 56 232
1486 -76 2 56 237
1487 18 2 56 242
1488 18 2 56 245
1489 32 2 57 60
1490 60 2 57 67
1491 32 2 57 76
1492 156 2 57 80
1493 -18 2 57 84
1494 -2 2 57 85
1495 -142 2 57 93
1496 138 2 57 97
1497 -198 2 57 103
1498 196 2 57 104
1499 144 2 57 107
1500 -44 2 57 119
1501 -124 2 57 121
1502 -118 2 57 147
1503 146 2 57 156
1504 -34 2 57 166
1505 -116 2 57 182
1506 180 2 57 186
1507 180 2 57 196
1508 88 2 57 215
1509 -146 2 57 247
1510 194 2 58 79
1511 148 2 58 126
1512 -4 2 58 130
1513 -126 2 58 137
1514 -112 2 58 138
1515 52 2 58 141
1516 -92 2 58 142
1517 -116 2 58 154
1518 128 2 58 157
1519 44 2 58 176
1520 -44 2 58 178
1521 196 2 58 209
1522 -170 2 58 214
1523 180 2 58 215
1524 162 2 58 222
1525 -14 2 58 226
1526 52 2 58 234
1527 -108 2 58 240
1528 198 2 59 76
1529 -112 2 59 94
1530 134 2 59 119
1531 -180 2 59 121
1532 -60 2 59 129
1533 -106 2 59 135
1534 -148 2 59 141
1535 34 2 59 144
1536 194 2 59 152
1537 58 2 59 154
1538 78 2 59 158
1539 168 2 59 159
1540 -100 2 59 168
1541 -94 2 59 181
1542 -150 2 59 182
1543 158 2 59 190
1544 30 2 59 211
1545 180 2 59 229
1546 176 2 59 236
1547 -92 2 59 240
1548 36 2 59 250
1549 -76 2 60 73
1550 -12 2 60 88
1551 164 2 60 97
1552 -178 2 60 101
1553 -18 2 60 115
1554 160 2 60 118
1555 -12 2 60 125
1556 44 2 60 130
1557 170 2 60 159
1558 -2 2 60 184
1559 12 2 60 187
1560 -56 2 60 190
1561 -54 2 60 195
1562 -174 2 60 201
1563 174 2 60 203
1564 -168 2 60 239
1565 -70 2 60 249
1566 160 2 60 250
1567 -40 2 61 94
1568 158 2 61 112
1569 -36 2 61 121
1570 -136 2 61 123
1571 -194 2 61 131
1572 -48 2 61 133
1573 -122 2 61 137
1574 114 2 61 144
1575 158 2 61 145
1576 120 2 61 146
1577 -68 2 61 150
1578 -198 2 61 159
1579 -158 2 61 160
1580 126 2 61 175
1581 46 2 61 190
1582 186 2 61 201
1583 -128 2 61 202
1584 184 2 61 208
1585 10 2 61 215
1586 130 2 61 219
1587 184 2 61 229
1588 -114 2 61 232
1589 -62 2 61 234
1590 64 2 61 243
1591 146 2 62 69
1592 -192 2 62 77
1593 -82 2 62 84
1594 138 2 62 92
1595 122 2 62 119
1596 -26 2 62 131
1597 56 2 62 136
1598 -16 2 62 155
1599 -164 2 62 160
1600 50 2 62 188
1601 54 2 62 193
1602 14 2 62 225
1603 150 2 62 227
1604 118 2 62 242
1605 94 2 62 244
1606 90 2 63 73
1607 130 2 63 76
1608 -136 2 63 93
1609 198 2 63 98
1610 -48 2 63 101
1611 -186 2 63 103
1612 -130 2 63 104
1613 -82 2 63 108
1614 160 2 63 117
1615 130 2 63 120
1616 78 2 63 121
1617 -150 2 63 127
1618 -50 2 63 154
1619 -6 2 63 163
1620 -110 2 63 170
1621 -84 2 63 176
1622 -106 2 63 204
1623 44 2 63 208
1624 152 2 63 213
1625 -78 2 63 241
1626 -66 2 63 244
1627 -132 2 63 246
1628 -128 2 63 247
1629 42 2 64 71
1630 -116 2 64 72
1631 -166 2 64 86
1632 -66 2 64 99
1633 36 2 64 102
1634 -190 2 64 104
1635 26 2 64 110
1636 50 2 64 111
1637 62 2 64 114
1638 -46 2 64 127
1639 -104 2 64 160
1640 -2 2 64 163
1641 34 2 64 174
1642 28 2 64 185
1643 162 2 64 196
1644 -190 2 64 200
1645 96 2 64 218
1646 120 2 64 222
1647 -140 2 64 223
1648 162 2 64 229
1649 -58 2 64 232
1650 -80 2 64 236
1651 18 2 64 247
1652 44 2 64 248
1653 -84 2 65 76
1654 188 2 65 78
1655 -102 2 65 102
1656 144 2 65 140
1657 -112 2 65 167
1658 170 2 65 171
1659 30 2 65 179
1660 -90 2 65 185
1661 -74 2 65 229
1662 -184 2 66 82
1663 150 2 66 88
1664 -58 2 66 107
1665 -50 2 66 122
1666 -88 2 66 137
1667 -34 2 66 147
1668 32 2 66 155
1669 -94 2 66 167
1670 152 2 66 203
1671 -180 2 66 206
1672 -128 2 66 216
1673 -16 2 66 242
1674 68 2 66 246
1675 90 2 67 69
1676 184 2 67 70
1677 -176 2 67 74
1678 -148 2 67 88
1679 72 2 67 93
1680 -164 2 67 95
1681 -136 2 67 125
1682 16 2 67 140
1683 -10 2 67 143
1684 -130 2 67 148
1685 24 2 67 176
1686 116 2 67 177
1687 14 2 67 199
1688 -176 2 67 201
1689 56 2 67 209
1690 20 2 67 210
1691 6 2 67 224
1692 -40 2 67 226
1693 -194 2 67 229
1694 44 2 67 232
1695 -132 2 67 239
1696 106 2 67 241
1697 -142 2 67 243
1698 -100 2 68 72
1699 -124 2 68 84
1700 -100 2 68 87
1701 86 2 68 90
1702 -110 2 68 102
1703 -148 2 68 119
1704 -168 2 68 120
1705 126 2 68 150
1706 112 2 68 181
1707 88 2 68 221
1708 -32 2 69 98
1709 64 2 69 105
1710 -136 2 69 113
1711 62 2 69 120
1712 -156 2 69 123
1713 -92 2 69 125
1714 124 2 69 138
1715 -144 2 69 144
1716 -54 2 69 186
1717 -38 2 69 190
1718 40 2 69 194
1719 -44 2 69 202
1720 -148 2 69 203
1721 192 2 69 204
1722 138 2 69 224
1723 -26 2 70 82
1724 -130 2 70 92
1725 88 2 70 96
1726 -174 2 70 99
1727 146 2 70 115
1728 84 2 70 127
1729 -74 2 70 142
1730 -156 2 70 158
1731 10 2 70 162
1732 126 2 70 165
1733 -120 2 70 167
1734 188 2 70 170
1735 -110 2 70 173
1736 64 2 70 176
1737 -128 2 70 210
1738 116 2 70 214
1739 -22 2 70 220
1740 -102 2 70 224
1741 168 2 70 230
1742 -70 2 70 235
1743 -186 2 70 242
1744 188 2 71 89
1745 198 2 71 90
1746 -20 2 71 96
1747 20 2 71 117
1748 64 2 71 119
1749 164 2 71 147
1750 -44 2 71 156
1751 60 2 71 168
1752 138 2 71 170
1753 -148 2 71 176
1754 128 2 71 183
1755 -120 2 71 193
1756 -42 2 71 195
1757 -50 2 71 196
1758 -44 2 71 202
1759 26 2 71 205
1760 -106 2 71 207
1761 -198 2 71 227
1762 -168 2 71 239
1763 -2 2 71 240
1764 -126 2 71 249
1765 62 2 72 89
1766 -162 2 72 90
1767 20 2 72 109
1768 84 2 72 116
1769 62 2 72 117
1770 -142 2 72 130
1771 -28 2 72 162
1772 152 2 72 178
1773 -104 2 72 221
1774 74 2 73 89
1775 90 2 73 100
1776 14 2 73 110
1777 -44 2 73 115
1778 52 2 73 117
1779 130 2 73 135
1780 -80 2 73 139
1781 102 2 73 145
1782 100 2 73 157
1783 -196 2 73 179
1784 -42 2 73 202
1785 -76 2 73 205
1786 14 2 73 226
1787 114 2 73 234
1788 152 2 74 76
1789 -138 2 74 87
1790 -168 2 74 101
1791 62 2 74 107
1792 -8 2 74 113
1793 -148 2 74 157
1794 172 2 74 161
1795 50 2 74 165
1796 58 2 74 168
1797 114 2 74 201
1798 144 2 74 224
1799 -174 2 74 226
1800 6 2 74 237
1801 188 2 75 88
1802 72 2 75 91
1803 -58 2 75 97
1804 186 2 75 104
1805 -166 2 75 109
1806 64 2 75 116
1807 2 2 75 168
1808 90 2 75 173
1809 40 2 75 183
1810 160 2 75 201
1811 -152 2 75 204
1812 -126 2 75 206
1813 6 2 75 210
1814 -92 2 75 216
1815 166 2 75 227
1816 50 2 75 228
1817 4 2 75 248
1818 134 2 76 77
1819 -136 2 76 85
1820 -164 2 76 88
1821 52 2 76 97
1822 184 2 76 106
1823 76 2 76 131
1824 38 2 76 133
1825 118 2 76 147
1826 84 2 76 185
1827 154 2 76 190
1828 -46 2 76 207
1829 30 2 76 216
1830 10 2 77 78
1831 128 2 77 100
1832 120 2 77 131
1833 196 2 77 134
1834 122 2 77 135
1835 -116 2 77 139
1836 110 2 77 163
1837 176 2 77 165
1838 -2 2 77 170
1839 -148 2 77 180
1840 -60 2 77 215
1841 52 2 77 216
1842 -8 2 77 218
1843 90 2 77 227
1844 82 2 77 246
1845 94 2 78 85
1846 -90 2 78 87
1847 20 2 78 135
1848 -80 2 78 136
1849 -194 2 78 138
1850 -30 2 78 155
1851 106 2 78 170
1852 42 2 78 176
1853 58 2 78 179
1854 84 2 78 190
1855 -182 2 78 216
1856 -164 2 78 227
1857 -92 2 78 229
1858 -60 2 79 83
1859 88 2 79 97
1860 -4 2 79 128
1861 182 2 79 139
1862 174 2 79 144
1863 -148 2 79 145
1864 144 2 79 147
1865 -24 2 79 154
1866 32 2 79 156
1867 28 2 79 171
1868 -130 2 79 172
1869 192 2 79 177
1870 -188 2 79 181
1871 108 2 79 187
1872 70 2 79 190
1873 190 2 79 191
1874 -18 2 79 199
1875 -20 2 79 201
1876 -50 2 79 218
1877 -24 2 79 227
1878 -164 2 79 231
1879 -106 2 79 234
1880 182 2 80 82
1881 18 2 80 85
1882 122 2 80 89
1883 104 2 80 96
1884 -64 2 80 100
1885 46 2 80 109
1886 18 2 80 116
1887 -28 2 80 121
1888 146 2 80 122
1889 -80 2 80 123
1890 160 2 80 168
1891 40 2 80 216
1892 12 2 80 225
1893 -106 2 80 238
1894 -36 2 81 90
1895 -176 2 81 92
1896 98 2 81 93
1897 -72 2 81 94
1898 -48 2 81 103
1899 146 2 81 107
1900 -76 2 81 109
1901 -102 2 81 116
1902 114 2 81 120
1903 -68 2 81 126
1904 46 2 81 132
1905 64 2 81 150
1906 -100 2 81 173
1907 -20 2 81 191
1908 30 2 81 204
1909 128 2 81 208
1910 -166 2 81 211
1911 114 2 81 213
1912 102 2 81 225
1913 -154 2 81 231
1914 146 2 81 233
1915 -58 2 81 240
1916 154 2 81 248
1917 -194 2 82 91
1918 -60 2 82 96
1919 -170 2 82 113
1920 -132 2 82 123
1921 14 2 82 131
1922 -144 2 82 134
1923 178 2 82 150
1924 174 2 82 157
1925 80 2 82 191
1926 -92 2 82 193
1927 186 2 82 199
1928 164 2 82 208
1929 -96 2 82 213
1930 -96 2 82 214
1931 28 2 82 224
1932 -26 2 82 228
1933 -12 2 82 229
1934 -74 2 82 231
1935 -138 2 82 240
1936 -90 2 83 97
1937 -4 2 83 116
1938 -48 2 83 117
1939 192 2 83 127
1940 56 2 83 143
1941 138 2 83 152
1942 -102 2 83 160
1943 -92 2 83 169
1944 40 2 83 176
1945 -166 2 83 178
1946 -84 2 83 185
1947 156 2 83 190
1948 -180 2 83 205
1949 18 2 83 209
1950 -72 2 83 215
1951 -178 2 83 216
1952 128 2 83 232
1953 -114 2 83 234
1954 88 2 83 249
1955 -130 2 84 86
1956 -170 2 84 102
1957 -138 2 84 117
1958 86 2 84 119
1959 152 2 84 124
1960 50 2 84 127
1961 -70 2 84 133
1962 -184 2 84 137
1963 108 2 84 149
1964 200 2 84 153
1965 66 2 84 165
1966 -134 2 84 168
1967 182 2 84 179
1968 168 2 84 194
1969 116 2 84 208
1970 -192 2 84 209
1971 -68 2 84 211
1972 162 2 84 231
1973 164 2 84 238
1974 -64 2 85 87
1975 -136 2 85 115
1976 -162 2 85 139
1977 142 2 85 146
1978 -38 2 85 168
1979 -150 2 85 183
1980 -114 2 85 184
1981 170 2 85 190
1982 170 2 85 191
1983 180 2 85 197
1984 -10 2 85 203
1985 -156 2 85 208
1986 -44 2 85 212
1987 184 2 85 226
1988 -88 2 85 233
1989 176 2 85 250
1990 38 2 86 92
1991 184 2 86 96
1992 6 2 86 109
1993 -180 2 86 122
1994 -150 2 86 138
1995 200 2 86 139
1996 86 2 86 143
1997 164 2 86 156
1998 -18 2 86 161
1999 108 2 86 177
2000 72 2 86 181
2001 200 2 86 186
2002 -70 2 86 193
2003 -116 2 86 206
2004 22 2 86 243
2005 92 2 86 246
2006 4 2 87 120
2007 -158 2 87 134
2008 60 2 87 145
2009 88 2 87 170
2010 150 2 87 176
2011 -154 2 87 177
2012 194 2 87 178
2013 -20 2 87 181
2014 176 2 87 200
2015 40 2 87 249
2016 102 2 88 90
2017 -114 2 88 98
2018 198 2 88 117
2019 -126 2 88 123
2020 184 2 88 129
2021 40 2 88 137
2022 86 2 88 152
2023 -170 2 88 169
2024 150 2 88 178
2025 68 2 88 191
2026 160 2 88 196
2027 56 2 88 197
2028 -64 2 88 213
2029 -120 2 88 221
2030 -34 2 88 231
2031 -66 2 88 237
2032 -110 2 88 244
2033 -26 2 88 245
2034 -130 2 89 127
2035 -46 2 89 128
2036 58 2 89 132
2037 188 2 89 136
2038 154 2 89 140
2039 166 2 89 152
2040 -106 2 89 153
2041 -64 2 89 154
2042 102 2 89 167
2043 154 2 89 174
2044 158 2 89 190
2045 132 2 89 192
2046 122 2 89 204
2047 -8 2 89 211
2048 -118 2 89 219
2049 -40 2 89 227
2050 40 2 89 235
2051 10 2 89 238
2052 -14 2 90 92
2053 172 2 90 94
2054 -32 2 90 117
2055 -90 2 90 119
2056 68 2 90 121
2057 -118 2 90 138
2058 -182 2 90 148
2059 144 2 90 157
2060 -192 2 90 159
2061 -178 2 90 170
2062 -180 2 90 172
2063 -184 2 90 175
2064 -68 2 90 184
2065 176 2 90 197
2066 -128 2 90 204
2067 -182 2 90 207
2068 192 2 90 211
2069 -176 2 90 215
2070 168 2 90 218
2071 38 2 90 231
2072 188 2 90 249
2073 186 2 91 92
2074 -6 2 91 94
2075 140 2 91 135
2076 -180 2 91 145
2077 -124 2 91 161
2078 170 2 91 172
2079 -112 2 91 185
2080 -186 2 91 186
2081 110 2 91 193
2082 -146 2 91 203
2083 -36 2 91 214
2084 84 2 91 230
2085 -38 2 91 232
2086 -10 2 91 238
2087 -46 2 91 240
2088 -146 2 91 242
2089 192 2 92 103
2090 -6 2 92 119
2091 -112 2 92 120
2092 102 2 92 152
2093 200 2 92 160
2094 146 2 92 161
2095 8 2 92 180
2096 -190 2 92 181
2097 92 2 92 182
2098 36 2 92 188
2099 -82 2 92 193
2100 64 2 92 220
2101 -172 2 92 230
2102 88 2 92 232
2103 74 2 93 117
2104 -42 2 93 121
2105 80 2 93 143
2106 -28 2 93 146
2107 128 2 93 156
2108 -34 2 93 170
2109 -136 2 93 173
2110 76 2 93 180
2111 178 2 93 194
2112 112 2 93 195
2113 172 2 93 204
2114 -34 2 93 232
2115 36 2 93 243
2116 -166 2 93 245
2117 -68 2 93 247
2118 196 2 94 109
2119 -72 2 94 137
2120 -84 2 94 160
2121 -192 2 94 172
2122 140 2 94 184
2123 -126 2 94 200
2124 -62 2 94 206
2125 172 2 94 210
2126 142 2 94 223
2127 -176 2 94 233
2128 -124 2 94 247
2129 40 2 95 97
2130 166 2 95 127
2131 152 2 95 139
2132 82 2 95 142
2133 -76 2 95 147
2134 118 2 95 153
2135 -88 2 95 159
2136 -196 2 95 200
2137 -124 2 95 208
2138 -180 2 95 216
2139 110 2 95 243
2140 86 2 96 102
2141 -184 2 96 104
2142 -52 2 96 108
2143 180 2 96 112
2144 -76 2 96 113
2145 -106 2 96 117
2146 136 2 96 137
2147 172 2 96 159
2148 -72 2 96 164
2149 32 2 96 185
2150 -84 2 96 187
2151 -98 2 96 190
2152 24 2 96 191
2153 44 2 96 204
2154 -104 2 96 206
2155 4 2 96 210
2156 -128 2 96 228
2157 -144 2 96 231
2158 -106 2 96 232
2159 18 2 97 109
2160 -148 2 97 119
2161 -68 2 97 129
2162 -32 2 97 139
2163 -122 2 97 179
2164 -22 2 97 181
2165 -152 2 97 183
2166 16 2 97 213
2167 66 2 97 214
2168 44 2 97 227
2169 74 2 97 230
2170 14 2 97 231
2171 18 2 97 232
2172 36 2 97 234
2173 -102 2 97 236
2174 190 2 97 241
2175 104 2 98 103
2176 -194 2 98 104
2177 160 2 98 125
2178 130 2 98 127
2179 -106 2 98 143
2180 18 2 98 156
2181 -126 2 98 159
2182 74 2 98 169
2183 -38 2 98 171
2184 40 2 98 189
2185 116 2 98 197
2186 92 2 98 199
2187 -82 2 98 211
2188 176 2 98 227
2189 -166 2 98 235
2190 -118 2 98 242
2191 -142 2 99 105
2192 -176 2 99 111
2193 -72 2 99 126
2194 14 2 99 127
2195 -128 2 99 139
2196 154 2 99 146
2197 -10 2 99 148
2198 -102 2 99 151
2199 144 2 99 153
2200 186 2 99 162
2201 -104 2 99 170
2202 -78 2 99 194
2203 -100 2 99 210
2204 -106 2 99 233
2205 198 2 99 238
2206 180 2 99 246
2207 58 2 100 110
2208 -2 2 100 119
2209 -58 2 100 123
2210 -174 2 100 127
2211 -110 2 100 135
2212 -154 2 100 165
2213 180 2 100 168
2214 20 2 100 192
2215 44 2 100 202
2216 -80 2 100 206
2217 140 2 100 210
2218 -162 2 100 218
2219 -8 2 100 222
2220 -54 2 100 231
2221 -182 2 100 237
2222 -14 2 100 239
2223 -126 2 100 246
2224 78 2 101 126
2225 -12 2 101 129
2226 -62 2 101 131
2227 2 2 101 138
2228 -102 2 101 139
2229 150 2 101 148
2230 -48 2 101 152
2231 -92 2 101 181
2232 168 2 101 188
2233 196 2 101 196
2234 68 2 101 217
2235 -122 2 101 248
2236 86 2 102 105
2237 10 2 102 108
2238 72 2 102 109
2239 80 2 102 118
2240 -8 2 102 119
2241 -174 2 102 126
2242 -112 2 102 134
2243 -38 2 102 135
2244 2 2 102 137
2245 -38 2 102 154
2246 176 2 102 173
2247 -62 2 102 186
2248 164 2 102 194
2249 -10 2 102 205
2250 22 2 102 230
2251 -152 2 102 238
2252 52 2 103 104
2253 -6 2 103 115
2254 -66 2 103 124
2255 80 2 103 138
2256 172 2 103 141
2257 32 2 103 162
2258 -86 2 103 196
2259 176 2 103 199
2260 -132 2 103 205
2261 16 2 103 222
2262 -126 2 103 223
2263 -102 2 103 231
2264 96 2 103 244
2265 94 2 104 105
2266 -112 2 104 111
2267 -66 2 104 113
2268 126 2 104 133
2269 108 2 104 144
2270 186 2 104 153
2271 -132 2 104 154
2272 124 2 104 173
2273 -40 2 104 178
2274 -84 2 104 179
2275 -8 2 104 186
2276 50 2 104 206
2277 -148 2 104 218
2278 4 2 104 225
2279 52 2 104 235
2280 72 2 104 245
2281 -166 2 105 108
2282 112 2 105 112
2283 -158 2 105 135
2284 172 2 105 138
2285 -14 2 105 149
2286 -128 2 105 150
2287 146 2 105 151
2288 154 2 105 153
2289 -14 2 105 155
2290 -82 2 105 160
2291 168 2 105 161
2292 200 2 105 179
2293 -144 2 105 193
2294 168 2 105 204
2295 180 2 105 211
2296 -180 2 105 215
2297 114 2 105 234
2298 -128 2 105 242
2299 -162 2 106 124
2300 180 2 106 128
2301 18 2 106 131
2302 -18 2 106 139
2303 90 2 106 169
2304 -8 2 106 183
2305 -132 2 106 193
2306 -140 2 106 196
2307 100 2 107 110
2308 12 2 107 119
2309 -30 2 107 122
2310 170 2 107 140
2311 -36 2 107 143
2312 162 2 107 144
2313 -112 2 107 162
2314 102 2 107 176
2315 -116 2 107 184
2316 -12 2 107 192
2317 -174 2 107 206
2318 124 2 107 232
2319 178 2 107 247
2320 -38 2 108 123
2321 44 2 108 144
2322 -14 2 108 163
2323 98 2 108 167
2324 -78 2 108 195
2325 142 2 108 201
2326 -174 2 108 208
2327 18 2 108 209
2328 -146 2 108 220
2329 122 2 108 237
2330 -100 2 108 245
2331 -134 2 109 115
2332 72 2 109 116
2333 -44 2 109 141
2334 -182 2 109 158
2335 -38 2 109 190
2336 180 2 109 191
2337 -10 2 109 222
2338 144 2 110 128
2339 -10 2 110 129
2340 -22 2 110 147
2341 -112 2 110 154
2342 -90 2 110 166
2343 178 2 110 178
2344 200 2 110 190
2345 74 2 110 193
2346 134 2 110 203
2347 136 2 110 227
2348 104 2 111 128
2349 -142 2 111 153
2350 -62 2 111 160
2351 -14 2 111 164
2352 -88 2 111 179
2353 60 2 111 185
2354 -186 2 111 186
2355 60 2 111 190
2356 56 2 111 194
2357 -96 2 111 197
2358 -162 2 111 212
2359 -92 2 111 218
2360 -4 2 111 232
2361 36 2 112 118
2362 22 2 112 127
2363 92 2 112 137
2364 162 2 112 142
2365 196 2 112 152
2366 -194 2 112 155
2367 -66 2 112 165
2368 -178 2 112 203
2369 -104 2 112 223
2370 -186 2 112 226
2371 106 2 112 232
2372 40 2 112 241
2373 84 2 112 244
2374 -6 2 113 114
2375 -118 2 113 132
2376 -82 2 113 134
2377 -104 2 113 142
2378 -22 2 113 190
2379 -78 2 113 199
2380 -58 2 113 200
2381 192 2 113 213
2382 64 2 113 227
2383 -152 2 113 238
2384 -196 2 113 246
2385 194 2 114 132
2386 -88 2 114 133
2387 140 2 114 135
2388 84 2 114 137
2389 -112 2 114 153
2390 -166 2 114 158
2391 34 2 114 197
2392 82 2 114 204
2393 -172 2 114 214
2394 152 2 114 225
2395 136 2 114 227
2396 -52 2 114 236
2397 -40 2 114 237
2398 32 2 115 125
2399 -98 2 115 127
2400 -146 2 115 137
2401 122 2 115 141
2402 140 2 115 169
2403 -168 2 115 186
2404 -86 2 115 187
2405 -124 2 115 210
2406 128 2 115 217
2407 2 2 115 233
2408 110 2 115 238
2409 -46 2 115 243
2410 -8 2 116 121
2411 156 2 116 126
2412 128 2 116 143
2413 -82 2 116 154
2414 70 2 116 163
2415 -188 2 116 181
2416 84 2 116 194
2417 -144 2 116 201
2418 8 2 116 205
2419 -122 2 116 210
2420 120 2 116 211
2421 170 2 116 217
2422 -164 2 116 220
2423 -110 2 116 224
2424 46 2 116 228
2425 94 2 116 233
2426 134 2 116 246
2427 -190 2 117 125
2428 120 2 117 127
2429 -140 2 117 131
2430 30 2 117 137
2431 -126 2 117 171
2432 -48 2 117 208
2433 68 2 117 217
2434 196 2 117 227
2435 138 2 117 231
2436 -6 2 117 234
2437 -32 2 117 250
2438 -72 2 118 129
2439 56 2 118 136
2440 36 2 118 141
2441 170 2 118 154
2442 -6 2 118 161
2443 186 2 118 171
2444 -160 2 118 193
2445 124 2 118 205
2446 60 2 118 215
2447 198 2 118 216
2448 100 2 118 239
2449 -92 2 119 134
2450 -80 2 119 141
2451 70 2 119 145
2452 -36 2 119 147
2453 -98 2 119 151
2454 96 2 119 178
2455 -190 2 119 183
2456 50 2 119 184
2457 -128 2 119 193
2458 58 2 119 204
2459 -136 2 119 205
2460 132 2 119 218
2461 120 2 119 223
2462 2 2 119 248
2463 168 2 120 148
2464 -64 2 120 173
2465 118 2 120 179
2466 134 2 120 180
2467 -38 2 120 183
2468 -190 2 120 186
2469 -194 2 120 193
2470 -8 2 120 195
2471 190 2 120 230
2472 134 2 120 238
2473 -160 2 120 242
2474 68 2 120 247
2475 134 2 121 133
2476 180 2 121 142
2477 154 2 121 165
2478 -148 2 121 170
2479 132 2 121 188
2480 -170 2 121 203
2481 100 2 121 209
2482 8 2 121 215
2483 140 2 121 241
2484 -78 2 122 123
2485 110 2 122 155
2486 38 2 122 160
2487 -120 2 122 163
2488 184 2 122 176
2489 -74 2 122 192
2490 -104 2 122 211
2491 -42 2 122 215
2492 -176 2 122 236
2493 110 2 122 238
2494 -196 2 122 242
2495 56 2 122 250
2496 120 2 123 129
2497 -158 2 123 153
2498 110 2 123 156
2499 -178 2 123 165
2500 20 2 123 174
2501 68 2 123 180
2502 50 2 123 183
2503 136 2 123 186
2504 -114 2 123 201
2505 -196 2 123 208
2506 198 2 123 216
2507 -24 2 123 225
2508 -174 2 123 226
2509 -8 2 123 242
2510 146 2 124 126
2511 -114 2 124 154
2512 -134 2 124 159
2513 140 2 124 171
2514 -14 2 124 173
2515 66 2 124 174
2516 -178 2 124 176
2517 -114 2 124 186
2518 166 2 124 187
2519 82 2 124 195
2520 34 2 124 223
2521 186 2 124 237
2522 -10 2 124 240
2523 16 2 125 129
2524 90 2 125 136
2525 -136 2 125 137
2526 12 2 125 142
2527 -16 2 125 152
2528 120 2 125 154
2529 -54 2 125 160
2530 -126 2 125 171
2531 -104 2 125 182
2532 -54 2 125 201
2533 -82 2 125 213
2534 72 2 125 218
2535 -104 2 125 223
2536 -16 2 125 225
2537 -66 2 125 231
2538 102 2 125 239
2539 64 2 125 241
2540 -40 2 126 129
2541 6 2 126 136
2542 -146 2 126 140
2543 -58 2 126 144
2544 174 2 126 150
2545 -182 2 126 157
2546 64 2 126 186
2547 132 2 126 205
2548 -62 2 126 217
2549 -136 2 126 228
2550 -108 2 126 246
2551 -154 2 126 248
2552 184 2 127 135
2553 164 2 127 136
2554 -74 2 127 165
2555 -102 2 127 167
2556 -14 2 127 194
2557 -196 2 127 195
2558 160 2 127 218
2559 46 2 127 224
2560 -82 2 127 246
2561 -74 2 128 131
2562 30 2 128 133
2563 74 2 128 144
2564 -80 2 128 154
2565 108 2 128 155
2566 48 2 128 163
2567 56 2 128 180
2568 -190 2 128 182
2569 70 2 128 183
2570 82 2 128 185
2571 26 2 128 198
2572 -92 2 128 204
2573 -192 2 128 205
2574 82 2 128 224
2575 -52 2 128 250
2576 -34 2 129 133
2577 20 2 129 142
2578 156 2 129 145
2579 -114 2 129 151
2580 -20 2 129 165
2581 -126 2 129 181
2582 8 2 129 183
2583 30 2 129 190
2584 -122 2 129 194
2585 -108 2 129 199
2586 30 2 129 227
2587 -48 2 129 234
2588 48 2 129 242
2589 -12 2 130 139
2590 180 2 130 143
2591 -160 2 130 149
2592 -14 2 130 161
2593 54 2 130 192
2594 132 2 130 201
2595 172 2 130 203
2596 -194 2 130 227
2597 72 2 130 230
2598 160 2 131 133
2599 142 2 131 138
2600 114 2 131 139
2601 76 2 131 142
2602 -20 2 131 165
2603 -104 2 131 171
2604 -34 2 131 172
2605 -130 2 131 217
2606 92 2 131 232
2607 112 2 132 142
2608 48 2 132 147
2609 104 2 132 149
2610 -180 2 132 176
2611 148 2 132 181
2612 -142 2 132 192
2613 166 2 132 198
2614 176 2 132 203
2615 -54 2 132 213
2616 36 2 132 231
2617 -138 2 132 233
2618 -126 2 132 235
2619 26 2 132 236
2620 -8 2 133 154
2621 118 2 133 181
2622 50 2 133 202
2623 186 2 133 228
2624 -156 2 134 145
2625 144 2 134 153
2626 2 2 134 165
2627 -136 2 134 170
2628 146 2 134 195
2629 198 2 134 226
2630 22 2 135 140
2631 -22 2 135 141
2632 -50 2 135 159
2633 -198 2 135 163
2634 -164 2 135 198
2635 -4 2 135 210
2636 10 2 135 226
2637 158 2 135 233
2638 116 2 135 237
2639 136 2 135 240
2640 146 2 136 138
2641 160 2 136 154
2642 78 2 136 157
2643 20 2 136 175
2644 -140 2 136 178
2645 34 2 136 184
2646 -140 2 136 188
2647 84 2 136 199
2648 -180 2 136 200
2649 70 2 136 218
2650 178 2 136 229
2651 -52 2 136 231
2652 -14 2 136 249
2653 -164 2 137 145
2654 -136 2 137 156
2655 194 2 137 158
2656 -12 2 137 175
2657 -32 2 137 187
2658 84 2 137 190
2659 -154 2 137 191
2660 62 2 137 197
2661 30 2 137 207
2662 72 2 137 208
2663 68 2 137 210
2664 -42 2 137 224
2665 -96 2 137 230
2666 118 2 137 236
2667 50 2 137 244
2668 -116 2 137 247
2669 -136 2 138 162
2670 120 2 138 165
2671 116 2 138 173
2672 -60 2 138 174
2673 52 2 138 175
2674 -116 2 138 182
2675 -40 2 138 186
2676 -42 2 138 205
2677 126 2 138 213
2678 42 2 138 226
2679 -14 2 138 248
2680 -14 2 139 144
2681 2 2 139 150
2682 -156 2 139 157
2683 54 2 139 182
2684 94 2 139 195
2685 30 2 139 196
2686 -184 2 139 216
2687 -188 2 139 223
2688 -30 2 139 225
2689 104 2 139 249
2690 -32 2 140 145
2691 34 2 140 175
2692 -22 2 140 189
2693 -66 2 140 197
2694 -130 2 140 199
2695 72 2 140 204
2696 -154 2 140 206
2697 152 2 140 207
2698 -170 2 140 213
2699 58 2 140 225
2700 24 2 140 244
2701 52 2 141 154
2702 -182 2 141 171
2703 152 2 141 173
2704 158 2 141 178
2705 122 2 141 218
2706 32 2 141 224
2707 -140 2 141 243
2708 -38 2 141 249
2709 6 2 142 151
2710 -160 2 142 152
2711 -192 2 142 155
2712 34 2 142 162
2713 -86 2 142 167
2714 -136 2 142 175
2715 30 2 142 177
2716 -140 2 142 180
2717 -154 2 142 189
2718 -142 2 142 191
2719 -18 2 142 206
2720 200 2 142 209
2721 -28 2 142 232
2722 -154 2 143 157
2723 40 2 143 170
2724 -160 2 143 171
2725 -94 2 143 178
2726 180 2 143 189
2727 138 2 143 190
2728 180 2 143 202
2729 -74 2 143 206
2730 -132 2 143 207
2731 146 2 143 210
2732 112 2 143 217
2733 132 2 143 239
2734 122 2 143 241
2735 34 2 143 246
2736 146 2 144 145
2737 -158 2 144 158
2738 -72 2 144 173
2739 -96 2 144 174
2740 54 2 144 186
2741 156 2 144 219
2742 78 2 144 220
2743 -78 2 145 149
2744 -40 2 145 156
2745 22 2 145 157
2746 100 2 145 158
2747 -70 2 145 163
2748 -128 2 145 165
2749 62 2 145 168
2750 -102 2 145 171
2751 60 2 145 174
2752 -46 2 145 182
2753 -6 2 145 195
2754 -6 2 145 198
2755 76 2 145 201
2756 -74 2 145 223
2757 160 2 145 232
2758 -110 2 145 239
2759 -184 2 145 241
2760 -44 2 146 161
2761 -50 2 146 165
2762 -58 2 146 170
2763 -136 2 146 201
2764 92 2 146 207
2765 -88 2 146 219
2766 160 2 146 223
2767 78 2 146 224
2768 50 2 146 228
2769 -126 2 146 231
2770 38 2 146 232
2771 172 2 146 237
2772 156 2 146 241
2773 66 2 146 249
2774 -22 2 147 161
2775 -48 2 147 169
2776 -34 2 147 178
2777 64 2 147 179
2778 156 2 147 182
2779 98 2 147 192
2780 -120 2 147 194
2781 6 2 147 221
2782 -14 2 147 224
2783 -176 2 147 226
2784 -190 2 147 240
2785 -42 2 147 242
2786 -94 2 147 250
2787 186 2 148 153
2788 -194 2 148 167
2789 -82 2 148 180
2790 -180 2 148 182
2791 -172 2 148 194
2792 22 2 148 205
2793 -158 2 148 236
2794 16 2 149 154
2795 192 2 149 161
2796 -18 2 149 169
2797 -146 2 149 178
2798 -118 2 149 180
2799 60 2 149 191
2800 142 2 149 192
2801 104 2 149 198
2802 126 2 149 200
2803 -58 2 149 208
2804 -32 2 149 218
2805 -74 2 149 219
2806 -22 2 149 220
2807 6 2 149 240
2808 -56 2 149 241
2809 -72 2 150 159
2810 184 2 150 164
2811 120 2 150 188
2812 172 2 150 194
2813 186 2 150 214
2814 84 2 150 244
2815 166 2 150 248
2816 -190 2 151 158
2817 104 2 151 164
2818 102 2 151 173
2819 -152 2 151 182
2820 100 2 151 186
2821 92 2 151 190
2822 158 2 151 193
2823 -110 2 151 195
2824 -6 2 151 210
2825 94 2 151 217
2826 32 2 151 219
2827 -2 2 151 223
2828 164 2 151 225
2829 -174 2 151 234
2830 -192 2 151 239
2831 166 2 151 244
2832 -120 2 151 246
2833 -170 2 152 169
2834 -120 2 152 177
2835 100 2 152 180
2836 -148 2 152 182
2837 174 2 152 183
2838 40 2 152 193
2839 86 2 152 195
2840 -170 2 152 196
2841 58 2 152 202
2842 196 2 152 207
2843 -26 2 152 210
2844 -32 2 152 213
2845 164 2 152 224
2846 -20 2 152 249
2847 66 2 153 155
2848 134 2 153 178
2849 -40 2 153 181
2850 76 2 153 196
2851 150 2 153 208
2852 144 2 153 212
2853 -188 2 153 222
2854 -144 2 153 235
2855 54 2 153 240
2856 -12 2 153 243
2857 -144 2 154 155
2858 148 2 154 170
2859 -182 2 154 178
2860 160 2 154 193
2861 -4 2 154 217
2862 -88 2 154 239
2863 132 2 154 246
2864 88 2 155 162
2865 78 2 155 177
2866 170 2 155 182
2867 62 2 155 201
2868 -138 2 155 208
2869 72 2 155 209
2870 82 2 155 214
2871 134 2 155 216
2872 -194 2 155 223
2873 152 2 155 234
2874 -20 2 156 167
2875 32 2 156 210
2876 164 2 156 220
2877 104 2 156 231
2878 -128 2 156 235
2879 -144 2 156 241
2880 152 2 156 245
2881 74 2 157 163
2882 110 2 157 169
2883 178 2 157 173
2884 108 2 157 188
2885 196 2 157 197
2886 172 2 157 210
2887 -36 2 157 221
2888 -98 2 157 227
2889 -110 2 157 228
2890 112 2 157 233
2891 134 2 157 235
2892 150 2 157 240
2893 -178 2 158 160
2894 -32 2 158 170
2895 -114 2 158 177
2896 80 2 158 192
2897 -86 2 158 194
2898 132 2 158 195
2899 -196 2 158 197
2900 190 2 158 213
2901 160 2 158 220
2902 -84 2 158 244
2903 70 2 158 250
2904 20 2 159 162
2905 156 2 159 167
2906 40 2 159 171
2907 -148 2 159 181
2908 -150 2 159 201
2909 -186 2 159 231
2910 60 2 159 248
2911 -40 2 160 175
2912 180 2 160 185
2913 -162 2 160 186
2914 170 2 160 194
2915 -90 2 160 197
2916 16 2 160 203
2917 18 2 160 207
2918 -26 2 160 216
2919 48 2 160 223
2920 158 2 160 230
2921 -74 2 160 238
2922 -64 2 160 250
2923 -184 2 161 175
2924 178 2 161 189
2925 2 2 161 197
2926 -162 2 161 212
2927 50 2 161 214
2928 -152 2 161 221
2929 44 2 161 239
2930 94 2 162 165
2931 94 2 162 182
2932 -30 2 162 214
2933 182 2 162 218
2934 36 2 163 182
2935 14 2 163 185
2936 -188 2 163 186
2937 74 2 163 191
2938 140 2 163 194
2939 -174 2 163 220
2940 -14 2 163 227
2941 -128 2 163 233
2942 -70 2 163 235
2943 62 2 163 237
2944 -188 2 163 245
2945 90 2 164 168
2946 138 2 164 194
2947 2 2 164 206
2948 -58 2 164 224
2949 58 2 164 244
2950 -154 2 165 166
2951 -164 2 165 193
2952 -72 2 165 201
2953 20 2 165 217
2954 120 2 165 218
2955 72 2 166 186
2956 -162 2 166 194
2957 192 2 166 202
2958 -106 2 166 213
2959 -48 2 166 248
2960 146 2 167 180
2961 42 2 167 212
2962 48 2 167 232
2963 -2 2 167 243
2964 146 2 168 174
2965 2 2 168 180
2966 -152 2 168 181
2967 10 2 168 192
2968 178 2 168 215
2969 178 2 168 220
2970 -112 2 168 245
2971 94 2 168 249
2972 -18 2 169 170
2973 -26 2 169 171
2974 -70 2 169 184
2975 18 2 169 192
2976 94 2 169 218
2977 56 2 169 235
2978 100 2 169 243
2979 -30 2 169 248
2980 -160 2 170 175
2981 146 2 170 176
2982 -46 2 170 181
2983 -146 2 170 197
2984 124 2 170 199
2985 -30 2 170 207
2986 -98 2 170 213
2987 100 2 170 244
2988 2 2 170 247
2989 -132 2 171 172
2990 94 2 171 179
2991 166 2 171 181
2992 -8 2 171 188
2993 74 2 171 193
2994 186 2 171 203
2995 -182 2 171 207
2996 122 2 171 214
2997 138 2 171 246
2998 94 2 171 249
2999 -4 2 172 193
3000 2 2 172 210
3001 180 2 172 219
3002 -48 2 172 220
3003 38 2 172 222
3004 -24 2 172 227
3005 56 2 172 230
3006 -176 2 172 246
3007 -160 2 172 249
3008 102 2 173 175
3009 -108 2 173 184
3010 198 2 173 193
3011 -126 2 173 221
3012 62 2 173 235
3013 100 2 173 237
3014 158 2 173 249
3015 -68 2 174 201
3016 -48 2 174 206
3017 98 2 174 214
3018 -30 2 174 217
3019 -84 2 174 236
3020 -72 2 174 237
3021 -20 2 175 179
3022 -114 2 175 193
3023 -150 2 175 203
3024 -52 2 175 206
3025 98 2 175 208
3026 -136 2 175 213
3027 -4 2 175 215
3028 198 2 175 225
3029 -154 2 175 228
3030 98 2 175 243
3031 68 2 176 183
3032 -90 2 176 194
3033 200 2 176 195
3034 -38 2 176 196
3035 56 2 176 199
3036 -198 2 176 217
3037 188 2 176 222
3038 124 2 176 231
3039 32 2 176 236
3040 -34 2 176 237
3041 178 2 177 183
3042 -96 2 177 205
3043 -60 2 177 210
3044 10 2 177 211
3045 168 2 177 213
3046 174 2 177 218
3047 16 2 177 245
3048 30 2 178 187
3049 162 2 178 197
3050 -198 2 178 207
3051 132 2 178 208
3052 196 2 178 219
3053 22 2 178 223
3054 -72 2 178 226
3055 -94 2 178 228
3056 -52 2 178 234
3057 -112 2 178 238
3058 144 2 179 214
3059 128 2 179 222
3060 -80 2 179 233
3061 -30 2 180 187
3062 -92 2 180 190
3063 -44 2 180 204
3064 132 2 180 224
3065 -194 2 180 227
3066 102 2 180 232
3067 -194 2 180 239
3068 -30 2 180 249
3069 108 2 181 183
3070 -146 2 181 201
3071 -70 2 181 206
3072 -38 2 181 218
3073 18 2 181 219
3074 -168 2 181 222
3075 28 2 181 229
3076 -44 2 181 238
3077 -170 2 182 199
3078 24 2 182 224
3079 88 2 182 248
3080 -10 2 183 195
3081 22 2 183 207
3082 -98 2 183 216
3083 178 2 183 222
3084 184 2 183 224
3085 -88 2 183 228
3086 -38 2 183 232
3087 130 2 183 239
3088 122 2 184 196
3089 86 2 184 210
3090 -102 2 184 222
3091 132 2 184 224
3092 34 2 184 230
3093 -104 2 184 232
3094 128 2 185 190
3095 88 2 185 191
3096 128 2 185 217
3097 -124 2 185 218
3098 162 2 185 230
3099 46 2 185 231
3100 80 2 186 189
3101 -96 2 186 194
3102 -134 2 186 203
3103 198 2 186 206
3104 -54 2 186 227
3105 28 2 186 229
3106 -54 2 186 230
3107 40 2 186 247
3108 -196 2 187 188
3109 168 2 187 194
3110 -130 2 187 199
3111 108 2 187 202
3112 -8 2 187 206
3113 -194 2 187 215
3114 80 2 187 228
3115 -150 2 187 240
3116 158 2 188 192
3117 50 2 188 198
3118 2 2 188 207
3119 40 2 188 227
3120 136 2 188 235
3121 154 2 188 245
3122 -12 2 189 195
3123 -116 2 190 194
3124 -68 2 190 197
3125 -150 2 190 214
3126 -138 2 190 222
3127 148 2 190 223
3128 70 2 190 238
3129 -94 2 190 246
3130 30 2 190 249
3131 -90 2 191 210
3132 -188 2 191 232
3133 162 2 191 250
3134 184 2 192 222
3135 -140 2 192 231
3136 26 2 192 238
3137 136 2 193 202
3138 -76 2 193 207
3139 188 2 193 208
3140 -122 2 193 215
3141 20 2 193 228
3142 52 2 193 232
3143 74 2 193 234
3144 168 2 193 244
3145 84 2 193 248
3146 8 2 194 195
3147 -148 2 194 203
3148 190 2 194 220
3149 -24 2 194 222
3150 -186 2 194 234
3151 132 2 194 237
3152 48 2 194 249
3153 -12 2 194 250
3154 24 2 195 199
3155 -6 2 195 206
3156 126 2 195 211
3157 -58 2 195 215
3158 -180 2 195 217
3159 174 2 195 233
3160 50 2 195 243
3161 -78 2 195 247
3162 -56 2 196 226
3163 16 2 196 228
3164 -14 2 196 242
3165 72 2 197 212
3166 86 2 197 220
3167 -150 2 197 224
3168 -168 2 197 227
3169 -20 2 197 230
3170 -154 2 197 249
3171 62 2 198 202
3172 104 2 198 218
3173 164 2 198 234
3174 -154 2 199 230
3175 -68 2 199 247
3176 -140 2 200 204
3177 -106 2 200 206
3178 166 2 200 229
3179 -86 2 200 234
3180 -68 2 200 248
3181 -38 2 200 249
3182 -46 2 200 250
3183 30 2 201 223
3184 46 2 201 225
3185 -178 2 202 205
3186 32 2 202 215
3187 168 2 202 220
3188 200 2 202 231
3189 132 2 202 238
3190 142 2 203 226
3191 -198 2 203 230
3192 -170 2 203 237
3193 36 2 203 238
3194 104 2 204 214
3195 -94 2 204 218
3196 78 2 204 219
3197 112 2 204 234
3198 -100 2 204 239
3199 36 2 204 248
3200 -176 2 205 212
3201 -28 2 205 217
3202 126 2 205 231
3203 -12 2 205 236
3204 28 2 205 237
3205 -164 2 205 238
3206 80 2 205 239
3207 -78 2 206 220
3208 110 2 206 221
3209 -12 2 206 222
3210 -88 2 206 237
3211 -8 2 206 239
3212 -184 2 206 242
3213 6 2 207 209
3214 26 2 207 210
3215 -92 2 207 216
3216 -88 2 207 217
3217 22 2 207 220
3218 -194 2 207 222
3219 -38 2 207 224
3220 42 2 207 232
3221 -32 2 207 248
3222 68 2 207 250
3223 -150 2 208 219
3224 -2 2 208 220
3225 -12 2 208 221
3226 -50 2 208 225
3227 -136 2 208 237
3228 42 2 208 240
3229 192 2 208 245
3230 -194 2 209 220
3231 176 2 209 229
3232 -22 2 209 233
3233 132 2 210 212
3234 104 2 210 225
3235 8 2 210 227
3236 -64 2 210 231
3237 66 2 210 233
3238 44 2 210 234
3239 12 2 210 248
3240 -28 2 210 250
3241 188 2 211 213
3242 40 2 211 235
3243 54 2 211 236
3244 -28 2 212 238
3245 156 2 212 242
3246 156 2 212 246
3247 -54 2 213 234
3248 196 2 213 241
3249 -152 2 213 247
3250 -32 2 214 242
3251 -48 2 214 247
3252 -158 2 215 224
3253 26 2 215 238
3254 -50 2 216 247
3255 -106 2 216 248
3256 -118 2 217 220
3257 126 2 217 228
3258 20 2 217 233
3259 -120 2 217 238
3260 168 2 217 240
3261 -158 2 217 243
3262 112 2 217 246
3263 30 2 217 249
3264 -162 2 218 219
3265 198 2 218 224
3266 86 2 218 239
3267 -128 2 219 225
3268 140 2 219 227
3269 176 2 219 235
3270 -126 2 219 239
3271 56 2 220 222
3272 -116 2 220 239
3273 38 2 221 222
3274 160 2 221 228
3275 -2 2 221 231
3276 56 2 221 241
3277 -106 2 222 227
3278 -162 2 222 234
3279 -22 2 222 244
3280 146 2 222 247
3281 114 2 223 226
3282 22 2 223 234
3283 148 2 223 247
3284 122 2 224 231
3285 -198 2 224 237
3286 108 2 224 244
3287 -120 2 225 247
3288 64 2 226 228
3289 -56 2 226 231
3290 -66 2 226 238
3291 2 2 226 240
3292 -62 2 226 248
3293 12 2 228 250
3294 -8 2 229 236
3295 150 2 229 240
3296 -122 2 229 246
3297 -174 2 230 244
3298 56 2 231 240
3299 68 2 231 246
3300 -144 2 231 249
3301 26 2 232 248
3302 -8 2 233 237
3303 100 2 234 236
3304 58 2 234 238
3305 4 2 235 245
3306 60 2 236 238
3307 158 2 237 240
3308 -92 2 237 249
3309 86 2 238 250
3310 148 2 239 248
3311 16 2 240 242
3312 174 2 240 245
3313 -36 2 243 244
