250 3294 0
0
1 -78 1 1
2 -42 1 2
3 173 1 3
4 86 1 4
5 203 1 5
6 -123 1 6
7 -145 1 7
8 -441 1 8
9 420 1 9
10 173 1 10
11 -71 1 11
12 164 1 12
13 234 1 13
14 -12 1 14
15 152 1 15
16 -356 1 16
17 215 1 17
18 558 1 18
19 -161 1 19
20 -113 1 20
21 -202 1 21
22 397 1 22
23 -9 1 23
24 336 1 24
25 41 1 25
26 -227 1 26
27 107 1 27
28 -205 1 28
29 -408 1 29
30 -448 1 30
31 -187 1 31
32 -693 1 32
33 -23 1 33
34 28 1 34
35 -606 1 35
36 -162 1 36
37 -16 1 37
38 -400 1 38
39 220 1 39
40 -468 1 40
41 -335 1 41
42 -199 1 42
43 307 1 43
44 443 1 44
45 199 1 45
46 241 1 46
47 -165 1 47
48 221 1 48
49 90 1 49
50 -474 1 50
51 124 1 51
52 77 1 52
53 -223 1 53
54 -3 1 54
55 111 1 55
56 3 1 56
57 203 1 57
58 -9 1 58
59 410 1 59
60 -260 1 60
61 -101 1 61
62 369 1 62
63 451 1 63
64 -233 1 64
65 -71 1 65
66 224 1 66
67 -49 1 67
68 83 1 68
69 -15 1 69
70 -54 1 70
71 431 1 71
72 135 1 72
73 -66 1 73
74 188 1 74
75 -437 1 75
76 -21 1 76
77 -122 1 77
78 218 1 78
79 -292 1 79
80 214 1 80
81 28 1 81
82 -172 1 82
83 101 1 83
84 251 1 84
85 -155 1 85
86 -284 1 86
87 294 1 87
88 254 1 88
89 95 1 89
90 323 1 90
91 36 1 91
92 -340 1 92
93 96 1 93
94 412 1 94
95 -149 1 95
96 109 1 96
97 31 1 97
98 169 1 98
99 -125 1 99
100 93 1 100
101 -618 1 101
102 444 1 102
103 106 1 103
104 -370 1 104
105 198 1 105
106 -316 1 106
107 162 1 107
108 257 1 108
109 326 1 109
110 192 1 110
111 72 1 111
112 -42 1 112
113 52 1 113
114 -381 1 114
115 187 1 115
116 64 1 116
117 -357 1 117
118 -90 1 118
119 107 1 119
120 595 1 120
121 52 1 121
122 10 1 122
123 7 1 123
124 83 1 124
125 12 1 125
126 -17 1 126
127 -478 1 127
128 480 1 128
129 -267 1 129
130 -578 1 130
131 -324 1 131
132 130 1 132
133 -63 1 133
134 -602 1 134
135 -114 1 135
136 1 1 136
137 18 1 137
138 -43 1 138
139 269 1 139
140 790 1 140
141 120 1 141
142 175 1 142
143 265 1 143
144 7 1 144
145 -17 1 145
146 53 1 146
147 -187 1 147
148 -247 1 148
149 258 1 149
150 239 1 150
151 -228 1 151
152 159 1 152
153 187 1 153
154 23 1 154
155 383 1 155
156 -411 1 156
157 -9 1 157
158 13 1 158
159 347 1 159
160 -168 1 160
161 201 1 161
162 -333 1 162
163 -68 1 163
164 -168 1 164
165 -122 1 165
166 -144 1 166
167 -83 1 167
168 148 1 168
169 -458 1 169
170 -122 1 170
171 -113 1 171
172 28 1 172
173 232 1 173
174 122 1 174
175 453 1 175
176 -396 1 176
177 377 1 177
178 188 1 178
179 239 1 179
180 -304 1 180
181 97 1 181
182 -318 1 182
183 43 1 183
184 -44 1 184
185 327 1 185
186 84 1 186
187 537 1 187
188 -716 1 188
189 -93 1 189
190 -423 1 190
191 -9 1 191
192 -221 1 192
193 24 1 193
194 -150 1 194
195 561 1 195
196 156 1 196
197 17 1 197
198 75 1 198
199 -299 1 199
200 -6 1 201
201 -12 1 202
202 439 1 203
203 197 1 204
204 -192 1 205
205 225 1 206
206 296 1 207
207 243 1 208
208 -109 1 209
209 -65 1 210
210 -764 1 211
211 -246 1 212
212 224 1 213
213 -76 1 214
214 -379 1 215
215 224 1 216
216 137 1 217
217 161 1 218
218 -258 1 219
219 640 1 220
220 -126 1 221
221 -213 1 222
222 -301 1 223
223 -77 1 224
224 -37 1 225
225 -223 1 226
226 84 1 227
227 -69 1 228
228 -130 1 229
229 82 1 230
230 343 1 231
231 598 1 232
232 -225 1 233
233 -224 1 234
234 765 1 235
235 390 1 236
236 143 1 237
237 50 1 238
238 -435 1 239
239 -85 1 240
240 96 1 241
241 -34 1 242
242 -259 1 243
243 77 1 244
244 155 1 245
245 -131 1 246
246 230 1 247
247 280 1 248
248 -144 1 249
249 55 1 250
250 -128 2 1 22
251 20 2 1 25
252 74 2 1 26
253 196 2 1 33
254 -24 2 1 39
255 -80 2 1 45
256 198 2 1 58
257 178 2 1 75
258 -78 2 1 84
259 164 2 1 93
260 -112 2 1 103
261 -170 2 1 109
262 192 2 1 110
263 -182 2 1 120
264 164 2 1 133
265 -78 2 1 137
266 -62 2 1 142
267 70 2 1 144
268 -10 2 1 172
269 6 2 1 177
270 -158 2 1 178
271 6 2 1 181
272 -38 2 1 185
273 18 2 1 195
274 176 2 1 208
275 -36 2 1 225
276 -188 2 1 233
277 38 2 1 238
278 190 2 2 4
279 122 2 2 19
280 -108 2 2 21
281 -124 2 2 27
282 -86 2 2 34
283 -32 2 2 56
284 28 2 2 82
285 26 2 2 95
286 -108 2 2 98
287 -154 2 2 106
288 122 2 2 107
289 -100 2 2 110
290 -194 2 2 123
291 84 2 2 124
292 58 2 2 133
293 -4 2 2 139
294 140 2 2 140
295 108 2 2 157
296 84 2 2 171
297 138 2 2 172
298 -172 2 2 197
299 58 2 2 199
300 18 2 2 203
301 -96 2 2 208
302 110 2 2 221
303 -24 2 2 242
304 -184 2 3 13
305 118 2 3 16
306 -114 2 3 20
307 -186 2 3 26
308 38 2 3 27
309 30 2 3 49
310 124 2 3 53
311 -58 2 3 61
312 106 2 3 65
313 30 2 3 70
314 -152 2 3 83
315 50 2 3 88
316 26 2 3 100
317 -164 2 3 107
318 16 2 3 108
319 126 2 3 111
320 -70 2 3 118
321 -134 2 3 124
322 78 2 3 127
323 -178 2 3 157
324 124 2 3 167
325 -54 2 3 194
326 120 2 3 199
327 44 2 3 220
328 138 2 3 231
329 -128 2 3 235
330 46 2 3 237
331 -138 2 3 243
332 90 2 4 7
333 -24 2 4 13
334 158 2 4 20
335 -56 2 4 46
336 -134 2 4 56
337 -168 2 4 63
338 -52 2 4 78
339 -60 2 4 95
340 -66 2 4 111
341 94 2 4 118
342 -182 2 4 120
343 32 2 4 124
344 200 2 4 156
345 -194 2 4 168
346 -98 2 4 197
347 28 2 4 209
348 -54 2 4 216
349 -18 2 4 228
350 142 2 4 238
351 62 2 5 15
352 -56 2 5 28
353 112 2 5 29
354 138 2 5 30
355 8 2 5 52
356 -100 2 5 63
357 24 2 5 72
358 96 2 5 86
359 -34 2 5 89
360 22 2 5 104
361 -176 2 5 105
362 -130 2 5 133
363 16 2 5 135
364 200 2 5 152
365 -78 2 5 160
366 166 2 5 163
367 -72 2 5 164
368 -194 2 5 183
369 -84 2 5 190
370 -54 2 5 199
371 -144 2 5 201
372 -94 2 5 217
373 114 2 5 226
374 -140 2 5 233
375 142 2 5 234
376 -16 2 5 235
377 30 2 5 240
378 -38 2 5 243
379 -126 2 5 245
380 -98 2 6 10
381 -124 2 6 12
382 178 2 6 34
383 72 2 6 41
384 -152 2 6 59
385 164 2 6 67
386 150 2 6 68
387 -150 2 6 115
388 -114 2 6 120
389 120 2 6 148
390 56 2 6 150
391 78 2 6 164
392 184 2 6 172
393 40 2 6 182
394 36 2 6 196
395 -184 2 6 197
396 -52 2 6 213
397 -176 2 6 214
398 142 2 6 219
399 46 2 6 225
400 116 2 6 230
401 32 2 6 232
402 -184 2 6 240
403 80 2 6 242
404 -170 2 6 247
405 156 2 6 249
406 -198 2 7 24
407 96 2 7 28
408 30 2 7 31
409 142 2 7 41
410 72 2 7 82
411 -150 2 7 105
412 -174 2 7 130
413 -58 2 7 145
414 -194 2 7 150
415 -6 2 7 158
416 72 2 7 169
417 -98 2 7 171
418 16 2 7 183
419 186 2 7 184
420 56 2 7 200
421 178 2 7 206
422 78 2 7 228
423 -2 2 7 232
424 132 2 7 240
425 -140 2 7 242
426 162 2 7 243
427 104 2 8 24
428 200 2 8 27
429 164 2 8 40
430 -144 2 8 51
431 192 2 8 53
432 122 2 8 54
433 -130 2 8 59
434 -178 2 8 64
435 46 2 8 76
436 176 2 8 100
437 34 2 8 127
438 190 2 8 134
439 36 2 8 136
440 -108 2 8 139
441 -30 2 8 152
442 -24 2 8 164
443 98 2 8 194
444 14 2 8 204
445 20 2 8 212
446 176 2 8 214
447 -76 2 8 230
448 -124 2 9 27
449 -134 2 9 33
450 64 2 9 42
451 -12 2 9 46
452 24 2 9 54
453 110 2 9 61
454 -26 2 9 77
455 -102 2 9 78
456 156 2 9 83
457 -92 2 9 93
458 106 2 9 102
459 -190 2 9 103
460 -180 2 9 159
461 -120 2 9 163
462 -4 2 9 165
463 -120 2 9 175
464 -176 2 9 192
465 -164 2 9 199
466 -28 2 9 221
467 128 2 9 224
468 44 2 9 227
469 96 2 10 15
470 -76 2 10 25
471 -56 2 10 34
472 -140 2 10 51
473 -120 2 10 59
474 108 2 10 78
475 2 2 10 94
476 -20 2 10 116
477 36 2 10 186
478 -14 2 10 218
479 -96 2 10 229
480 -152 2 10 238
481 130 2 10 243
482 108 2 10 244
483 42 2 10 248
484 -96 2 10 249
485 68 2 11 12
486 -140 2 11 14
487 84 2 11 21
488 -12 2 11 43
489 -150 2 11 51
490 166 2 11 59
491 -108 2 11 72
492 136 2 11 85
493 84 2 11 94
494 -134 2 11 99
495 40 2 11 105
496 80 2 11 109
497 54 2 11 116
498 32 2 11 122
499 28 2 11 126
500 156 2 11 131
501 66 2 11 132
502 -188 2 11 133
503 94 2 11 135
504 -148 2 11 139
505 88 2 11 142
506 10 2 11 171
507 -24 2 11 172
508 98 2 11 182
509 190 2 11 184
510 -186 2 11 188
511 -146 2 11 219
512 -96 2 11 240
513 -94 2 12 22
514 6 2 12 43
515 -42 2 12 44
516 -162 2 12 53
517 -96 2 12 56
518 -4 2 12 57
519 -14 2 12 65
520 184 2 12 68
521 136 2 12 71
522 -34 2 12 78
523 100 2 12 80
524 -196 2 12 84
525 -112 2 12 97
526 72 2 12 101
527 94 2 12 103
528 -78 2 12 112
529 -78 2 12 144
530 -134 2 12 152
531 -22 2 12 159
532 -126 2 12 177
533 182 2 12 202
534 142 2 12 236
535 4 2 12 245
536 88 2 13 23
537 10 2 13 26
538 -164 2 13 36
539 -168 2 13 45
540 -128 2 13 56
541 -60 2 13 57
542 -116 2 13 60
543 48 2 13 78
544 48 2 13 84
545 6 2 13 132
546 64 2 13 135
547 -50 2 13 153
548 138 2 13 156
549 64 2 13 161
550 -194 2 13 167
551 124 2 13 205
552 82 2 13 207
553 -94 2 13 228
554 94 2 13 235
555 -52 2 13 244
556 -164 2 14 52
557 -124 2 14 67
558 8 2 14 77
559 -68 2 14 78
560 -134 2 14 109
561 86 2 14 115
562 -6 2 14 118
563 164 2 14 131
564 154 2 14 138
565 186 2 14 157
566 -74 2 14 169
567 -138 2 14 172
568 158 2 14 175
569 -148 2 14 177
570 -2 2 14 209
571 -142 2 14 218
572 142 2 14 233
573 82 2 14 234
574 184 2 14 247
575 -74 2 15 40
576 -42 2 15 51
577 -6 2 15 55
578 200 2 15 60
579 -128 2 15 73
580 -70 2 15 98
581 -144 2 15 105
582 -152 2 15 117
583 -2 2 15 138
584 24 2 15 150
585 94 2 15 169
586 -68 2 15 176
587 174 2 15 184
588 -70 2 15 203
589 -172 2 15 216
590 -26 2 15 247
591 82 2 16 19
592 150 2 16 24
593 -120 2 16 25
594 20 2 16 38
595 66 2 16 40
596 180 2 16 42
597 16 2 16 56
598 70 2 16 61
599 80 2 16 71
600 64 2 16 74
601 -128 2 16 89
602 -170 2 16 94
603 -24 2 16 122
604 188 2 16 171
605 44 2 16 176
606 198 2 16 192
607 124 2 16 198
608 -64 2 16 230
609 110 2 16 232
610 -192 2 16 236
611 -100 2 16 247
612 -46 2 17 32
613 76 2 17 35
614 -50 2 17 38
615 158 2 17 39
616 -142 2 17 51
617 76 2 17 67
618 -132 2 17 95
619 -66 2 17 118
620 14 2 17 119
621 32 2 17 120
622 -154 2 17 144
623 144 2 17 152
624 -20 2 17 158
625 56 2 17 159
626 -36 2 17 197
627 -190 2 17 208
628 -120 2 17 216
629 110 2 17 239
630 -20 2 17 243
631 -120 2 17 246
632 -42 2 18 25
633 -42 2 18 26
634 -166 2 18 38
635 124 2 18 47
636 -122 2 18 52
637 -38 2 18 57
638 -170 2 18 59
639 62 2 18 85
640 -2 2 18 101
641 -34 2 18 104
642 -138 2 18 114
643 14 2 18 117
644 166 2 18 121
645 -68 2 18 132
646 -148 2 18 143
647 -74 2 18 146
648 132 2 18 164
649 48 2 18 170
650 -114 2 18 186
651 -178 2 18 189
652 -38 2 18 192
653 -94 2 18 212
654 182 2 18 218
655 -196 2 18 220
656 70 2 18 233
657 -138 2 18 236
658 -112 2 18 240
659 66 2 19 42
660 -164 2 19 49
661 154 2 19 54
662 -42 2 19 69
663 50 2 19 73
664 94 2 19 75
665 -148 2 19 83
666 118 2 19 84
667 42 2 19 90
668 168 2 19 104
669 104 2 19 117
670 14 2 19 119
671 -36 2 19 120
672 -4 2 19 123
673 -4 2 19 128
674 -174 2 19 132
675 -76 2 19 145
676 -94 2 19 156
677 78 2 19 158
678 -62 2 19 174
679 152 2 19 196
680 122 2 19 204
681 -64 2 19 216
682 44 2 19 228
683 -36 2 19 236
684 -108 2 19 238
685 -20 2 19 240
686 48 2 19 243
687 -106 2 19 245
688 2 2 19 250
689 -144 2 20 23
690 -70 2 20 56
691 174 2 20 73
692 -102 2 20 86
693 16 2 20 87
694 -108 2 20 88
695 4 2 20 89
696 -186 2 20 98
697 132 2 20 105
698 -44 2 20 122
699 -104 2 20 125
700 152 2 20 127
701 56 2 20 129
702 86 2 20 134
703 176 2 20 146
704 -6 2 20 147
705 -70 2 20 150
706 -86 2 20 154
707 42 2 20 156
708 142 2 20 164
709 166 2 20 167
710 -148 2 20 187
711 -128 2 20 188
712 90 2 20 196
713 10 2 20 215
714 -82 2 20 218
715 -20 2 20 222
716 82 2 20 248
717 152 2 20 250
718 -58 2 21 24
719 110 2 21 32
720 94 2 21 33
721 164 2 21 35
722 -4 2 21 83
723 -54 2 21 101
724 -38 2 21 111
725 84 2 21 114
726 -118 2 21 133
727 6 2 21 139
728 150 2 21 157
729 -178 2 21 161
730 152 2 21 169
731 -106 2 21 174
732 -188 2 21 184
733 -10 2 21 201
734 54 2 21 217
735 110 2 21 219
736 12 2 21 225
737 168 2 21 226
738 128 2 21 239
739 -26 2 21 244
740 -24 2 21 245
741 -70 2 22 39
742 -58 2 22 47
743 -40 2 22 51
744 66 2 22 60
745 -130 2 22 72
746 -88 2 22 81
747 44 2 22 94
748 -150 2 22 100
749 40 2 22 101
750 182 2 22 119
751 106 2 22 128
752 28 2 22 137
753 -16 2 22 155
754 -54 2 22 170
755 28 2 22 192
756 -150 2 22 198
757 98 2 22 212
758 -188 2 22 220
759 -86 2 22 232
760 -60 2 22 242
761 -74 2 22 247
762 182 2 23 32
763 200 2 23 50
764 -40 2 23 56
765 134 2 23 90
766 -178 2 23 93
767 100 2 23 100
768 -188 2 23 110
769 70 2 23 111
770 -96 2 23 112
771 64 2 23 133
772 86 2 23 135
773 -190 2 23 160
774 -62 2 23 162
775 64 2 23 163
776 126 2 23 164
777 8 2 23 182
778 -172 2 23 186
779 90 2 23 230
780 64 2 23 235
781 -188 2 23 250
782 30 2 24 46
783 -126 2 24 47
784 -152 2 24 48
785 84 2 24 53
786 -128 2 24 65
787 126 2 24 81
788 -14 2 24 87
789 -94 2 24 114
790 -132 2 24 128
791 -168 2 24 138
792 176 2 24 139
793 -180 2 24 147
794 -90 2 24 151
795 -46 2 24 158
796 -106 2 24 184
797 78 2 24 189
798 72 2 24 204
799 -88 2 24 213
800 -162 2 24 220
801 122 2 24 228
802 -42 2 24 231
803 170 2 24 234
804 128 2 25 28
805 160 2 25 34
806 68 2 25 38
807 -10 2 25 43
808 120 2 25 68
809 120 2 25 91
810 -152 2 25 93
811 172 2 25 110
812 -42 2 25 117
813 46 2 25 138
814 2 2 25 144
815 30 2 25 150
816 -18 2 25 152
817 38 2 25 154
818 92 2 25 162
819 130 2 25 165
820 -62 2 25 178
821 -26 2 25 181
822 -120 2 25 183
823 46 2 25 187
824 -92 2 25 188
825 -80 2 25 196
826 -146 2 25 202
827 -12 2 25 231
828 -112 2 25 234
829 -144 2 25 243
830 184 2 26 33
831 -142 2 26 42
832 82 2 26 58
833 -68 2 26 63
834 30 2 26 66
835 -124 2 26 96
836 196 2 26 97
837 -82 2 26 129
838 188 2 26 135
839 -190 2 26 140
840 -108 2 26 153
841 200 2 26 172
842 118 2 26 176
843 136 2 26 180
844 154 2 26 198
845 102 2 26 205
846 -96 2 26 213
847 -154 2 26 232
848 110 2 26 233
849 62 2 26 238
850 -4 2 27 32
851 70 2 27 34
852 -108 2 27 44
853 -146 2 27 72
854 -26 2 27 79
855 16 2 27 84
856 -160 2 27 86
857 166 2 27 92
858 -42 2 27 100
859 -138 2 27 116
860 -146 2 27 118
861 -164 2 27 122
862 36 2 27 124
863 -26 2 27 126
864 174 2 27 133
865 56 2 27 156
866 48 2 27 165
867 118 2 27 169
868 58 2 27 172
869 -106 2 27 177
870 -176 2 27 185
871 -46 2 27 188
872 94 2 27 191
873 60 2 27 192
874 156 2 27 199
875 -148 2 27 210
876 180 2 27 217
877 -32 2 28 56
878 16 2 28 68
879 80 2 28 69
880 -166 2 28 76
881 82 2 28 87
882 -120 2 28 111
883 -106 2 28 126
884 -10 2 28 147
885 200 2 28 166
886 136 2 28 169
887 -116 2 28 172
888 180 2 28 184
889 -60 2 28 188
890 166 2 28 201
891 -62 2 28 220
892 54 2 28 241
893 46 2 29 38
894 76 2 29 46
895 110 2 29 55
896 128 2 29 66
897 -88 2 29 67
898 -30 2 29 76
899 38 2 29 91
900 -138 2 29 95
901 -104 2 29 115
902 -84 2 29 128
903 196 2 29 145
904 -64 2 29 146
905 90 2 29 148
906 166 2 29 150
907 -86 2 29 168
908 14 2 29 171
909 -54 2 29 174
910 106 2 29 190
911 82 2 29 203
912 190 2 29 223
913 94 2 29 225
914 26 2 29 249
915 -10 2 29 250
916 192 2 30 42
917 184 2 30 49
918 98 2 30 64
919 124 2 30 81
920 -12 2 30 86
921 -28 2 30 100
922 -50 2 30 102
923 -104 2 30 105
924 102 2 30 115
925 -24 2 30 143
926 196 2 30 156
927 -44 2 30 190
928 -60 2 30 199
929 124 2 30 209
930 162 2 30 211
931 44 2 30 214
932 -146 2 30 249
933 -90 2 31 36
934 -62 2 31 49
935 -114 2 31 66
936 136 2 31 67
937 172 2 31 70
938 24 2 31 71
939 -96 2 31 78
940 142 2 31 81
941 -192 2 31 91
942 134 2 31 103
943 56 2 31 111
944 116 2 31 115
945 184 2 31 117
946 -132 2 31 123
947 -120 2 31 126
948 -44 2 31 180
949 200 2 31 188
950 96 2 31 205
951 -30 2 31 223
952 -52 2 31 229
953 16 2 31 231
954 184 2 32 36
955 58 2 32 49
956 160 2 32 51
957 -44 2 32 64
958 -132 2 32 69
959 44 2 32 71
960 -180 2 32 87
961 14 2 32 93
962 122 2 32 95
963 -102 2 32 101
964 -96 2 32 102
965 160 2 32 115
966 -20 2 32 123
967 -112 2 32 134
968 134 2 32 143
969 184 2 32 145
970 72 2 32 150
971 132 2 32 154
972 -128 2 32 164
973 192 2 32 174
974 176 2 32 182
975 142 2 32 186
976 166 2 32 188
977 -20 2 32 195
978 -140 2 32 207
979 136 2 32 224
980 42 2 32 246
981 -26 2 33 55
982 -136 2 33 66
983 -150 2 33 81
984 -194 2 33 85
985 -154 2 33 98
986 116 2 33 113
987 -30 2 33 126
988 194 2 33 131
989 -132 2 33 135
990 -4 2 33 137
991 -26 2 33 144
992 -124 2 33 157
993 56 2 33 174
994 -124 2 33 203
995 -126 2 33 205
996 -34 2 33 210
997 122 2 33 212
998 162 2 33 220
999 180 2 33 235
1000 136 2 33 247
1001 -144 2 34 43
1002 -80 2 34 45
1003 16 2 34 54
1004 196 2 34 58
1005 192 2 34 60
1006 -124 2 34 63
1007 -178 2 34 69
1008 -24 2 34 81
1009 -148 2 34 90
1010 -98 2 34 102
1011 -130 2 34 114
1012 132 2 34 117
1013 -32 2 34 140
1014 -58 2 34 142
1015 -52 2 34 144
1016 138 2 34 162
1017 -98 2 34 183
1018 200 2 34 197
1019 -10 2 34 200
1020 22 2 34 215
1021 194 2 34 222
1022 -122 2 34 229
1023 -114 2 34 238
1024 2 2 35 40
1025 -174 2 35 42
1026 4 2 35 44
1027 172 2 35 50
1028 -132 2 35 71
1029 68 2 35 75
1030 68 2 35 78
1031 -128 2 35 97
1032 38 2 35 104
1033 152 2 35 108
1034 78 2 35 116
1035 98 2 35 138
1036 130 2 35 139
1037 186 2 35 156
1038 126 2 35 161
1039 200 2 35 170
1040 -178 2 35 185
1041 -46 2 35 189
1042 170 2 35 201
1043 -24 2 35 207
1044 114 2 35 213
1045 -74 2 35 215
1046 -54 2 35 218
1047 26 2 35 219
1048 184 2 35 231
1049 -34 2 35 232
1050 198 2 36 64
1051 -124 2 36 69
1052 60 2 36 85
1053 72 2 36 98
1054 -120 2 36 138
1055 56 2 36 146
1056 104 2 36 149
1057 -156 2 36 151
1058 122 2 36 157
1059 182 2 36 209
1060 92 2 37 42
1061 -124 2 37 48
1062 -72 2 37 56
1063 134 2 37 84
1064 144 2 37 88
1065 92 2 37 92
1066 104 2 37 96
1067 -6 2 37 102
1068 -4 2 37 104
1069 -112 2 37 111
1070 -138 2 37 119
1071 -160 2 37 123
1072 -140 2 37 139
1073 -48 2 37 140
1074 134 2 37 146
1075 34 2 37 149
1076 114 2 37 168
1077 -56 2 37 173
1078 144 2 37 193
1079 52 2 37 211
1080 144 2 37 225
1081 -84 2 37 231
1082 -114 2 37 233
1083 -98 2 37 235
1084 156 2 38 57
1085 -128 2 38 59
1086 94 2 38 95
1087 104 2 38 99
1088 16 2 38 100
1089 126 2 38 102
1090 128 2 38 106
1091 -90 2 38 109
1092 182 2 38 127
1093 -102 2 38 149
1094 36 2 38 151
1095 -12 2 38 157
1096 114 2 38 161
1097 -4 2 38 179
1098 172 2 38 201
1099 176 2 38 210
1100 104 2 38 211
1101 152 2 38 219
1102 -106 2 38 221
1103 -148 2 38 234
1104 -34 2 38 237
1105 -152 2 38 239
1106 98 2 38 247
1107 198 2 39 41
1108 -182 2 39 43
1109 -172 2 39 45
1110 86 2 39 53
1111 -144 2 39 64
1112 166 2 39 73
1113 -102 2 39 91
1114 -174 2 39 133
1115 -32 2 39 138
1116 -84 2 39 147
1117 170 2 39 159
1118 -182 2 39 161
1119 -174 2 39 176
1120 144 2 39 178
1121 150 2 39 188
1122 74 2 39 194
1123 -98 2 39 203
1124 32 2 39 219
1125 -10 2 39 220
1126 -74 2 39 244
1127 -96 2 39 250
1128 -130 2 40 68
1129 50 2 40 72
1130 -80 2 40 79
1131 -60 2 40 81
1132 126 2 40 86
1133 110 2 40 87
1134 174 2 40 92
1135 96 2 40 94
1136 126 2 40 100
1137 -34 2 40 104
1138 136 2 40 108
1139 62 2 40 134
1140 -66 2 40 143
1141 66 2 40 161
1142 -8 2 40 165
1143 -96 2 40 188
1144 20 2 40 191
1145 64 2 40 208
1146 58 2 40 211
1147 -6 2 40 213
1148 -190 2 40 220
1149 40 2 40 224
1150 170 2 40 232
1151 150 2 40 250
1152 56 2 41 46
1153 -50 2 41 53
1154 66 2 41 73
1155 166 2 41 99
1156 36 2 41 121
1157 92 2 41 125
1158 -138 2 41 146
1159 136 2 41 148
1160 -166 2 41 158
1161 84 2 41 159
1162 64 2 41 166
1163 104 2 41 183
1164 48 2 41 188
1165 34 2 41 200
1166 -134 2 41 202
1167 -172 2 41 204
1168 -74 2 41 217
1169 -22 2 41 237
1170 128 2 41 240
1171 116 2 42 45
1172 24 2 42 47
1173 26 2 42 55
1174 -104 2 42 58
1175 -148 2 42 91
1176 114 2 42 99
1177 54 2 42 101
1178 -144 2 42 119
1179 -122 2 42 125
1180 -102 2 42 129
1181 154 2 42 146
1182 162 2 42 177
1183 168 2 42 183
1184 -66 2 42 200
1185 100 2 42 222
1186 68 2 42 225
1187 -116 2 42 232
1188 -92 2 42 236
1189 28 2 42 244
1190 128 2 43 51
1191 -138 2 43 55
1192 -182 2 43 71
1193 -28 2 43 77
1194 22 2 43 94
1195 -158 2 43 95
1196 -34 2 43 98
1197 118 2 43 106
1198 90 2 43 144
1199 124 2 43 145
1200 -192 2 43 155
1201 -50 2 43 157
1202 -116 2 43 161
1203 142 2 43 166
1204 58 2 43 171
1205 -120 2 43 178
1206 108 2 43 229
1207 -44 2 43 247
1208 -142 2 44 48
1209 70 2 44 66
1210 -78 2 44 67
1211 -66 2 44 68
1212 -28 2 44 69
1213 -198 2 44 75
1214 186 2 44 86
1215 72 2 44 97
1216 -4 2 44 99
1217 -150 2 44 103
1218 -8 2 44 105
1219 144 2 44 110
1220 20 2 44 115
1221 -70 2 44 123
1222 70 2 44 125
1223 -198 2 44 134
1224 -92 2 44 138
1225 -166 2 44 150
1226 -80 2 44 155
1227 116 2 44 166
1228 -160 2 44 171
1229 120 2 44 181
1230 60 2 44 201
1231 -98 2 44 220
1232 -18 2 44 228
1233 -42 2 44 243
1234 -186 2 45 50
1235 -150 2 45 58
1236 194 2 45 68
1237 154 2 45 88
1238 -172 2 45 119
1239 -196 2 45 122
1240 64 2 45 123
1241 120 2 45 128
1242 -4 2 45 134
1243 -44 2 45 138
1244 154 2 45 152
1245 -16 2 45 155
1246 -124 2 45 163
1247 -32 2 45 166
1248 -126 2 45 172
1249 126 2 45 176
1250 -174 2 45 180
1251 146 2 45 181
1252 114 2 45 184
1253 -96 2 45 202
1254 126 2 45 211
1255 -124 2 45 228
1256 66 2 45 231
1257 166 2 45 245
1258 -118 2 46 71
1259 -22 2 46 72
1260 -72 2 46 83
1261 92 2 46 101
1262 84 2 46 111
1263 60 2 46 113
1264 -86 2 46 121
1265 -138 2 46 122
1266 168 2 46 176
1267 -4 2 46 177
1268 -134 2 46 195
1269 -174 2 46 208
1270 -126 2 46 219
1271 -50 2 46 229
1272 -196 2 46 232
1273 140 2 46 242
1274 146 2 47 108
1275 -86 2 47 109
1276 -130 2 47 110
1277 138 2 47 112
1278 144 2 47 117
1279 -130 2 47 139
1280 112 2 47 143
1281 -108 2 47 150
1282 28 2 47 170
1283 -40 2 47 175
1284 -92 2 47 176
1285 50 2 47 180
1286 -44 2 47 185
1287 62 2 47 190
1288 46 2 47 199
1289 6 2 47 208
1290 2 2 47 227
1291 14 2 47 229
1292 86 2 47 238
1293 164 2 47 240
1294 136 2 47 243
1295 -152 2 47 244
1296 14 2 47 245
1297 -146 2 48 51
1298 6 2 48 59
1299 74 2 48 69
1300 -40 2 48 100
1301 -144 2 48 108
1302 -198 2 48 109
1303 -102 2 48 115
1304 116 2 48 130
1305 132 2 48 132
1306 136 2 48 141
1307 182 2 48 142
1308 -46 2 48 171
1309 200 2 48 178
1310 32 2 48 185
1311 -64 2 48 189
1312 -16 2 48 192
1313 -178 2 48 201
1314 14 2 48 204
1315 -18 2 48 211
1316 -106 2 48 212
1317 142 2 48 233
1318 -64 2 49 50
1319 -18 2 49 51
1320 90 2 49 55
1321 -148 2 49 70
1322 74 2 49 95
1323 88 2 49 111
1324 174 2 49 119
1325 -24 2 49 120
1326 -80 2 49 124
1327 88 2 49 131
1328 4 2 49 132
1329 52 2 49 133
1330 -154 2 49 141
1331 -78 2 49 155
1332 -80 2 49 179
1333 54 2 49 203
1334 24 2 49 209
1335 -12 2 49 210
1336 -186 2 49 215
1337 56 2 49 219
1338 -140 2 49 220
1339 -152 2 49 228
1340 88 2 49 229
1341 118 2 49 238
1342 68 2 50 68
1343 106 2 50 72
1344 8 2 50 81
1345 22 2 50 106
1346 -50 2 50 109
1347 190 2 50 136
1348 14 2 50 139
1349 -72 2 50 150
1350 34 2 50 161
1351 136 2 50 173
1352 198 2 50 174
1353 -76 2 50 179
1354 136 2 50 192
1355 120 2 50 195
1356 90 2 50 202
1357 -26 2 50 210
1358 -104 2 50 227
1359 38 2 50 236
1360 46 2 50 239
1361 -52 2 50 250
1362 148 2 51 77
1363 172 2 51 87
1364 -16 2 51 102
1365 -174 2 51 106
1366 -106 2 51 109
1367 160 2 51 110
1368 122 2 51 111
1369 48 2 51 112
1370 -128 2 51 150
1371 120 2 51 153
1372 -152 2 51 176
1373 174 2 51 191
1374 120 2 51 224
1375 88 2 51 228
1376 -138 2 51 230
1377 -30 2 51 232
1378 -122 2 51 243
1379 -78 2 52 55
1380 -64 2 52 71
1381 136 2 52 82
1382 -130 2 52 87
1383 -136 2 52 94
1384 174 2 52 132
1385 -44 2 52 136
1386 -74 2 52 143
1387 84 2 52 144
1388 90 2 52 147
1389 192 2 52 152
1390 -172 2 52 153
1391 -10 2 52 158
1392 -136 2 52 159
1393 168 2 52 161
1394 96 2 52 168
1395 -36 2 52 173
1396 -30 2 52 175
1397 -32 2 52 193
1398 158 2 52 194
1399 118 2 52 220
1400 -150 2 52 223
1401 -96 2 53 57
1402 -122 2 53 65
1403 -150 2 53 98
1404 102 2 53 103
1405 148 2 53 121
1406 50 2 53 132
1407 28 2 53 141
1408 -190 2 53 143
1409 8 2 53 150
1410 -18 2 53 177
1411 168 2 53 193
1412 -120 2 53 201
1413 70 2 53 203
1414 150 2 53 215
1415 164 2 53 217
1416 166 2 53 220
1417 -18 2 53 231
1418 -168 2 53 238
1419 2 2 54 64
1420 -46 2 54 78
1421 6 2 54 88
1422 -54 2 54 91
1423 -96 2 54 133
1424 -66 2 54 136
1425 -100 2 54 146
1426 -168 2 54 152
1427 -78 2 54 166
1428 196 2 54 168
1429 44 2 54 174
1430 -188 2 54 189
1431 -64 2 54 190
1432 -12 2 54 196
1433 78 2 54 202
1434 62 2 54 203
1435 176 2 54 205
1436 -66 2 54 213
1437 138 2 54 218
1438 18 2 54 219
1439 102 2 54 233
1440 -194 2 54 241
1441 80 2 55 79
1442 28 2 55 82
1443 138 2 55 84
1444 -122 2 55 94
1445 -142 2 55 102
1446 -72 2 55 114
1447 42 2 55 144
1448 -180 2 55 150
1449 -152 2 55 160
1450 30 2 55 168
1451 60 2 55 171
1452 76 2 55 177
1453 -20 2 55 184
1454 -74 2 55 186
1455 -142 2 55 193
1456 98 2 55 194
1457 -38 2 55 218
1458 192 2 55 221
1459 -108 2 55 224
1460 -2 2 55 231
1461 108 2 55 238
1462 -40 2 56 58
1463 -88 2 56 59
1464 -64 2 56 64
1465 126 2 56 66
1466 -120 2 56 70
1467 -40 2 56 96
1468 46 2 56 97
1469 120 2 56 101
1470 -72 2 56 105
1471 158 2 56 128
1472 92 2 56 140
1473 100 2 56 149
1474 76 2 56 156
1475 -44 2 56 167
1476 -2 2 56 171
1477 -156 2 56 176
1478 190 2 56 192
1479 152 2 56 205
1480 -36 2 56 210
1481 134 2 56 239
1482 50 2 56 240
1483 162 2 57 59
1484 -114 2 57 63
1485 -122 2 57 91
1486 28 2 57 94
1487 98 2 57 113
1488 -102 2 57 116
1489 -120 2 57 128
1490 -104 2 57 129
1491 156 2 57 133
1492 -142 2 57 139
1493 12 2 57 142
1494 194 2 57 147
1495 -120 2 57 155
1496 172 2 57 170
1497 160 2 57 172
1498 -114 2 57 203
1499 -10 2 57 206
1500 70 2 57 211
1501 -164 2 57 225
1502 -98 2 57 226
1503 -96 2 57 228
1504 -20 2 57 235
1505 -188 2 57 237
1506 98 2 57 239
1507 20 2 58 59
1508 88 2 58 68
1509 -8 2 58 86
1510 -162 2 58 101
1511 -122 2 58 105
1512 -76 2 58 112
1513 -12 2 58 140
1514 136 2 58 143
1515 -72 2 58 148
1516 -138 2 58 155
1517 -198 2 58 163
1518 196 2 58 165
1519 58 2 58 176
1520 -12 2 58 179
1521 -48 2 58 191
1522 -104 2 58 202
1523 198 2 58 219
1524 92 2 58 222
1525 -78 2 59 62
1526 176 2 59 65
1527 -190 2 59 68
1528 40 2 59 82
1529 -134 2 59 109
1530 60 2 59 114
1531 -76 2 59 130
1532 -162 2 59 145
1533 -114 2 59 147
1534 -134 2 59 151
1535 160 2 59 163
1536 -128 2 59 197
1537 122 2 59 214
1538 84 2 59 224
1539 -30 2 59 228
1540 18 2 59 249
1541 10 2 60 74
1542 32 2 60 86
1543 -162 2 60 88
1544 146 2 60 89
1545 172 2 60 96
1546 38 2 60 108
1547 182 2 60 109
1548 -36 2 60 116
1549 148 2 60 131
1550 164 2 60 134
1551 10 2 60 140
1552 -6 2 60 142
1553 -194 2 60 157
1554 16 2 60 158
1555 48 2 60 160
1556 -118 2 60 164
1557 -70 2 60 168
1558 78 2 60 169
1559 -30 2 60 182
1560 -150 2 60 217
1561 -100 2 60 227
1562 -6 2 61 79
1563 -80 2 61 83
1564 20 2 61 102
1565 178 2 61 106
1566 142 2 61 116
1567 64 2 61 123
1568 -52 2 61 146
1569 -38 2 61 186
1570 30 2 61 194
1571 -60 2 61 197
1572 -126 2 61 205
1573 22 2 61 207
1574 -148 2 61 218
1575 134 2 61 243
1576 -164 2 62 67
1577 128 2 62 79
1578 -74 2 62 80
1579 36 2 62 93
1580 -124 2 62 104
1581 -88 2 62 108
1582 -10 2 62 122
1583 -52 2 62 134
1584 54 2 62 141
1585 58 2 62 142
1586 12 2 62 159
1587 -190 2 62 171
1588 -46 2 62 185
1589 -132 2 62 188
1590 52 2 62 198
1591 172 2 62 209
1592 -154 2 62 217
1593 -56 2 62 218
1594 -14 2 62 235
1595 36 2 62 247
1596 -104 2 62 248
1597 -134 2 63 71
1598 -48 2 63 77
1599 110 2 63 92
1600 126 2 63 106
1601 -136 2 63 107
1602 24 2 63 112
1603 -98 2 63 143
1604 -142 2 63 156
1605 -28 2 63 159
1606 -28 2 63 172
1607 190 2 63 188
1608 -174 2 63 204
1609 -182 2 63 205
1610 -120 2 63 207
1611 42 2 63 210
1612 78 2 63 225
1613 -92 2 63 227
1614 86 2 63 228
1615 198 2 63 246
1616 -132 2 64 66
1617 120 2 64 79
1618 152 2 64 82
1619 46 2 64 87
1620 -114 2 64 102
1621 50 2 64 107
1622 178 2 64 146
1623 104 2 64 148
1624 -96 2 64 169
1625 -182 2 64 175
1626 -70 2 64 188
1627 40 2 64 201
1628 168 2 64 209
1629 150 2 64 214
1630 60 2 64 219
1631 144 2 64 225
1632 18 2 64 228
1633 142 2 64 238
1634 -80 2 64 239
1635 4 2 64 246
1636 -104 2 64 249
1637 110 2 65 74
1638 126 2 65 75
1639 -26 2 65 81
1640 -174 2 65 91
1641 -76 2 65 122
1642 114 2 65 125
1643 -50 2 65 158
1644 68 2 65 176
1645 106 2 65 182
1646 42 2 65 183
1647 -154 2 65 217
1648 -4 2 65 230
1649 42 2 65 236
1650 -60 2 66 69
1651 142 2 66 79
1652 -168 2 66 107
1653 14 2 66 120
1654 -196 2 66 126
1655 -192 2 66 140
1656 36 2 66 143
1657 130 2 66 144
1658 -92 2 66 145
1659 -134 2 66 146
1660 78 2 66 151
1661 28 2 66 155
1662 -180 2 66 171
1663 -10 2 66 177
1664 66 2 66 187
1665 72 2 66 190
1666 -114 2 66 208
1667 160 2 66 238
1668 108 2 67 93
1669 -110 2 67 117
1670 -48 2 67 135
1671 46 2 67 158
1672 -172 2 67 162
1673 -174 2 67 165
1674 88 2 67 169
1675 34 2 67 172
1676 -94 2 67 184
1677 104 2 67 196
1678 120 2 67 217
1679 -54 2 67 224
1680 64 2 67 233
1681 144 2 67 240
1682 122 2 67 241
1683 -2 2 67 242
1684 -78 2 68 74
1685 -154 2 68 77
1686 58 2 68 81
1687 -194 2 68 88
1688 56 2 68 118
1689 -116 2 68 174
1690 -158 2 68 179
1691 22 2 68 182
1692 76 2 68 192
1693 -44 2 68 198
1694 198 2 68 201
1695 -126 2 68 213
1696 -104 2 68 218
1697 -2 2 68 223
1698 136 2 68 233
1699 -170 2 68 237
1700 -6 2 69 73
1701 170 2 69 83
1702 -182 2 69 86
1703 80 2 69 89
1704 146 2 69 139
1705 -86 2 69 142
1706 190 2 69 167
1707 -84 2 69 179
1708 128 2 69 193
1709 -118 2 69 195
1710 48 2 69 210
1711 126 2 69 215
1712 128 2 69 222
1713 14 2 69 240
1714 -114 2 69 248
1715 68 2 70 77
1716 -104 2 70 82
1717 -96 2 70 85
1718 -16 2 70 88
1719 66 2 70 92
1720 -36 2 70 101
1721 134 2 70 114
1722 152 2 70 153
1723 -50 2 70 156
1724 4 2 70 162
1725 164 2 70 178
1726 -60 2 70 180
1727 -154 2 70 183
1728 164 2 70 186
1729 70 2 70 191
1730 -140 2 70 207
1731 -104 2 70 240
1732 178 2 70 243
1733 -66 2 70 250
1734 -168 2 71 78
1735 -144 2 71 98
1736 -180 2 71 108
1737 -124 2 71 121
1738 -118 2 71 123
1739 -6 2 71 124
1740 98 2 71 130
1741 16 2 71 144
1742 42 2 71 154
1743 122 2 71 173
1744 -180 2 71 179
1745 194 2 71 180
1746 12 2 71 193
1747 -188 2 71 201
1748 108 2 71 236
1749 -36 2 72 88
1750 -158 2 72 106
1751 -2 2 72 109
1752 -50 2 72 118
1753 110 2 72 130
1754 124 2 72 142
1755 -100 2 72 184
1756 190 2 72 197
1757 132 2 72 223
1758 -80 2 72 227
1759 -30 2 72 237
1760 -144 2 72 238
1761 -112 2 73 101
1762 -70 2 73 120
1763 -40 2 73 124
1764 164 2 73 126
1765 148 2 73 134
1766 118 2 73 137
1767 -168 2 73 143
1768 138 2 73 169
1769 134 2 73 172
1770 -116 2 73 189
1771 -86 2 73 198
1772 138 2 73 208
1773 -44 2 73 209
1774 34 2 73 212
1775 110 2 73 215
1776 -158 2 73 218
1777 -80 2 73 227
1778 -168 2 73 235
1779 -132 2 73 238
1780 -84 2 74 81
1781 116 2 74 82
1782 6 2 74 91
1783 -108 2 74 107
1784 196 2 74 119
1785 108 2 74 124
1786 -86 2 74 132
1787 -32 2 74 152
1788 -184 2 74 166
1789 -60 2 74 177
1790 -68 2 74 188
1791 120 2 74 192
1792 -194 2 74 225
1793 -144 2 74 229
1794 68 2 74 231
1795 -136 2 74 242
1796 160 2 75 77
1797 -40 2 75 80
1798 172 2 75 83
1799 172 2 75 94
1800 128 2 75 148
1801 64 2 75 155
1802 70 2 75 193
1803 68 2 75 207
1804 78 2 75 217
1805 -124 2 75 224
1806 -142 2 75 237
1807 -196 2 76 97
1808 180 2 76 98
1809 -102 2 76 115
1810 64 2 76 120
1811 -74 2 76 151
1812 72 2 76 154
1813 30 2 76 169
1814 190 2 76 177
1815 62 2 76 181
1816 -178 2 76 185
1817 200 2 76 190
1818 196 2 76 210
1819 -90 2 76 216
1820 194 2 76 234
1821 -182 2 76 235
1822 -84 2 76 237
1823 82 2 76 238
1824 -172 2 76 239
1825 -148 2 77 82
1826 -6 2 77 83
1827 64 2 77 93
1828 120 2 77 101
1829 -126 2 77 110
1830 6 2 77 114
1831 -112 2 77 116
1832 -86 2 77 134
1833 -94 2 77 144
1834 -120 2 77 150
1835 138 2 77 156
1836 -46 2 77 163
1837 8 2 77 169
1838 82 2 77 170
1839 198 2 77 171
1840 80 2 77 176
1841 -52 2 77 197
1842 4 2 77 211
1843 110 2 77 215
1844 188 2 77 219
1845 -106 2 77 220
1846 24 2 77 232
1847 -182 2 77 235
1848 172 2 77 249
1849 -84 2 78 80
1850 -76 2 78 105
1851 -80 2 78 106
1852 62 2 78 115
1853 88 2 78 124
1854 -50 2 78 137
1855 76 2 78 153
1856 -6 2 78 154
1857 -74 2 78 157
1858 184 2 78 180
1859 -186 2 78 181
1860 2 2 78 206
1861 -62 2 78 208
1862 106 2 78 212
1863 -84 2 78 213
1864 -40 2 78 231
1865 130 2 78 235
1866 -140 2 79 85
1867 184 2 79 123
1868 -52 2 79 143
1869 24 2 79 149
1870 -132 2 79 150
1871 52 2 79 159
1872 -66 2 79 161
1873 -80 2 79 166
1874 -82 2 79 168
1875 70 2 79 174
1876 116 2 79 176
1877 118 2 79 177
1878 58 2 79 179
1879 130 2 79 180
1880 -82 2 79 196
1881 -122 2 79 213
1882 192 2 79 217
1883 84 2 79 218
1884 24 2 79 232
1885 -94 2 79 242
1886 -52 2 79 247
1887 76 2 79 250
1888 8 2 80 84
1889 -22 2 80 90
1890 -42 2 80 93
1891 124 2 80 115
1892 56 2 80 121
1893 -18 2 80 140
1894 -98 2 80 161
1895 28 2 80 164
1896 -162 2 80 186
1897 -36 2 80 188
1898 158 2 80 208
1899 102 2 80 212
1900 -194 2 80 225
1901 36 2 80 237
1902 -76 2 80 241
1903 -194 2 80 246
1904 168 2 81 123
1905 -194 2 81 124
1906 14 2 81 133
1907 134 2 81 137
1908 -76 2 81 141
1909 -176 2 81 161
1910 96 2 81 164
1911 -60 2 81 173
1912 50 2 81 179
1913 -110 2 81 187
1914 -24 2 81 196
1915 68 2 81 209
1916 -68 2 81 221
1917 158 2 81 225
1918 156 2 81 226
1919 -124 2 81 228
1920 78 2 81 229
1921 -154 2 81 232
1922 -18 2 81 236
1923 -2 2 82 95
1924 4 2 82 105
1925 -42 2 82 119
1926 -184 2 82 121
1927 44 2 82 129
1928 -112 2 82 139
1929 -24 2 82 140
1930 194 2 82 147
1931 96 2 82 149
1932 6 2 82 163
1933 -164 2 82 168
1934 22 2 82 175
1935 -64 2 82 176
1936 60 2 82 177
1937 130 2 82 179
1938 34 2 82 188
1939 70 2 82 226
1940 20 2 82 238
1941 86 2 82 241
1942 -150 2 82 246
1943 -112 2 83 98
1944 148 2 83 105
1945 158 2 83 113
1946 -14 2 83 122
1947 -104 2 83 132
1948 32 2 83 146
1949 16 2 83 147
1950 46 2 83 152
1951 -146 2 83 165
1952 -26 2 83 173
1953 182 2 83 175
1954 -94 2 83 184
1955 6 2 83 198
1956 -146 2 83 207
1957 -184 2 83 214
1958 106 2 84 87
1959 -164 2 84 94
1960 114 2 84 115
1961 186 2 84 118
1962 -138 2 84 128
1963 -194 2 84 140
1964 -144 2 84 146
1965 -70 2 84 156
1966 50 2 84 165
1967 -128 2 84 181
1968 -148 2 84 182
1969 -186 2 84 198
1970 90 2 84 208
1971 56 2 84 210
1972 -100 2 84 211
1973 -24 2 84 214
1974 116 2 84 222
1975 -30 2 84 231
1976 -196 2 84 237
1977 114 2 84 244
1978 20 2 85 109
1979 150 2 85 117
1980 66 2 85 119
1981 178 2 85 130
1982 120 2 85 139
1983 -184 2 85 156
1984 104 2 85 160
1985 194 2 85 162
1986 126 2 85 167
1987 -34 2 85 181
1988 -134 2 85 195
1989 -160 2 85 196
1990 -132 2 85 206
1991 -102 2 85 212
1992 100 2 85 222
1993 -26 2 85 229
1994 2 2 85 233
1995 194 2 85 235
1996 194 2 86 99
1997 -148 2 86 100
1998 -44 2 86 105
1999 132 2 86 109
2000 50 2 86 113
2001 56 2 86 114
2002 82 2 86 132
2003 150 2 86 136
2004 44 2 86 145
2005 -88 2 86 150
2006 102 2 86 165
2007 188 2 86 195
2008 -30 2 86 204
2009 58 2 86 207
2010 -172 2 86 228
2011 18 2 86 233
2012 -40 2 87 90
2013 74 2 87 96
2014 -152 2 87 97
2015 -54 2 87 98
2016 -174 2 87 103
2017 -44 2 87 122
2018 -174 2 87 123
2019 -26 2 87 141
2020 -70 2 87 157
2021 -126 2 87 166
2022 -68 2 87 185
2023 -150 2 87 187
2024 48 2 87 189
2025 -86 2 87 193
2026 -180 2 87 214
2027 92 2 87 222
2028 112 2 87 233
2029 -6 2 87 236
2030 90 2 87 241
2031 130 2 87 247
2032 98 2 87 248
2033 -90 2 87 250
2034 82 2 88 99
2035 -156 2 88 115
2036 -154 2 88 126
2037 -146 2 88 133
2038 -44 2 88 176
2039 166 2 88 188
2040 14 2 88 204
2041 38 2 88 208
2042 -74 2 88 215
2043 -126 2 88 229
2044 40 2 88 232
2045 14 2 88 241
2046 192 2 89 93
2047 142 2 89 104
2048 56 2 89 107
2049 -106 2 89 113
2050 -24 2 89 114
2051 70 2 89 120
2052 -188 2 89 124
2053 12 2 89 126
2054 -150 2 89 147
2055 178 2 89 160
2056 -38 2 89 163
2057 -20 2 89 174
2058 20 2 89 176
2059 -68 2 89 194
2060 -196 2 89 198
2061 -116 2 89 199
2062 160 2 89 213
2063 -182 2 89 245
2064 -152 2 90 92
2065 -176 2 90 95
2066 -114 2 90 106
2067 24 2 90 119
2068 -126 2 90 122
2069 106 2 90 138
2070 -78 2 90 140
2071 -118 2 90 142
2072 190 2 90 164
2073 50 2 90 188
2074 -30 2 90 202
2075 40 2 90 207
2076 -144 2 90 210
2077 -172 2 90 233
2078 144 2 90 238
2079 -56 2 90 239
2080 -58 2 91 94
2081 32 2 91 98
2082 160 2 91 101
2083 -14 2 91 113
2084 -70 2 91 117
2085 -88 2 91 129
2086 -106 2 91 133
2087 58 2 91 137
2088 -130 2 91 143
2089 68 2 91 146
2090 110 2 91 154
2091 138 2 91 180
2092 64 2 91 192
2093 174 2 91 204
2094 122 2 91 212
2095 -68 2 91 241
2096 164 2 91 250
2097 66 2 92 137
2098 98 2 92 164
2099 -18 2 92 170
2100 -94 2 92 176
2101 134 2 92 177
2102 -74 2 92 181
2103 78 2 92 221
2104 32 2 92 240
2105 2 2 92 242
2106 -190 2 93 100
2107 -76 2 93 103
2108 16 2 93 119
2109 -54 2 93 121
2110 186 2 93 123
2111 102 2 93 125
2112 -122 2 93 155
2113 -60 2 93 159
2114 32 2 93 164
2115 148 2 93 166
2116 166 2 93 169
2117 -132 2 93 175
2118 -176 2 93 183
2119 22 2 93 199
2120 -122 2 93 212
2121 -182 2 93 213
2122 136 2 93 234
2123 -66 2 94 110
2124 176 2 94 114
2125 -152 2 94 135
2126 -88 2 94 142
2127 -114 2 94 150
2128 38 2 94 151
2129 -68 2 94 181
2130 116 2 94 190
2131 -192 2 94 196
2132 -192 2 94 202
2133 -40 2 94 203
2134 170 2 94 215
2135 -30 2 94 218
2136 -172 2 94 219
2137 4 2 94 228
2138 -42 2 94 239
2139 -64 2 94 243
2140 66 2 94 246
2141 32 2 94 247
2142 20 2 94 249
2143 -24 2 94 250
2144 -124 2 95 106
2145 136 2 95 111
2146 118 2 95 130
2147 -194 2 95 132
2148 -2 2 95 143
2149 -8 2 95 144
2150 200 2 95 145
2151 -68 2 95 152
2152 -96 2 95 154
2153 14 2 95 156
2154 180 2 95 163
2155 152 2 95 171
2156 -42 2 95 182
2157 22 2 95 190
2158 190 2 95 202
2159 40 2 95 211
2160 20 2 95 231
2161 34 2 95 238
2162 24 2 95 242
2163 74 2 95 246
2164 -22 2 95 248
2165 68 2 96 97
2166 -126 2 96 101
2167 -38 2 96 112
2168 -70 2 96 148
2169 106 2 96 156
2170 -18 2 96 176
2171 -168 2 96 178
2172 -156 2 96 196
2173 6 2 96 209
2174 4 2 96 211
2175 -120 2 96 220
2176 198 2 96 221
2177 -20 2 96 231
2178 -152 2 96 234
2179 82 2 96 244
2180 184 2 97 101
2181 -174 2 97 111
2182 -66 2 97 144
2183 126 2 97 151
2184 26 2 97 160
2185 118 2 97 225
2186 -70 2 97 230
2187 -116 2 98 100
2188 -92 2 98 102
2189 -170 2 98 112
2190 182 2 98 131
2191 196 2 98 134
2192 -18 2 98 156
2193 194 2 98 161
2194 18 2 98 168
2195 126 2 98 170
2196 -66 2 98 175
2197 -122 2 98 184
2198 28 2 98 187
2199 94 2 98 205
2200 -76 2 98 210
2201 82 2 98 223
2202 66 2 98 224
2203 -60 2 98 232
2204 124 2 98 240
2205 60 2 99 109
2206 -88 2 99 138
2207 110 2 99 176
2208 -154 2 99 177
2209 -140 2 99 184
2210 -168 2 99 185
2211 138 2 99 188
2212 -14 2 99 189
2213 76 2 99 198
2214 34 2 99 237
2215 -126 2 99 250
2216 110 2 100 101
2217 -62 2 100 110
2218 -148 2 100 115
2219 68 2 100 126
2220 196 2 100 131
2221 100 2 100 157
2222 74 2 100 161
2223 -182 2 100 166
2224 174 2 100 185
2225 78 2 100 190
2226 -156 2 100 199
2227 -38 2 100 200
2228 -130 2 100 229
2229 8 2 101 122
2230 78 2 101 136
2231 174 2 101 144
2232 116 2 101 168
2233 170 2 101 173
2234 20 2 101 175
2235 80 2 101 176
2236 36 2 101 179
2237 52 2 101 181
2238 80 2 101 186
2239 16 2 101 196
2240 74 2 101 198
2241 -126 2 101 211
2242 -112 2 101 221
2243 200 2 101 233
2244 -68 2 101 240
2245 80 2 101 243
2246 28 2 102 110
2247 -158 2 102 111
2248 -162 2 102 117
2249 -60 2 102 120
2250 98 2 102 123
2251 -32 2 102 144
2252 30 2 102 152
2253 20 2 102 171
2254 -114 2 102 194
2255 -100 2 102 210
2256 102 2 102 216
2257 -70 2 102 221
2258 68 2 102 236
2259 -176 2 102 237
2260 156 2 103 116
2261 -122 2 103 122
2262 44 2 103 152
2263 -130 2 103 164
2264 190 2 103 185
2265 162 2 103 188
2266 -166 2 103 207
2267 -164 2 103 215
2268 48 2 103 234
2269 -44 2 103 238
2270 88 2 103 244
2271 174 2 103 246
2272 -76 2 103 250
2273 -54 2 104 137
2274 2 2 104 145
2275 160 2 104 146
2276 -108 2 104 147
2277 20 2 104 153
2278 -46 2 104 166
2279 62 2 104 170
2280 114 2 104 174
2281 142 2 104 183
2282 166 2 104 189
2283 -64 2 104 198
2284 172 2 104 200
2285 128 2 105 114
2286 88 2 105 124
2287 -10 2 105 133
2288 -150 2 105 156
2289 200 2 105 159
2290 8 2 105 161
2291 62 2 105 190
2292 -46 2 105 217
2293 -84 2 105 221
2294 -20 2 105 232
2295 -72 2 106 117
2296 140 2 106 125
2297 -18 2 106 150
2298 184 2 106 153
2299 -102 2 106 154
2300 168 2 106 174
2301 78 2 106 176
2302 110 2 106 186
2303 182 2 106 188
2304 -8 2 106 190
2305 -132 2 106 220
2306 34 2 106 229
2307 148 2 106 241
2308 152 2 106 247
2309 2 2 107 117
2310 70 2 107 122
2311 152 2 107 123
2312 -178 2 107 124
2313 198 2 107 133
2314 -166 2 107 142
2315 -90 2 107 155
2316 -12 2 107 186
2317 108 2 107 189
2318 22 2 107 201
2319 -150 2 107 206
2320 -20 2 107 217
2321 48 2 107 230
2322 -138 2 107 236
2323 40 2 107 241
2324 138 2 107 244
2325 -136 2 108 120
2326 54 2 108 127
2327 64 2 108 134
2328 -152 2 108 146
2329 -144 2 108 155
2330 -68 2 108 179
2331 90 2 108 189
2332 -114 2 108 190
2333 120 2 108 194
2334 -44 2 108 213
2335 -72 2 108 216
2336 -190 2 108 231
2337 186 2 108 245
2338 -184 2 108 247
2339 -126 2 109 111
2340 -144 2 109 113
2341 -42 2 109 132
2342 -22 2 109 133
2343 126 2 109 149
2344 134 2 109 168
2345 -96 2 109 182
2346 30 2 109 194
2347 110 2 109 216
2348 -10 2 109 219
2349 196 2 109 229
2350 -168 2 109 232
2351 -94 2 109 235
2352 -50 2 109 240
2353 64 2 110 118
2354 -84 2 110 160
2355 -176 2 110 161
2356 -188 2 110 163
2357 -170 2 110 173
2358 62 2 110 174
2359 84 2 110 243
2360 -188 2 111 123
2361 72 2 111 125
2362 152 2 111 134
2363 -178 2 111 143
2364 160 2 111 154
2365 -144 2 111 156
2366 -8 2 111 173
2367 84 2 111 176
2368 124 2 111 185
2369 146 2 111 190
2370 -124 2 111 192
2371 -148 2 111 226
2372 -158 2 111 232
2373 178 2 111 234
2374 152 2 112 115
2375 156 2 112 123
2376 -66 2 112 125
2377 82 2 112 141
2378 186 2 112 147
2379 -18 2 112 170
2380 62 2 112 187
2381 -194 2 112 198
2382 46 2 112 199
2383 -70 2 112 204
2384 -54 2 112 210
2385 -96 2 112 222
2386 168 2 112 239
2387 -22 2 112 240
2388 -22 2 113 122
2389 118 2 113 128
2390 -38 2 113 134
2391 -186 2 113 142
2392 -10 2 113 149
2393 4 2 113 165
2394 56 2 113 179
2395 140 2 113 186
2396 -50 2 113 195
2397 -16 2 113 202
2398 -144 2 113 204
2399 -174 2 113 216
2400 -88 2 114 117
2401 134 2 114 127
2402 112 2 114 131
2403 84 2 114 137
2404 86 2 114 153
2405 112 2 114 176
2406 172 2 114 178
2407 -98 2 114 179
2408 -160 2 114 190
2409 -62 2 114 197
2410 44 2 114 211
2411 164 2 114 228
2412 -14 2 114 232
2413 90 2 114 246
2414 -136 2 115 138
2415 -160 2 115 154
2416 -98 2 115 160
2417 -8 2 115 163
2418 70 2 115 182
2419 -186 2 115 201
2420 -138 2 115 216
2421 -66 2 115 228
2422 146 2 115 239
2423 70 2 115 243
2424 -42 2 115 247
2425 -188 2 116 117
2426 -192 2 116 119
2427 60 2 116 123
2428 138 2 116 153
2429 82 2 116 155
2430 96 2 116 157
2431 -154 2 116 161
2432 152 2 116 173
2433 -198 2 116 184
2434 88 2 116 193
2435 12 2 116 201
2436 94 2 116 213
2437 -194 2 116 216
2438 54 2 116 244
2439 184 2 117 122
2440 -90 2 117 136
2441 2 2 117 140
2442 70 2 117 143
2443 44 2 117 161
2444 114 2 117 163
2445 -176 2 117 175
2446 110 2 117 184
2447 -38 2 117 193
2448 196 2 117 211
2449 80 2 117 215
2450 150 2 117 225
2451 198 2 117 245
2452 24 2 117 246
2453 -134 2 118 122
2454 34 2 118 123
2455 114 2 118 131
2456 -104 2 118 139
2457 148 2 118 144
2458 -114 2 118 158
2459 44 2 118 190
2460 32 2 118 196
2461 -48 2 118 203
2462 70 2 118 205
2463 158 2 118 229
2464 -78 2 118 230
2465 24 2 118 239
2466 -28 2 118 246
2467 12 2 119 121
2468 24 2 119 141
2469 -104 2 119 142
2470 -134 2 119 161
2471 -184 2 119 164
2472 86 2 119 167
2473 26 2 119 180
2474 -114 2 119 185
2475 100 2 119 218
2476 -134 2 119 235
2477 134 2 119 237
2478 -110 2 119 241
2479 186 2 119 249
2480 32 2 120 124
2481 -22 2 120 133
2482 -130 2 120 136
2483 52 2 120 142
2484 -122 2 120 153
2485 176 2 120 156
2486 -74 2 120 166
2487 -50 2 120 186
2488 -184 2 120 187
2489 -92 2 120 191
2490 -182 2 120 204
2491 30 2 120 216
2492 6 2 121 123
2493 -188 2 121 125
2494 -82 2 121 126
2495 154 2 121 127
2496 8 2 121 131
2497 94 2 121 141
2498 -180 2 121 149
2499 70 2 121 150
2500 -126 2 121 153
2501 -72 2 121 169
2502 -20 2 121 176
2503 -52 2 121 177
2504 54 2 121 187
2505 100 2 121 189
2506 -96 2 121 209
2507 130 2 121 213
2508 140 2 121 217
2509 62 2 121 218
2510 -26 2 121 222
2511 -50 2 121 238
2512 80 2 122 123
2513 -24 2 122 130
2514 198 2 122 190
2515 116 2 122 211
2516 -92 2 122 221
2517 184 2 122 224
2518 194 2 122 228
2519 144 2 122 250
2520 194 2 123 129
2521 -138 2 123 135
2522 -30 2 123 145
2523 -38 2 123 169
2524 20 2 123 176
2525 -176 2 123 180
2526 -156 2 123 187
2527 -134 2 123 189
2528 56 2 123 195
2529 70 2 123 217
2530 -50 2 123 225
2531 -18 2 123 227
2532 132 2 123 242
2533 8 2 123 244
2534 54 2 123 247
2535 -90 2 124 125
2536 82 2 124 134
2537 172 2 124 135
2538 -182 2 124 139
2539 -106 2 124 141
2540 -62 2 124 145
2541 194 2 124 149
2542 -116 2 124 176
2543 172 2 124 216
2544 114 2 124 227
2545 8 2 124 229
2546 68 2 125 135
2547 -32 2 125 142
2548 8 2 125 146
2549 50 2 125 158
2550 -56 2 125 164
2551 -182 2 125 188
2552 112 2 125 199
2553 56 2 125 218
2554 172 2 125 220
2555 -88 2 125 235
2556 -152 2 125 237
2557 112 2 126 132
2558 -176 2 126 134
2559 48 2 126 155
2560 164 2 126 156
2561 -152 2 126 164
2562 180 2 126 209
2563 114 2 126 212
2564 200 2 126 226
2565 -34 2 126 238
2566 20 2 126 244
2567 -24 2 127 142
2568 70 2 127 147
2569 88 2 127 158
2570 172 2 127 162
2571 6 2 127 218
2572 72 2 127 219
2573 -194 2 127 220
2574 4 2 127 227
2575 -4 2 127 232
2576 54 2 127 238
2577 -76 2 127 243
2578 -34 2 128 158
2579 26 2 128 184
2580 -40 2 128 200
2581 -40 2 128 206
2582 -176 2 128 207
2583 -158 2 128 218
2584 -148 2 128 220
2585 -28 2 128 227
2586 -116 2 128 235
2587 -166 2 128 237
2588 -104 2 128 246
2589 188 2 129 131
2590 128 2 129 132
2591 136 2 129 138
2592 -32 2 129 143
2593 124 2 129 146
2594 -196 2 129 161
2595 98 2 129 179
2596 68 2 129 192
2597 -90 2 129 198
2598 -194 2 129 200
2599 168 2 129 202
2600 114 2 129 204
2601 164 2 129 214
2602 114 2 129 215
2603 -32 2 129 222
2604 -152 2 129 224
2605 -106 2 129 235
2606 116 2 129 242
2607 94 2 130 141
2608 154 2 130 146
2609 196 2 130 147
2610 154 2 130 152
2611 50 2 130 160
2612 174 2 130 164
2613 104 2 130 181
2614 106 2 130 188
2615 -172 2 130 194
2616 160 2 130 206
2617 24 2 130 220
2618 -18 2 130 225
2619 138 2 130 227
2620 -180 2 130 238
2621 -174 2 130 244
2622 14 2 131 137
2623 190 2 131 151
2624 -100 2 131 153
2625 -82 2 131 161
2626 -150 2 131 166
2627 -172 2 131 175
2628 34 2 131 185
2629 -174 2 131 190
2630 -26 2 131 195
2631 -8 2 131 209
2632 -190 2 131 212
2633 48 2 131 214
2634 -26 2 131 233
2635 -12 2 131 239
2636 -184 2 131 243
2637 -64 2 131 249
2638 38 2 132 147
2639 40 2 132 164
2640 -176 2 132 168
2641 -32 2 132 189
2642 -64 2 132 195
2643 -56 2 132 208
2644 130 2 132 210
2645 -172 2 132 221
2646 32 2 132 229
2647 124 2 132 230
2648 -120 2 132 231
2649 -90 2 132 250
2650 -120 2 133 139
2651 126 2 133 152
2652 78 2 133 180
2653 -104 2 133 183
2654 106 2 133 188
2655 -28 2 133 232
2656 200 2 133 233
2657 6 2 134 135
2658 -134 2 134 144
2659 116 2 134 150
2660 200 2 134 156
2661 126 2 134 160
2662 88 2 134 165
2663 106 2 134 168
2664 112 2 134 169
2665 62 2 134 173
2666 192 2 134 187
2667 190 2 134 188
2668 62 2 134 190
2669 64 2 134 195
2670 -126 2 134 196
2671 -190 2 134 201
2672 -148 2 134 222
2673 122 2 135 156
2674 -172 2 135 199
2675 -34 2 135 204
2676 20 2 135 216
2677 -28 2 135 222
2678 46 2 135 235
2679 -2 2 135 247
2680 -108 2 135 249
2681 160 2 135 250
2682 -16 2 136 138
2683 -88 2 136 151
2684 -136 2 136 155
2685 -158 2 136 159
2686 128 2 136 174
2687 -4 2 136 200
2688 -6 2 136 202
2689 80 2 136 204
2690 110 2 136 222
2691 -36 2 136 239
2692 -20 2 137 151
2693 -84 2 137 174
2694 -124 2 137 185
2695 -94 2 137 186
2696 -166 2 137 203
2697 28 2 137 218
2698 -36 2 137 220
2699 90 2 137 248
2700 54 2 137 249
2701 -54 2 138 155
2702 146 2 138 162
2703 10 2 138 163
2704 -192 2 138 171
2705 182 2 138 172
2706 36 2 138 201
2707 84 2 138 208
2708 32 2 138 246
2709 180 2 139 158
2710 134 2 139 172
2711 -140 2 139 196
2712 -130 2 139 204
2713 -52 2 139 210
2714 68 2 139 239
2715 -104 2 140 158
2716 -56 2 140 160
2717 -58 2 140 178
2718 64 2 140 186
2719 -22 2 140 197
2720 -196 2 140 204
2721 -196 2 140 214
2722 -6 2 140 221
2723 64 2 140 230
2724 -182 2 140 239
2725 -152 2 140 243
2726 -192 2 140 245
2727 10 2 141 173
2728 -98 2 141 236
2729 -90 2 141 238
2730 -20 2 141 241
2731 -192 2 141 245
2732 4 2 142 143
2733 184 2 142 148
2734 174 2 142 150
2735 44 2 142 151
2736 84 2 142 168
2737 -164 2 142 187
2738 152 2 142 192
2739 -42 2 142 200
2740 -64 2 142 206
2741 46 2 142 208
2742 -36 2 142 222
2743 -122 2 142 233
2744 -196 2 142 234
2745 -24 2 143 148
2746 -154 2 143 153
2747 138 2 143 158
2748 -10 2 143 162
2749 10 2 143 177
2750 106 2 143 196
2751 92 2 143 198
2752 96 2 143 200
2753 54 2 143 227
2754 -168 2 143 237
2755 -30 2 144 167
2756 -146 2 144 174
2757 -84 2 144 175
2758 34 2 144 187
2759 110 2 144 188
2760 -140 2 144 226
2761 130 2 144 227
2762 46 2 145 154
2763 -48 2 145 164
2764 14 2 145 168
2765 -198 2 145 172
2766 -120 2 145 186
2767 -74 2 145 195
2768 -34 2 145 196
2769 42 2 145 217
2770 136 2 145 231
2771 2 2 146 151
2772 60 2 146 174
2773 -10 2 146 188
2774 -80 2 146 196
2775 -36 2 146 201
2776 -34 2 146 212
2777 -100 2 146 215
2778 -46 2 146 235
2779 -76 2 146 238
2780 -10 2 146 239
2781 -180 2 146 242
2782 190 2 146 243
2783 -172 2 146 248
2784 -82 2 147 152
2785 -112 2 147 161
2786 -138 2 147 185
2787 192 2 147 189
2788 38 2 147 194
2789 144 2 147 245
2790 132 2 148 152
2791 48 2 148 155
2792 -124 2 148 188
2793 86 2 148 194
2794 190 2 148 198
2795 80 2 148 223
2796 -166 2 148 226
2797 -182 2 148 230
2798 -156 2 148 238
2799 -26 2 148 242
2800 16 2 148 248
2801 -166 2 149 158
2802 -104 2 149 162
2803 -174 2 149 170
2804 -100 2 149 182
2805 -186 2 149 183
2806 -114 2 149 187
2807 -158 2 149 191
2808 36 2 149 198
2809 100 2 149 212
2810 -36 2 149 219
2811 196 2 150 163
2812 -18 2 150 166
2813 58 2 150 172
2814 28 2 150 195
2815 72 2 150 198
2816 68 2 150 203
2817 -176 2 150 219
2818 134 2 150 225
2819 -166 2 150 248
2820 64 2 151 158
2821 -96 2 151 160
2822 124 2 151 174
2823 78 2 151 181
2824 104 2 151 190
2825 14 2 151 199
2826 -6 2 151 202
2827 88 2 151 206
2828 70 2 151 224
2829 64 2 151 247
2830 -194 2 152 153
2831 -16 2 152 168
2832 -142 2 152 182
2833 -196 2 152 203
2834 98 2 152 206
2835 -196 2 152 225
2836 -106 2 152 233
2837 -26 2 152 236
2838 -56 2 152 246
2839 -174 2 152 249
2840 184 2 153 160
2841 -172 2 153 174
2842 90 2 153 184
2843 24 2 153 235
2844 -26 2 153 244
2845 -162 2 153 247
2846 -62 2 153 248
2847 -12 2 154 166
2848 -114 2 154 174
2849 -80 2 154 183
2850 -70 2 154 191
2851 -98 2 154 193
2852 198 2 154 212
2853 64 2 154 242
2854 -84 2 154 245
2855 166 2 155 171
2856 38 2 155 179
2857 -68 2 155 180
2858 -164 2 155 195
2859 126 2 155 199
2860 136 2 155 202
2861 -86 2 155 209
2862 2 2 155 238
2863 -92 2 156 158
2864 -118 2 156 169
2865 -28 2 156 185
2866 104 2 156 188
2867 36 2 156 189
2868 -98 2 156 227
2869 80 2 156 237
2870 -24 2 156 244
2871 14 2 157 179
2872 96 2 157 180
2873 -152 2 157 229
2874 56 2 158 160
2875 130 2 158 164
2876 22 2 158 165
2877 -136 2 158 173
2878 -8 2 158 176
2879 -104 2 158 187
2880 76 2 158 205
2881 40 2 158 226
2882 180 2 158 231
2883 -70 2 158 232
2884 -64 2 158 247
2885 -148 2 159 180
2886 34 2 159 185
2887 -12 2 159 196
2888 -98 2 159 201
2889 -142 2 159 202
2890 -194 2 159 210
2891 -102 2 159 224
2892 -124 2 159 225
2893 96 2 159 249
2894 6 2 159 250
2895 -44 2 160 164
2896 120 2 160 165
2897 -6 2 160 179
2898 92 2 160 190
2899 158 2 160 196
2900 -10 2 160 199
2901 32 2 160 217
2902 -154 2 160 218
2903 184 2 160 224
2904 -30 2 160 226
2905 -24 2 160 244
2906 -84 2 161 162
2907 -8 2 161 178
2908 -104 2 161 181
2909 136 2 161 203
2910 -20 2 161 220
2911 172 2 161 231
2912 140 2 161 241
2913 144 2 161 245
2914 4 2 162 173
2915 96 2 162 181
2916 -22 2 162 182
2917 166 2 162 193
2918 124 2 162 196
2919 -132 2 162 212
2920 108 2 162 222
2921 8 2 162 246
2922 196 2 163 172
2923 -72 2 163 176
2924 134 2 163 178
2925 -160 2 163 184
2926 -104 2 163 185
2927 -132 2 163 194
2928 4 2 163 197
2929 158 2 163 198
2930 84 2 163 201
2931 -34 2 163 220
2932 -94 2 163 246
2933 108 2 163 248
2934 -126 2 163 250
2935 -22 2 164 167
2936 -118 2 164 171
2937 148 2 164 183
2938 -110 2 164 190
2939 152 2 164 217
2940 -16 2 164 225
2941 22 2 164 226
2942 -166 2 164 231
2943 124 2 164 234
2944 12 2 164 242
2945 -100 2 165 195
2946 -28 2 165 208
2947 174 2 165 211
2948 -78 2 165 223
2949 200 2 165 224
2950 -64 2 165 231
2951 -118 2 165 235
2952 -170 2 165 244
2953 96 2 166 167
2954 -128 2 166 174
2955 148 2 166 188
2956 -148 2 166 190
2957 12 2 166 191
2958 -196 2 166 203
2959 142 2 166 208
2960 190 2 166 210
2961 -18 2 166 229
2962 -12 2 166 232
2963 150 2 166 234
2964 190 2 166 239
2965 174 2 166 249
2966 -130 2 167 183
2967 -198 2 167 194
2968 166 2 167 211
2969 72 2 167 216
2970 -68 2 167 220
2971 -106 2 167 231
2972 -68 2 167 239
2973 -130 2 168 172
2974 144 2 168 184
2975 -144 2 168 187
2976 102 2 168 190
2977 -194 2 168 202
2978 -46 2 168 209
2979 -48 2 168 240
2980 -100 2 168 243
2981 72 2 169 185
2982 150 2 169 207
2983 -56 2 169 209
2984 -58 2 169 210
2985 -172 2 169 217
2986 -26 2 169 230
2987 192 2 169 237
2988 20 2 169 244
2989 -130 2 170 178
2990 -130 2 170 200
2991 182 2 170 212
2992 -132 2 170 246
2993 10 2 171 182
2994 -112 2 171 189
2995 -178 2 171 195
2996 76 2 171 198
2997 118 2 171 212
2998 164 2 171 214
2999 38 2 171 222
3000 146 2 171 242
3001 -190 2 172 178
3002 24 2 172 183
3003 -40 2 172 187
3004 -190 2 172 205
3005 -176 2 172 220
3006 6 2 172 228
3007 -198 2 172 235
3008 -12 2 173 191
3009 -124 2 173 193
3010 -160 2 173 203
3011 122 2 173 214
3012 -160 2 173 217
3013 -14 2 173 218
3014 -92 2 173 219
3015 -188 2 173 231
3016 -128 2 174 177
3017 -184 2 174 186
3018 112 2 174 188
3019 114 2 174 197
3020 -8 2 174 212
3021 -8 2 174 240
3022 -168 2 174 242
3023 -188 2 174 247
3024 90 2 175 177
3025 -96 2 175 186
3026 -172 2 175 187
3027 170 2 175 199
3028 -136 2 175 207
3029 -4 2 175 224
3030 -138 2 175 229
3031 104 2 176 180
3032 -12 2 176 184
3033 168 2 176 202
3034 -122 2 176 203
3035 -64 2 176 205
3036 196 2 176 212
3037 28 2 176 218
3038 60 2 176 224
3039 142 2 176 228
3040 -26 2 176 234
3041 114 2 176 244
3042 -118 2 177 185
3043 -124 2 177 192
3044 -38 2 177 197
3045 -136 2 177 205
3046 -112 2 177 216
3047 -76 2 177 223
3048 -108 2 177 230
3049 -140 2 177 236
3050 58 2 177 242
3051 -154 2 178 192
3052 -188 2 178 201
3053 -186 2 178 213
3054 -68 2 178 225
3055 190 2 178 230
3056 76 2 178 236
3057 156 2 178 237
3058 -122 2 178 245
3059 -48 2 179 197
3060 -180 2 179 230
3061 36 2 179 231
3062 -60 2 180 185
3063 176 2 180 192
3064 -156 2 180 195
3065 54 2 180 214
3066 -164 2 180 225
3067 122 2 180 243
3068 170 2 180 246
3069 -160 2 181 187
3070 74 2 181 204
3071 -96 2 181 222
3072 -56 2 181 241
3073 58 2 182 187
3074 -92 2 182 202
3075 180 2 182 205
3076 80 2 182 206
3077 58 2 182 207
3078 -84 2 182 214
3079 188 2 182 221
3080 118 2 182 230
3081 180 2 182 243
3082 -72 2 183 186
3083 128 2 183 191
3084 128 2 183 200
3085 80 2 183 203
3086 38 2 183 208
3087 174 2 183 210
3088 44 2 183 244
3089 -8 2 183 250
3090 74 2 184 185
3091 50 2 184 215
3092 148 2 184 218
3093 -164 2 184 227
3094 96 2 185 207
3095 182 2 185 214
3096 -72 2 185 220
3097 -12 2 185 249
3098 -28 2 186 191
3099 196 2 186 199
3100 -94 2 186 214
3101 138 2 186 225
3102 -140 2 186 235
3103 40 2 186 237
3104 172 2 186 246
3105 34 2 187 198
3106 -136 2 187 206
3107 134 2 187 223
3108 172 2 187 226
3109 -172 2 187 250
3110 24 2 188 190
3111 30 2 188 197
3112 48 2 188 215
3113 -6 2 188 224
3114 52 2 188 241
3115 152 2 188 246
3116 -108 2 189 190
3117 180 2 189 200
3118 -30 2 189 201
3119 94 2 189 215
3120 172 2 189 219
3121 -136 2 189 234
3122 -56 2 189 238
3123 136 2 189 249
3124 32 2 190 195
3125 166 2 190 216
3126 166 2 190 226
3127 6 2 190 244
3128 -104 2 191 192
3129 -128 2 191 195
3130 110 2 191 202
3131 -62 2 191 204
3132 152 2 191 208
3133 -142 2 191 224
3134 150 2 191 225
3135 -6 2 191 227
3136 68 2 191 231
3137 30 2 191 238
3138 -140 2 191 250
3139 28 2 192 212
3140 -88 2 192 214
3141 144 2 192 216
3142 -184 2 192 219
3143 168 2 192 229
3144 -58 2 192 232
3145 -100 2 192 241
3146 -22 2 193 197
3147 34 2 193 200
3148 -98 2 193 209
3149 -46 2 193 222
3150 -172 2 193 240
3151 64 2 194 204
3152 -14 2 194 228
3153 122 2 194 231
3154 134 2 194 241
3155 -108 2 195 198
3156 -46 2 195 207
3157 -128 2 195 245
3158 148 2 196 203
3159 10 2 196 220
3160 -190 2 196 246
3161 18 2 197 203
3162 40 2 197 216
3163 128 2 197 220
3164 -188 2 197 225
3165 168 2 197 226
3166 184 2 197 238
3167 -176 2 198 235
3168 144 2 199 200
3169 38 2 199 201
3170 -98 2 199 216
3171 68 2 199 224
3172 62 2 199 233
3173 50 2 199 250
3174 -194 2 200 206
3175 -174 2 200 214
3176 18 2 200 229
3177 30 2 200 238
3178 122 2 201 221
3179 136 2 201 226
3180 -6 2 201 240
3181 130 2 201 248
3182 60 2 202 223
3183 -62 2 203 209
3184 88 2 203 212
3185 -190 2 203 223
3186 -116 2 203 236
3187 78 2 204 206
3188 -194 2 204 231
3189 40 2 204 237
3190 134 2 204 243
3191 -84 2 205 207
3192 142 2 205 214
3193 148 2 205 218
3194 100 2 205 228
3195 -98 2 205 248
3196 -70 2 205 250
3197 -176 2 206 208
3198 -180 2 206 216
3199 -50 2 206 223
3200 46 2 206 233
3201 -78 2 206 246
3202 30 2 206 250
3203 -66 2 207 208
3204 78 2 207 227
3205 -112 2 208 210
3206 -114 2 208 222
3207 162 2 208 223
3208 20 2 208 230
3209 -176 2 208 231
3210 -180 2 208 235
3211 66 2 208 239
3212 -138 2 208 241
3213 -184 2 208 248
3214 -68 2 209 210
3215 -2 2 209 226
3216 -166 2 209 244
3217 -52 2 210 220
3218 -72 2 210 223
3219 -30 2 210 229
3220 188 2 210 239
3221 2 2 210 248
3222 196 2 210 250
3223 -78 2 211 214
3224 148 2 211 219
3225 86 2 211 222
3226 180 2 211 225
3227 -78 2 211 226
3228 114 2 211 229
3229 96 2 211 236
3230 -12 2 211 243
3231 -56 2 212 223
3232 -152 2 212 225
3233 -86 2 212 231
3234 52 2 212 235
3235 -106 2 212 248
3236 106 2 213 246
3237 178 2 214 239
3238 -116 2 214 247
3239 194 2 215 223
3240 78 2 215 230
3241 -196 2 216 217
3242 100 2 216 220
3243 188 2 216 244
3244 108 2 216 245
3245 -36 2 216 247
3246 -96 2 217 221
3247 -172 2 217 224
3248 -114 2 217 226
3249 -14 2 217 229
3250 22 2 217 232
3251 96 2 217 249
3252 -78 2 218 233
3253 -76 2 218 236
3254 -32 2 218 245
3255 36 2 218 247
3256 84 2 219 227
3257 90 2 221 222
3258 -64 2 221 224
3259 172 2 221 237
3260 -44 2 222 232
3261 -142 2 222 236
3262 110 2 223 225
3263 160 2 223 229
3264 -116 2 223 232
3265 118 2 223 242
3266 -122 2 224 247
3267 -136 2 224 249
3268 -160 2 225 231
3269 74 2 225 248
3270 -48 2 226 231
3271 -10 2 226 233
3272 -132 2 226 236
3273 -136 2 227 235
3274 90 2 227 236
3275 182 2 229 240
3276 -86 2 230 245
3277 -146 2 231 244
3278 -186 2 232 236
3279 92 2 232 250
3280 -6 2 234 249
3281 166 2 235 237
3282 -140 2 235 241
3283 82 2 236 240
3284 -140 2 236 242
3285 154 2 236 250
3286 146 2 237 242
3287 -150 2 238 241
3288 118 2 238 250
3289 136 2 239 243
3290 116 2 240 246
3291 -138 2 240 250
3292 -20 2 241 246
3293 -174 2 243 248
3294 -132 2 244 250
