250 3433 0
0
1 84 1 1
2 286 1 2
3 -372 1 3
4 -118 1 4
5 136 1 5
6 54 1 6
7 -200 1 7
8 43 1 8
9 226 1 9
10 124 1 10
11 -417 1 11
12 448 1 12
13 -331 1 13
14 134 1 14
15 -358 1 15
16 22 1 16
17 603 1 17
18 -460 1 18
19 -554 1 19
20 -249 1 20
21 73 1 21
22 577 1 22
23 -291 1 23
24 194 1 24
25 145 1 25
26 188 1 26
27 280 1 27
28 377 1 28
29 112 1 29
30 -356 1 30
31 -8 1 31
32 88 1 32
33 801 1 33
34 -6 1 34
35 307 1 35
36 320 1 36
37 -218 1 37
38 -286 1 38
39 -27 1 39
40 -213 1 40
41 -100 1 41
42 28 1 42
43 24 1 43
44 -46 1 44
45 -254 1 45
46 -280 1 46
47 23 1 47
48 -45 1 48
49 461 1 49
50 -305 1 50
51 -190 1 51
52 91 1 52
53 -11 1 53
54 99 1 54
55 -661 1 55
56 171 1 56
57 205 1 57
58 -70 1 58
59 94 1 59
60 17 1 60
61 -109 1 61
62 440 1 62
63 135 1 63
64 341 1 64
65 94 1 65
66 266 1 66
67 -161 1 67
68 50 1 68
69 259 1 69
70 -185 1 70
71 178 1 71
72 456 1 72
73 -213 1 73
74 398 1 74
75 -116 1 75
76 -248 1 76
77 -339 1 77
78 -458 1 78
79 288 1 79
80 -788 1 80
81 -3 1 81
82 -9 1 82
83 272 1 83
84 100 1 84
85 -390 1 85
86 256 1 86
87 55 1 87
88 166 1 88
89 -207 1 89
90 -343 1 90
91 -320 1 91
92 343 1 92
93 -768 1 93
94 76 1 94
95 214 1 95
96 107 1 96
97 -11 1 97
98 534 1 98
99 356 1 99
100 273 1 100
101 164 1 101
102 204 1 102
103 41 1 103
104 49 1 104
105 -112 1 105
106 149 1 106
107 810 1 107
108 104 1 108
109 198 1 109
110 -128 1 110
111 -385 1 111
112 -155 1 112
113 -75 1 113
114 -250 1 114
115 63 1 115
116 60 1 116
117 95 1 117
118 182 1 118
119 184 1 119
120 -217 1 120
121 373 1 121
122 162 1 122
123 376 1 123
124 154 1 124
125 106 1 125
126 218 1 126
127 -42 1 127
128 -300 1 128
129 223 1 129
130 13 1 130
131 401 1 131
132 156 1 132
133 -113 1 133
134 -204 1 134
135 -307 1 135
136 134 1 136
137 -421 1 137
138 47 1 138
139 210 1 139
140 -207 1 140
141 -208 1 141
142 238 1 142
143 194 1 143
144 244 1 144
145 -415 1 145
146 281 1 146
147 -442 1 147
148 183 1 148
149 335 1 149
150 -87 1 150
151 -231 1 151
152 -129 1 152
153 -276 1 153
154 276 1 154
155 -281 1 155
156 529 1 156
157 69 1 157
158 -301 1 158
159 -165 1 159
160 276 1 160
161 154 1 161
162 -181 1 162
163 -394 1 163
164 463 1 164
165 -267 1 165
166 107 1 166
167 115 1 167
168 -468 1 168
169 -501 1 169
170 -382 1 170
171 -816 1 171
172 -201 1 172
173 -263 1 173
174 -355 1 174
175 -144 1 175
176 -52 1 176
177 499 1 177
178 286 1 178
179 313 1 179
180 -277 1 180
181 239 1 181
182 -192 1 182
183 148 1 183
184 98 1 184
185 354 1 185
186 -287 1 186
187 -355 1 187
188 300 1 188
189 -63 1 189
190 248 1 190
191 292 1 191
192 107 1 192
193 -223 1 193
194 106 1 194
195 225 1 195
196 -169 1 196
197 466 1 197
198 52 1 198
199 226 1 199
200 -417 1 200
201 -242 1 201
202 117 1 202
203 207 1 203
204 -199 1 204
205 -265 1 205
206 174 1 206
207 -66 1 207
208 -203 1 208
209 66 1 209
210 595 1 210
211 19 1 211
212 277 1 212
213 695 1 213
214 5 1 214
215 -116 1 215
216 55 1 216
217 -18 1 217
218 175 1 218
219 -248 1 219
220 453 1 220
221 -25 1 221
222 -116 1 222
223 -491 1 223
224 45 1 224
225 68 1 225
226 -525 1 226
227 -523 1 227
228 -301 1 228
229 107 1 229
230 334 1 230
231 73 1 231
232 -124 1 232
233 -50 1 233
234 110 1 234
235 -27 1 235
236 79 1 236
237 -28 1 237
238 -106 1 238
239 -191 1 239
240 157 1 240
241 300 1 241
242 -116 1 242
243 390 1 243
244 30 1 244
245 448 1 245
246 14 1 246
247 228 1 247
248 -15 1 248
249 -315 1 249
250 -232 1 250
251 152 2 1 9
252 -102 2 1 26
253 -12 2 1 28
254 -100 2 1 33
255 -12 2 1 38
256 70 2 1 53
257 -54 2 1 56
258 124 2 1 75
259 -156 2 1 98
260 26 2 1 100
261 -152 2 1 103
262 -112 2 1 107
263 86 2 1 125
264 -184 2 1 142
265 -140 2 1 154
266 -86 2 1 173
267 156 2 1 196
268 38 2 1 204
269 96 2 1 207
270 132 2 1 220
271 -58 2 1 225
272 -144 2 1 227
273 180 2 1 232
274 162 2 1 234
275 -130 2 1 235
276 52 2 1 236
277 146 2 2 4
278 -112 2 2 26
279 62 2 2 31
280 -156 2 2 33
281 -110 2 2 48
282 -188 2 2 50
283 -104 2 2 57
284 90 2 2 74
285 168 2 2 92
286 -60 2 2 100
287 -108 2 2 106
288 -194 2 2 111
289 -146 2 2 119
290 136 2 2 135
291 102 2 2 145
292 -176 2 2 154
293 108 2 2 159
294 -48 2 2 173
295 -20 2 2 175
296 100 2 2 178
297 -152 2 2 183
298 150 2 2 190
299 -48 2 2 191
300 -194 2 2 198
301 164 2 2 209
302 -100 2 2 215
303 -12 2 2 218
304 94 2 2 238
305 140 2 2 243
306 -104 2 2 247
307 -16 2 3 5
308 64 2 3 7
309 -44 2 3 20
310 86 2 3 21
311 200 2 3 24
312 64 2 3 35
313 -156 2 3 44
314 44 2 3 58
315 104 2 3 59
316 134 2 3 61
317 136 2 3 62
318 -62 2 3 66
319 -76 2 3 72
320 174 2 3 78
321 58 2 3 85
322 -126 2 3 86
323 40 2 3 89
324 188 2 3 108
325 -126 2 3 112
326 -110 2 3 118
327 112 2 3 151
328 174 2 3 152
329 62 2 3 161
330 22 2 3 173
331 -164 2 3 176
332 88 2 3 179
333 88 2 3 214
334 4 2 3 226
335 -30 2 3 232
336 64 2 3 234
337 -124 2 3 235
338 -128 2 3 244
339 146 2 4 38
340 -104 2 4 41
341 156 2 4 62
342 -94 2 4 63
343 18 2 4 69
344 -26 2 4 70
345 176 2 4 80
346 -86 2 4 92
347 134 2 4 93
348 -88 2 4 110
349 8 2 4 114
350 -188 2 4 129
351 20 2 4 131
352 -84 2 4 135
353 -68 2 4 137
354 84 2 4 144
355 -48 2 4 153
356 182 2 4 157
357 174 2 4 159
358 -164 2 4 173
359 -64 2 4 178
360 -112 2 4 193
361 -162 2 4 210
362 -6 2 4 214
363 62 2 4 217
364 -14 2 4 230
365 60 2 4 234
366 200 2 4 238
367 86 2 4 240
368 -116 2 4 241
369 8 2 4 248
370 114 2 5 24
371 176 2 5 38
372 -40 2 5 45
373 172 2 5 74
374 84 2 5 76
375 -64 2 5 78
376 -86 2 5 94
377 -164 2 5 95
378 -194 2 5 108
379 -192 2 5 137
380 100 2 5 141
381 -64 2 5 147
382 22 2 5 159
383 -84 2 5 167
384 -132 2 5 183
385 120 2 5 184
386 110 2 5 195
387 170 2 5 200
388 -118 2 5 221
389 -88 2 5 226
390 -58 2 5 228
391 -40 2 5 240
392 56 2 6 17
393 -144 2 6 29
394 170 2 6 37
395 -60 2 6 47
396 -54 2 6 51
397 -52 2 6 65
398 168 2 6 94
399 162 2 6 108
400 -78 2 6 118
401 -112 2 6 139
402 106 2 6 145
403 -50 2 6 148
404 -82 2 6 182
405 56 2 6 207
406 -194 2 6 211
407 -76 2 6 214
408 76 2 6 234
409 164 2 7 13
410 8 2 7 16
411 -136 2 7 21
412 -6 2 7 35
413 -198 2 7 49
414 56 2 7 53
415 70 2 7 54
416 90 2 7 69
417 178 2 7 78
418 32 2 7 79
419 -18 2 7 100
420 -148 2 7 118
421 154 2 7 122
422 128 2 7 133
423 8 2 7 137
424 44 2 7 145
425 170 2 7 147
426 164 2 7 163
427 126 2 7 167
428 -74 2 7 180
429 -140 2 7 181
430 76 2 7 183
431 -68 2 7 190
432 -88 2 7 191
433 -64 2 7 207
434 174 2 7 208
435 -156 2 7 218
436 134 2 7 221
437 -196 2 7 229
438 -48 2 7 233
439 -100 2 7 240
440 -158 2 8 121
441 -170 2 8 142
442 62 2 8 143
443 -28 2 8 149
444 108 2 8 176
445 -138 2 8 178
446 -118 2 8 181
447 16 2 8 191
448 162 2 8 199
449 -122 2 8 209
450 -48 2 8 212
451 -78 2 8 230
452 184 2 8 232
453 82 2 8 235
454 80 2 8 246
455 80 2 8 249
456 80 2 9 14
457 70 2 9 33
458 -180 2 9 35
459 -26 2 9 47
460 34 2 9 59
461 132 2 9 63
462 -76 2 9 64
463 58 2 9 65
464 -184 2 9 96
465 -136 2 9 97
466 -156 2 9 99
467 -10 2 9 111
468 -14 2 9 128
469 190 2 9 169
470 -128 2 9 171
471 -6 2 9 178
472 -106 2 9 191
473 -68 2 9 207
474 106 2 9 227
475 -52 2 9 244
476 -132 2 9 248
477 80 2 10 21
478 -158 2 10 22
479 -38 2 10 29
480 -142 2 10 62
481 6 2 10 78
482 20 2 10 87
483 72 2 10 98
484 -162 2 10 112
485 -110 2 10 125
486 -110 2 10 153
487 120 2 10 154
488 164 2 10 157
489 168 2 10 164
490 -80 2 10 172
491 -120 2 10 187
492 194 2 10 200
493 184 2 10 224
494 -124 2 10 230
495 -146 2 10 238
496 124 2 10 239
497 -190 2 10 248
498 -134 2 11 16
499 -34 2 11 26
500 -118 2 11 33
501 6 2 11 40
502 124 2 11 45
503 26 2 11 49
504 166 2 11 50
505 28 2 11 80
506 -72 2 11 84
507 164 2 11 88
508 -84 2 11 102
509 44 2 11 105
510 80 2 11 118
511 -132 2 11 140
512 82 2 11 146
513 -114 2 11 149
514 -48 2 11 150
515 116 2 11 168
516 124 2 11 187
517 182 2 11 193
518 134 2 11 199
519 186 2 11 200
520 112 2 11 208
521 34 2 11 220
522 14 2 11 232
523 -12 2 11 236
524 -152 2 11 237
525 112 2 11 250
526 -80 2 12 15
527 92 2 12 16
528 160 2 12 26
529 -154 2 12 67
530 98 2 12 78
531 -162 2 12 106
532 -198 2 12 107
533 -112 2 12 108
534 -170 2 12 128
535 70 2 12 132
536 -24 2 12 140
537 26 2 12 141
538 -80 2 12 156
539 28 2 12 158
540 176 2 12 165
541 -76 2 12 167
542 16 2 12 170
543 -156 2 12 177
544 -152 2 12 190
545 -114 2 12 193
546 -90 2 12 195
547 64 2 12 204
548 146 2 12 223
549 -186 2 12 234
550 -146 2 12 236
551 168 2 12 237
552 -40 2 12 240
553 -182 2 13 16
554 48 2 13 18
555 -68 2 13 32
556 176 2 13 41
557 110 2 13 52
558 48 2 13 60
559 -14 2 13 61
560 -10 2 13 74
561 -6 2 13 101
562 142 2 13 104
563 -64 2 13 106
564 26 2 13 109
565 -122 2 13 126
566 -182 2 13 149
567 8 2 13 152
568 172 2 13 183
569 44 2 13 199
570 -82 2 13 212
571 154 2 13 230
572 186 2 13 235
573 114 2 13 240
574 126 2 14 51
575 140 2 14 65
576 4 2 14 70
577 -78 2 14 85
578 -92 2 14 98
579 -52 2 14 112
580 -2 2 14 132
581 32 2 14 134
582 194 2 14 140
583 -124 2 14 154
584 -64 2 14 155
585 168 2 14 174
586 -196 2 14 178
587 -22 2 14 179
588 110 2 14 186
589 -96 2 14 191
590 84 2 14 194
591 -192 2 14 203
592 74 2 14 211
593 -196 2 14 225
594 -166 2 14 230
595 -134 2 15 17
596 -188 2 15 21
597 130 2 15 22
598 122 2 15 40
599 24 2 15 50
600 54 2 15 57
601 116 2 15 60
602 142 2 15 72
603 132 2 15 78
604 30 2 15 95
605 86 2 15 158
606 -56 2 15 160
607 -42 2 15 176
608 80 2 15 180
609 36 2 15 189
610 130 2 15 197
611 -14 2 15 199
612 152 2 15 205
613 96 2 15 209
614 48 2 15 215
615 -70 2 15 221
616 -78 2 15 245
617 96 2 16 26
618 46 2 16 29
619 2 2 16 38
620 148 2 16 39
621 -192 2 16 41
622 -2 2 16 58
623 78 2 16 68
624 -150 2 16 74
625 74 2 16 87
626 200 2 16 97
627 -32 2 16 114
628 -28 2 16 119
629 182 2 16 130
630 10 2 16 133
631 -32 2 16 141
632 -184 2 16 142
633 168 2 16 158
634 142 2 16 168
635 -84 2 16 172
636 -74 2 16 175
637 26 2 16 177
638 -62 2 16 184
639 72 2 16 186
640 -34 2 16 200
641 -12 2 16 206
642 -26 2 16 209
643 -172 2 16 210
644 -196 2 16 214
645 34 2 16 234
646 174 2 16 238
647 -122 2 17 34
648 -64 2 17 35
649 -108 2 17 37
650 -182 2 17 48
651 74 2 17 49
652 -36 2 17 52
653 106 2 17 78
654 -16 2 17 80
655 78 2 17 84
656 -140 2 17 86
657 -170 2 17 95
658 82 2 17 100
659 -172 2 17 103
660 -164 2 17 106
661 -48 2 17 123
662 42 2 17 128
663 -180 2 17 130
664 60 2 17 161
665 48 2 17 176
666 -44 2 17 185
667 54 2 17 193
668 22 2 17 201
669 -38 2 17 207
670 -150 2 17 209
671 -192 2 17 210
672 -44 2 17 212
673 -52 2 17 229
674 94 2 17 230
675 26 2 17 241
676 14 2 17 245
677 94 2 17 249
678 66 2 18 19
679 -152 2 18 32
680 38 2 18 59
681 -120 2 18 68
682 126 2 18 80
683 154 2 18 82
684 56 2 18 107
685 -120 2 18 113
686 70 2 18 117
687 104 2 18 133
688 56 2 18 142
689 112 2 18 147
690 -96 2 18 167
691 138 2 18 173
692 192 2 18 176
693 190 2 18 178
694 -58 2 18 187
695 76 2 18 196
696 -36 2 18 203
697 -70 2 18 204
698 -112 2 18 216
699 90 2 18 222
700 168 2 18 239
701 152 2 19 34
702 6 2 19 39
703 190 2 19 48
704 120 2 19 55
705 74 2 19 56
706 146 2 19 61
707 134 2 19 63
708 -38 2 19 99
709 -170 2 19 101
710 14 2 19 103
711 34 2 19 124
712 -40 2 19 144
713 -62 2 19 145
714 108 2 19 146
715 -42 2 19 147
716 78 2 19 152
717 52 2 19 158
718 -106 2 19 159
719 196 2 19 182
720 -50 2 19 186
721 114 2 19 199
722 146 2 19 220
723 -128 2 19 236
724 108 2 19 243
725 6 2 19 245
726 -144 2 20 32
727 66 2 20 38
728 -70 2 20 50
729 150 2 20 78
730 -2 2 20 87
731 90 2 20 91
732 180 2 20 94
733 -32 2 20 104
734 -120 2 20 107
735 110 2 20 114
736 38 2 20 128
737 90 2 20 129
738 -88 2 20 143
739 120 2 20 151
740 -94 2 20 154
741 -34 2 20 165
742 162 2 20 172
743 68 2 20 174
744 -154 2 20 178
745 -144 2 20 183
746 178 2 20 205
747 154 2 20 214
748 -146 2 20 217
749 30 2 20 242
750 134 2 20 250
751 -80 2 21 22
752 134 2 21 39
753 54 2 21 41
754 -148 2 21 53
755 92 2 21 59
756 52 2 21 86
757 -70 2 21 97
758 42 2 21 101
759 156 2 21 120
760 -98 2 21 122
761 112 2 21 153
762 -46 2 21 155
763 48 2 21 166
764 -104 2 21 167
765 126 2 21 171
766 62 2 21 203
767 -36 2 21 212
768 -128 2 21 213
769 40 2 21 217
770 -186 2 21 225
771 58 2 21 226
772 66 2 21 237
773 -134 2 21 250
774 -108 2 22 64
775 -126 2 22 65
776 74 2 22 72
777 -124 2 22 73
778 -88 2 22 78
779 -84 2 22 79
780 88 2 22 80
781 -54 2 22 83
782 -60 2 22 91
783 -52 2 22 93
784 -32 2 22 94
785 2 2 22 113
786 -38 2 22 130
787 -86 2 22 135
788 -122 2 22 148
789 48 2 22 151
790 -28 2 22 152
791 -42 2 22 167
792 8 2 22 224
793 -32 2 22 228
794 -190 2 22 233
795 28 2 23 27
796 -124 2 23 31
797 56 2 23 36
798 44 2 23 43
799 -194 2 23 71
800 -110 2 23 74
801 114 2 23 82
802 124 2 23 93
803 -192 2 23 99
804 74 2 23 115
805 106 2 23 118
806 60 2 23 123
807 -10 2 23 125
808 8 2 23 127
809 68 2 23 135
810 90 2 23 137
811 198 2 23 142
812 68 2 23 147
813 106 2 23 150
814 108 2 23 165
815 -92 2 23 168
816 116 2 23 169
817 76 2 23 198
818 -116 2 23 199
819 142 2 23 200
820 26 2 23 219
821 -150 2 23 224
822 -42 2 23 225
823 92 2 24 25
824 172 2 24 32
825 -104 2 24 57
826 -112 2 24 81
827 -50 2 24 113
828 156 2 24 114
829 -56 2 24 123
830 -104 2 24 126
831 -136 2 24 128
832 -58 2 24 129
833 54 2 24 164
834 -6 2 24 176
835 -164 2 24 182
836 -76 2 24 186
837 8 2 24 205
838 -192 2 24 215
839 26 2 24 229
840 -92 2 24 234
841 32 2 24 237
842 -138 2 24 239
843 46 2 24 247
844 -198 2 25 28
845 -92 2 25 63
846 -184 2 25 67
847 182 2 25 111
848 54 2 25 122
849 -128 2 25 128
850 -50 2 25 140
851 -194 2 25 146
852 174 2 25 153
853 186 2 25 181
854 90 2 25 195
855 -36 2 25 198
856 -126 2 25 199
857 -90 2 25 201
858 116 2 25 211
859 -104 2 25 236
860 -106 2 25 239
861 124 2 25 245
862 -104 2 26 35
863 -18 2 26 45
864 -62 2 26 46
865 -64 2 26 51
866 -144 2 26 66
867 -46 2 26 69
868 -70 2 26 70
869 -38 2 26 73
870 -194 2 26 86
871 110 2 26 114
872 -152 2 26 136
873 46 2 26 160
874 134 2 26 166
875 192 2 26 187
876 -110 2 26 203
877 -186 2 26 211
878 96 2 26 217
879 148 2 26 221
880 40 2 26 225
881 -82 2 26 232
882 120 2 26 249
883 -16 2 27 34
884 -38 2 27 54
885 -148 2 27 57
886 18 2 27 66
887 10 2 27 74
888 106 2 27 79
889 126 2 27 94
890 124 2 27 107
891 -182 2 27 108
892 30 2 27 114
893 42 2 27 133
894 -70 2 27 144
895 128 2 27 145
896 -128 2 27 154
897 -78 2 27 165
898 -38 2 27 171
899 -106 2 27 185
900 -88 2 27 192
901 70 2 27 195
902 54 2 27 202
903 -106 2 27 220
904 -112 2 27 228
905 182 2 27 233
906 -88 2 27 237
907 -136 2 27 243
908 -144 2 27 245
909 -148 2 28 33
910 86 2 28 42
911 -132 2 28 73
912 178 2 28 77
913 -12 2 28 117
914 -144 2 28 126
915 102 2 28 127
916 -146 2 28 130
917 190 2 28 140
918 -134 2 28 145
919 94 2 28 156
920 -52 2 28 157
921 -112 2 28 164
922 -58 2 28 166
923 -104 2 28 174
924 158 2 28 176
925 -44 2 28 189
926 -198 2 28 194
927 -172 2 28 215
928 8 2 28 225
929 182 2 28 229
930 -70 2 28 241
931 -148 2 28 243
932 -24 2 28 249
933 156 2 28 250
934 116 2 29 35
935 140 2 29 70
936 134 2 29 81
937 -146 2 29 84
938 42 2 29 97
939 -156 2 29 105
940 90 2 29 106
941 66 2 29 135
942 -36 2 29 138
943 -140 2 29 142
944 32 2 29 160
945 -120 2 29 161
946 -130 2 29 166
947 114 2 29 168
948 -148 2 29 169
949 -164 2 29 177
950 -168 2 29 190
951 122 2 29 196
952 52 2 29 204
953 186 2 29 206
954 -140 2 29 222
955 166 2 29 239
956 -54 2 30 31
957 132 2 30 54
958 198 2 30 59
959 -80 2 30 68
960 184 2 30 75
961 46 2 30 86
962 166 2 30 90
963 110 2 30 105
964 -106 2 30 107
965 196 2 30 115
966 -88 2 30 139
967 180 2 30 148
968 -68 2 30 154
969 190 2 30 169
970 24 2 30 179
971 60 2 30 187
972 -80 2 30 194
973 -170 2 30 197
974 32 2 30 203
975 -140 2 30 211
976 -98 2 30 238
977 78 2 30 245
978 78 2 31 33
979 -82 2 31 42
980 -86 2 31 43
981 -178 2 31 45
982 24 2 31 46
983 70 2 31 48
984 146 2 31 68
985 -140 2 31 71
986 -78 2 31 82
987 -172 2 31 98
988 -110 2 31 103
989 -14 2 31 105
990 188 2 31 110
991 100 2 31 112
992 160 2 31 137
993 -118 2 31 141
994 184 2 31 159
995 -62 2 31 164
996 34 2 31 165
997 -104 2 31 172
998 -144 2 31 174
999 64 2 31 179
1000 -182 2 31 197
1001 200 2 31 201
1002 -78 2 31 220
1003 170 2 31 221
1004 162 2 31 231
1005 86 2 31 241
1006 68 2 31 243
1007 -54 2 31 244
1008 156 2 32 37
1009 110 2 32 45
1010 52 2 32 73
1011 -142 2 32 92
1012 192 2 32 99
1013 126 2 32 112
1014 -168 2 32 156
1015 -88 2 32 178
1016 -176 2 32 179
1017 -60 2 32 187
1018 32 2 32 189
1019 188 2 32 224
1020 -168 2 32 229
1021 -38 2 32 233
1022 -170 2 33 38
1023 -28 2 33 52
1024 -62 2 33 56
1025 -186 2 33 65
1026 196 2 33 66
1027 -66 2 33 67
1028 -116 2 33 76
1029 -68 2 33 77
1030 -118 2 33 81
1031 -50 2 33 85
1032 92 2 33 93
1033 -28 2 33 98
1034 -98 2 33 114
1035 -16 2 33 119
1036 -88 2 33 120
1037 34 2 33 125
1038 30 2 33 134
1039 -12 2 33 155
1040 -126 2 33 168
1041 58 2 33 173
1042 -144 2 33 175
1043 -178 2 33 176
1044 -102 2 33 183
1045 -112 2 33 192
1046 -24 2 33 197
1047 188 2 33 202
1048 -184 2 33 203
1049 -44 2 33 218
1050 52 2 33 240
1051 142 2 33 243
1052 -126 2 34 35
1053 -94 2 34 53
1054 -36 2 34 59
1055 -142 2 34 69
1056 192 2 34 70
1057 -132 2 34 78
1058 174 2 34 84
1059 112 2 34 88
1060 68 2 34 147
1061 -184 2 34 148
1062 -128 2 34 153
1063 124 2 34 158
1064 42 2 34 189
1065 -128 2 34 196
1066 188 2 34 204
1067 56 2 34 239
1068 184 2 34 242
1069 -172 2 34 245
1070 130 2 35 46
1071 -50 2 35 49
1072 -4 2 35 53
1073 16 2 35 62
1074 -98 2 35 103
1075 118 2 35 124
1076 -92 2 35 180
1077 -144 2 35 186
1078 94 2 35 191
1079 -192 2 35 210
1080 -56 2 35 213
1081 14 2 35 243
1082 -50 2 35 249
1083 -22 2 36 44
1084 -80 2 36 46
1085 80 2 36 55
1086 66 2 36 63
1087 -6 2 36 64
1088 2 2 36 93
1089 -122 2 36 101
1090 -140 2 36 102
1091 -52 2 36 109
1092 36 2 36 111
1093 2 2 36 124
1094 -188 2 36 155
1095 -26 2 36 167
1096 -198 2 36 173
1097 -70 2 36 179
1098 -100 2 36 181
1099 130 2 36 182
1100 -12 2 36 213
1101 6 2 36 214
1102 -2 2 36 221
1103 70 2 37 38
1104 100 2 37 45
1105 -134 2 37 58
1106 -106 2 37 63
1107 -22 2 37 81
1108 146 2 37 86
1109 52 2 37 110
1110 104 2 37 111
1111 -166 2 37 115
1112 80 2 37 116
1113 -88 2 37 123
1114 168 2 37 124
1115 4 2 37 127
1116 -100 2 37 145
1117 4 2 37 165
1118 94 2 37 169
1119 84 2 37 182
1120 112 2 37 188
1121 62 2 37 192
1122 -56 2 37 196
1123 -140 2 37 202
1124 40 2 37 204
1125 -96 2 37 206
1126 -30 2 37 212
1127 36 2 37 246
1128 -184 2 38 59
1129 -22 2 38 86
1130 200 2 38 106
1131 70 2 38 111
1132 -88 2 38 136
1133 -8 2 38 149
1134 -34 2 38 152
1135 74 2 38 181
1136 124 2 38 199
1137 -178 2 38 204
1138 148 2 38 223
1139 -32 2 38 230
1140 20 2 38 238
1141 24 2 38 245
1142 180 2 38 248
1143 -32 2 39 40
1144 190 2 39 41
1145 118 2 39 48
1146 146 2 39 76
1147 156 2 39 81
1148 124 2 39 90
1149 -56 2 39 93
1150 -72 2 39 110
1151 -188 2 39 112
1152 -144 2 39 133
1153 -24 2 39 134
1154 -82 2 39 150
1155 -40 2 39 168
1156 106 2 39 169
1157 -98 2 39 172
1158 -116 2 39 182
1159 -130 2 39 184
1160 82 2 39 197
1161 -124 2 39 202
1162 -14 2 39 208
1163 158 2 39 224
1164 -194 2 39 247
1165 116 2 40 63
1166 -114 2 40 74
1167 -192 2 40 77
1168 186 2 40 88
1169 46 2 40 93
1170 94 2 40 95
1171 18 2 40 112
1172 106 2 40 119
1173 18 2 40 135
1174 34 2 40 137
1175 116 2 40 141
1176 -82 2 40 145
1177 44 2 40 170
1178 172 2 40 175
1179 138 2 40 193
1180 -144 2 40 206
1181 34 2 40 209
1182 -56 2 40 223
1183 -138 2 40 229
1184 -90 2 40 230
1185 70 2 40 237
1186 84 2 40 240
1187 -130 2 40 244
1188 122 2 41 51
1189 -128 2 41 59
1190 -136 2 41 66
1191 -100 2 41 100
1192 144 2 41 104
1193 -182 2 41 109
1194 32 2 41 115
1195 -14 2 41 134
1196 158 2 41 138
1197 160 2 41 162
1198 82 2 41 167
1199 26 2 41 172
1200 -94 2 41 178
1201 190 2 41 200
1202 118 2 41 204
1203 -144 2 41 218
1204 -18 2 41 219
1205 -128 2 41 224
1206 -98 2 41 225
1207 126 2 41 228
1208 22 2 41 229
1209 -62 2 41 236
1210 132 2 42 62
1211 98 2 42 67
1212 70 2 42 71
1213 -146 2 42 74
1214 -42 2 42 93
1215 -12 2 42 95
1216 -98 2 42 121
1217 160 2 42 128
1218 -116 2 42 133
1219 106 2 42 135
1220 -10 2 42 151
1221 24 2 42 158
1222 -114 2 42 160
1223 -98 2 42 163
1224 -134 2 42 164
1225 112 2 42 176
1226 -178 2 42 182
1227 -82 2 42 184
1228 180 2 42 187
1229 -82 2 42 190
1230 108 2 42 191
1231 -126 2 42 194
1232 -80 2 42 195
1233 -48 2 42 198
1234 52 2 42 202
1235 90 2 42 217
1236 128 2 42 234
1237 46 2 42 241
1238 -74 2 43 44
1239 42 2 43 52
1240 -56 2 43 76
1241 50 2 43 85
1242 -84 2 43 104
1243 86 2 43 111
1244 60 2 43 114
1245 40 2 43 133
1246 -118 2 43 151
1247 168 2 43 153
1248 -106 2 43 155
1249 -58 2 43 176
1250 100 2 43 183
1251 -24 2 43 185
1252 196 2 43 195
1253 -10 2 43 202
1254 -74 2 43 208
1255 40 2 43 219
1256 -130 2 43 222
1257 -142 2 43 230
1258 88 2 43 248
1259 54 2 44 46
1260 40 2 44 47
1261 58 2 44 48
1262 -192 2 44 52
1263 48 2 44 80
1264 -180 2 44 83
1265 -2 2 44 84
1266 198 2 44 93
1267 136 2 44 96
1268 138 2 44 107
1269 -90 2 44 115
1270 -60 2 44 116
1271 8 2 44 126
1272 172 2 44 138
1273 130 2 44 146
1274 60 2 44 160
1275 10 2 44 187
1276 -32 2 44 193
1277 146 2 44 215
1278 -198 2 44 216
1279 -60 2 44 226
1280 -46 2 44 231
1281 6 2 44 234
1282 -28 2 44 243
1283 28 2 44 246
1284 -48 2 45 51
1285 -190 2 45 60
1286 100 2 45 61
1287 -82 2 45 87
1288 200 2 45 96
1289 158 2 45 103
1290 -126 2 45 138
1291 154 2 45 148
1292 -24 2 45 151
1293 -40 2 45 179
1294 132 2 45 190
1295 142 2 45 206
1296 -62 2 45 231
1297 92 2 45 233
1298 -80 2 45 240
1299 84 2 45 250
1300 84 2 46 51
1301 134 2 46 56
1302 154 2 46 67
1303 144 2 46 69
1304 72 2 46 73
1305 -100 2 46 84
1306 -44 2 46 86
1307 46 2 46 96
1308 -166 2 46 100
1309 128 2 46 102
1310 166 2 46 103
1311 -48 2 46 109
1312 128 2 46 120
1313 -140 2 46 126
1314 102 2 46 127
1315 -86 2 46 141
1316 -190 2 46 143
1317 184 2 46 150
1318 -8 2 46 152
1319 -146 2 46 162
1320 -50 2 46 169
1321 -90 2 46 177
1322 144 2 46 189
1323 -122 2 46 199
1324 154 2 46 202
1325 58 2 46 211
1326 -170 2 46 213
1327 152 2 46 226
1328 90 2 46 229
1329 -86 2 46 244
1330 56 2 47 50
1331 -96 2 47 69
1332 -88 2 47 81
1333 120 2 47 87
1334 -48 2 47 89
1335 -78 2 47 98
1336 164 2 47 109
1337 -134 2 47 127
1338 64 2 47 139
1339 -126 2 47 142
1340 172 2 47 157
1341 -6 2 47 159
1342 78 2 47 178
1343 92 2 47 193
1344 -134 2 47 195
1345 -60 2 47 201
1346 24 2 47 227
1347 -134 2 48 50
1348 -178 2 48 62
1349 -68 2 48 77
1350 -74 2 48 89
1351 -156 2 48 95
1352 -26 2 48 105
1353 166 2 48 110
1354 -16 2 48 115
1355 132 2 48 117
1356 30 2 48 121
1357 72 2 48 140
1358 -58 2 48 164
1359 44 2 48 168
1360 134 2 48 172
1361 -72 2 48 190
1362 -4 2 48 193
1363 154 2 48 228
1364 -160 2 49 53
1365 -194 2 49 57
1366 -182 2 49 59
1367 -180 2 49 62
1368 92 2 49 65
1369 100 2 49 67
1370 -194 2 49 68
1371 -190 2 49 73
1372 86 2 49 93
1373 124 2 49 97
1374 80 2 49 113
1375 -154 2 49 118
1376 106 2 49 127
1377 166 2 49 128
1378 -10 2 49 135
1379 -134 2 49 153
1380 -64 2 49 184
1381 126 2 49 187
1382 -54 2 49 196
1383 -188 2 49 205
1384 -118 2 49 207
1385 -102 2 49 210
1386 178 2 49 228
1387 -48 2 49 231
1388 110 2 49 240
1389 30 2 49 249
1390 -36 2 50 57
1391 104 2 50 58
1392 186 2 50 78
1393 -70 2 50 84
1394 174 2 50 89
1395 -82 2 50 96
1396 -180 2 50 101
1397 -170 2 50 103
1398 -28 2 50 104
1399 -196 2 50 123
1400 62 2 50 126
1401 -70 2 50 135
1402 -76 2 50 143
1403 198 2 50 151
1404 -74 2 50 157
1405 150 2 50 168
1406 142 2 50 169
1407 -94 2 50 177
1408 152 2 50 181
1409 108 2 50 185
1410 168 2 50 186
1411 160 2 50 192
1412 -6 2 50 203
1413 158 2 50 212
1414 126 2 50 219
1415 -194 2 50 227
1416 -68 2 50 228
1417 156 2 50 232
1418 30 2 50 241
1419 12 2 50 243
1420 14 2 50 246
1421 6 2 51 52
1422 -80 2 51 53
1423 -170 2 51 57
1424 40 2 51 58
1425 184 2 51 88
1426 62 2 51 96
1427 -146 2 51 100
1428 34 2 51 104
1429 -56 2 51 119
1430 62 2 51 129
1431 196 2 51 142
1432 -76 2 51 147
1433 128 2 51 155
1434 -52 2 51 157
1435 46 2 51 170
1436 -108 2 51 222
1437 164 2 51 233
1438 -102 2 51 236
1439 82 2 51 240
1440 -162 2 52 58
1441 84 2 52 62
1442 156 2 52 80
1443 -64 2 52 82
1444 -144 2 52 97
1445 -132 2 52 104
1446 -44 2 52 110
1447 68 2 52 127
1448 82 2 52 135
1449 -112 2 52 150
1450 182 2 52 151
1451 10 2 52 154
1452 112 2 52 163
1453 -74 2 52 177
1454 -112 2 52 200
1455 -84 2 52 202
1456 -100 2 52 203
1457 18 2 52 207
1458 196 2 52 236
1459 36 2 52 240
1460 170 2 53 73
1461 162 2 53 85
1462 42 2 53 86
1463 -66 2 53 98
1464 -148 2 53 101
1465 60 2 53 123
1466 -94 2 53 124
1467 126 2 53 127
1468 -82 2 53 157
1469 106 2 53 160
1470 -110 2 53 164
1471 132 2 53 172
1472 32 2 53 176
1473 174 2 53 180
1474 -160 2 53 205
1475 146 2 53 229
1476 -180 2 53 234
1477 -120 2 53 241
1478 192 2 53 244
1479 -176 2 54 72
1480 136 2 54 77
1481 -140 2 54 100
1482 180 2 54 125
1483 -106 2 54 127
1484 -120 2 54 132
1485 -46 2 54 136
1486 -104 2 54 144
1487 134 2 54 147
1488 -58 2 54 156
1489 -18 2 54 177
1490 134 2 54 196
1491 116 2 54 197
1492 -104 2 54 203
1493 -112 2 54 213
1494 -94 2 54 233
1495 -56 2 54 241
1496 72 2 54 248
1497 182 2 55 59
1498 90 2 55 75
1499 158 2 55 80
1500 -6 2 55 87
1501 106 2 55 97
1502 50 2 55 102
1503 -74 2 55 104
1504 190 2 55 114
1505 -154 2 55 117
1506 180 2 55 126
1507 120 2 55 131
1508 -54 2 55 150
1509 -156 2 55 152
1510 -6 2 55 168
1511 22 2 55 170
1512 88 2 55 182
1513 78 2 55 187
1514 50 2 55 195
1515 -40 2 55 197
1516 -56 2 55 202
1517 -178 2 55 203
1518 -10 2 55 208
1519 -144 2 55 209
1520 160 2 55 216
1521 -50 2 55 227
1522 82 2 55 234
1523 154 2 55 235
1524 166 2 55 245
1525 174 2 55 249
1526 -106 2 56 62
1527 -126 2 56 72
1528 -104 2 56 75
1529 102 2 56 77
1530 36 2 56 79
1531 114 2 56 83
1532 190 2 56 91
1533 -118 2 56 95
1534 -12 2 56 100
1535 170 2 56 103
1536 -154 2 56 108
1537 200 2 56 114
1538 92 2 56 116
1539 8 2 56 121
1540 -108 2 56 122
1541 -28 2 56 125
1542 -114 2 56 134
1543 -152 2 56 139
1544 -98 2 56 146
1545 4 2 56 155
1546 -196 2 56 160
1547 -174 2 56 164
1548 -100 2 56 215
1549 90 2 56 222
1550 -56 2 56 236
1551 148 2 56 244
1552 58 2 56 249
1553 -6 2 57 60
1554 -142 2 57 73
1555 -170 2 57 86
1556 -72 2 57 87
1557 92 2 57 95
1558 138 2 57 101
1559 -162 2 57 107
1560 22 2 57 109
1561 56 2 57 139
1562 144 2 57 159
1563 72 2 57 167
1564 -122 2 57 178
1565 2 2 57 185
1566 196 2 57 205
1567 -24 2 57 206
1568 128 2 57 218
1569 194 2 57 219
1570 -96 2 57 221
1571 86 2 57 222
1572 -44 2 57 243
1573 -192 2 58 73
1574 -70 2 58 94
1575 62 2 58 104
1576 192 2 58 119
1577 164 2 58 120
1578 62 2 58 122
1579 164 2 58 124
1580 148 2 58 134
1581 4 2 58 145
1582 110 2 58 147
1583 58 2 58 148
1584 -90 2 58 163
1585 -126 2 58 167
1586 -130 2 58 179
1587 -158 2 58 201
1588 52 2 58 211
1589 -16 2 58 217
1590 130 2 58 234
1591 -114 2 58 242
1592 56 2 59 60
1593 -52 2 59 88
1594 134 2 59 133
1595 40 2 59 135
1596 -136 2 59 161
1597 -96 2 59 174
1598 116 2 59 189
1599 -198 2 59 191
1600 -176 2 59 211
1601 72 2 59 214
1602 -72 2 59 231
1603 88 2 59 240
1604 -144 2 59 241
1605 62 2 59 244
1606 -136 2 60 70
1607 136 2 60 81
1608 -116 2 60 108
1609 138 2 60 130
1610 -186 2 60 131
1611 -130 2 60 132
1612 180 2 60 145
1613 -44 2 60 147
1614 -158 2 60 148
1615 -130 2 60 152
1616 102 2 60 163
1617 96 2 60 171
1618 -34 2 60 191
1619 108 2 60 216
1620 -74 2 60 228
1621 188 2 60 231
1622 2 2 60 249
1623 -62 2 61 65
1624 82 2 61 67
1625 68 2 61 89
1626 -178 2 61 92
1627 -144 2 61 94
1628 134 2 61 111
1629 -10 2 61 120
1630 -146 2 61 125
1631 104 2 61 130
1632 -112 2 61 164
1633 142 2 61 172
1634 100 2 61 178
1635 -62 2 61 198
1636 -76 2 61 201
1637 -164 2 61 203
1638 -32 2 61 217
1639 -42 2 61 218
1640 154 2 61 223
1641 -66 2 61 224
1642 162 2 61 231
1643 134 2 62 70
1644 72 2 62 76
1645 -50 2 62 77
1646 -158 2 62 78
1647 -86 2 62 79
1648 -46 2 62 81
1649 -116 2 62 87
1650 -120 2 62 107
1651 -56 2 62 173
1652 186 2 62 174
1653 -62 2 62 180
1654 -174 2 62 197
1655 14 2 62 213
1656 -174 2 62 215
1657 70 2 62 221
1658 -48 2 62 227
1659 -184 2 62 244
1660 136 2 63 70
1661 40 2 63 71
1662 -88 2 63 75
1663 -114 2 63 77
1664 -122 2 63 86
1665 -164 2 63 100
1666 -136 2 63 106
1667 -10 2 63 115
1668 194 2 63 120
1669 -130 2 63 130
1670 -168 2 63 133
1671 -4 2 63 136
1672 -86 2 63 139
1673 150 2 63 167
1674 160 2 63 169
1675 82 2 63 171
1676 -154 2 63 183
1677 10 2 63 196
1678 62 2 63 211
1679 -36 2 63 215
1680 70 2 63 220
1681 -118 2 63 240
1682 -158 2 64 67
1683 -156 2 64 87
1684 194 2 64 100
1685 -144 2 64 107
1686 194 2 64 111
1687 -106 2 64 112
1688 144 2 64 116
1689 52 2 64 117
1690 -182 2 64 122
1691 36 2 64 131
1692 150 2 64 136
1693 -154 2 64 150
1694 -118 2 64 157
1695 182 2 64 166
1696 -104 2 64 195
1697 44 2 64 203
1698 -16 2 64 212
1699 80 2 64 224
1700 -100 2 64 227
1701 -174 2 64 231
1702 -116 2 64 238
1703 56 2 64 241
1704 -94 2 64 245
1705 -2 2 64 249
1706 126 2 65 78
1707 -34 2 65 133
1708 -26 2 65 134
1709 -106 2 65 138
1710 -86 2 65 139
1711 -22 2 65 140
1712 -118 2 65 159
1713 156 2 65 163
1714 -184 2 65 166
1715 76 2 65 167
1716 86 2 65 176
1717 -58 2 65 191
1718 -128 2 65 205
1719 80 2 65 207
1720 92 2 65 209
1721 -84 2 65 211
1722 32 2 65 218
1723 146 2 65 248
1724 -164 2 66 76
1725 158 2 66 77
1726 62 2 66 81
1727 176 2 66 94
1728 110 2 66 95
1729 10 2 66 118
1730 -154 2 66 121
1731 36 2 66 123
1732 -108 2 66 127
1733 -180 2 66 140
1734 38 2 66 145
1735 72 2 66 147
1736 94 2 66 153
1737 -160 2 66 158
1738 148 2 66 190
1739 -98 2 66 193
1740 50 2 66 200
1741 -138 2 66 213
1742 -116 2 66 214
1743 174 2 66 215
1744 -154 2 66 228
1745 -180 2 66 237
1746 -80 2 66 245
1747 -16 2 67 69
1748 140 2 67 72
1749 -6 2 67 97
1750 -176 2 67 114
1751 192 2 67 120
1752 -138 2 67 149
1753 78 2 67 152
1754 68 2 67 207
1755 32 2 67 209
1756 186 2 67 212
1757 172 2 67 221
1758 98 2 67 230
1759 -96 2 67 234
1760 88 2 67 238
1761 -124 2 67 242
1762 -48 2 67 248
1763 92 2 68 77
1764 174 2 68 78
1765 -32 2 68 103
1766 -186 2 68 104
1767 20 2 68 122
1768 126 2 68 139
1769 -196 2 68 140
1770 46 2 68 142
1771 -134 2 68 144
1772 44 2 68 165
1773 -48 2 68 186
1774 24 2 68 189
1775 90 2 68 194
1776 -112 2 68 208
1777 -48 2 68 218
1778 114 2 68 220
1779 56 2 68 227
1780 40 2 68 240
1781 -68 2 69 84
1782 14 2 69 97
1783 -94 2 69 104
1784 76 2 69 111
1785 122 2 69 157
1786 -126 2 69 158
1787 -104 2 69 161
1788 4 2 69 164
1789 -104 2 69 189
1790 -54 2 69 193
1791 -14 2 69 205
1792 36 2 69 208
1793 -192 2 69 212
1794 -82 2 69 216
1795 124 2 69 221
1796 126 2 69 227
1797 -98 2 69 245
1798 -36 2 69 247
1799 -4 2 70 71
1800 -30 2 70 105
1801 114 2 70 119
1802 -166 2 70 124
1803 154 2 70 126
1804 108 2 70 128
1805 50 2 70 136
1806 58 2 70 141
1807 -162 2 70 157
1808 2 2 70 167
1809 188 2 70 173
1810 -34 2 70 223
1811 -52 2 70 224
1812 -186 2 70 246
1813 -44 2 70 247
1814 152 2 71 73
1815 -186 2 71 75
1816 122 2 71 80
1817 -26 2 71 81
1818 -52 2 71 94
1819 -168 2 71 113
1820 -70 2 71 119
1821 96 2 71 124
1822 -28 2 71 134
1823 96 2 71 155
1824 -18 2 71 171
1825 -106 2 71 173
1826 124 2 71 187
1827 -2 2 71 241
1828 -62 2 71 243
1829 -92 2 72 74
1830 52 2 72 93
1831 42 2 72 96
1832 -80 2 72 98
1833 -24 2 72 104
1834 124 2 72 105
1835 -72 2 72 123
1836 80 2 72 139
1837 -168 2 72 151
1838 -126 2 72 159
1839 -120 2 72 165
1840 -102 2 72 170
1841 -36 2 72 203
1842 92 2 72 205
1843 -82 2 72 207
1844 -40 2 72 216
1845 -122 2 72 229
1846 -136 2 72 234
1847 -80 2 72 241
1848 124 2 73 76
1849 -96 2 73 77
1850 32 2 73 122
1851 162 2 73 146
1852 -144 2 73 150
1853 152 2 73 153
1854 182 2 73 165
1855 182 2 73 186
1856 86 2 73 190
1857 70 2 73 193
1858 82 2 73 194
1859 -122 2 73 200
1860 122 2 73 203
1861 -134 2 73 207
1862 -52 2 73 216
1863 152 2 73 244
1864 188 2 74 99
1865 170 2 74 110
1866 -146 2 74 111
1867 20 2 74 116
1868 158 2 74 120
1869 -164 2 74 122
1870 -66 2 74 133
1871 8 2 74 140
1872 -198 2 74 148
1873 -192 2 74 175
1874 -150 2 74 185
1875 -178 2 74 198
1876 104 2 74 218
1877 148 2 75 110
1878 78 2 75 116
1879 112 2 75 122
1880 -130 2 75 127
1881 178 2 75 129
1882 -58 2 75 133
1883 94 2 75 134
1884 -192 2 75 145
1885 -164 2 75 163
1886 198 2 75 165
1887 140 2 75 169
1888 42 2 75 171
1889 -142 2 75 188
1890 30 2 75 200
1891 156 2 75 206
1892 2 2 75 218
1893 -24 2 75 225
1894 -74 2 75 229
1895 -182 2 75 249
1896 70 2 76 84
1897 170 2 76 85
1898 128 2 76 90
1899 -114 2 76 102
1900 -126 2 76 112
1901 140 2 76 132
1902 -156 2 76 136
1903 -68 2 76 143
1904 136 2 76 149
1905 146 2 76 180
1906 196 2 76 193
1907 -54 2 76 196
1908 100 2 76 197
1909 -170 2 76 200
1910 64 2 76 207
1911 -128 2 76 209
1912 64 2 76 217
1913 -54 2 76 231
1914 90 2 76 234
1915 -28 2 76 245
1916 -102 2 77 81
1917 174 2 77 82
1918 168 2 77 83
1919 30 2 77 87
1920 130 2 77 94
1921 62 2 77 111
1922 26 2 77 142
1923 -38 2 77 149
1924 150 2 77 163
1925 160 2 77 175
1926 -84 2 77 178
1927 16 2 77 188
1928 -190 2 77 202
1929 -78 2 77 207
1930 -32 2 77 211
1931 2 2 77 212
1932 156 2 77 231
1933 34 2 77 233
1934 16 2 77 240
1935 -168 2 78 85
1936 136 2 78 89
1937 -16 2 78 91
1938 -88 2 78 106
1939 86 2 78 109
1940 -22 2 78 110
1941 -18 2 78 112
1942 118 2 78 183
1943 -84 2 78 187
1944 54 2 78 206
1945 174 2 78 226
1946 -64 2 78 242
1947 -142 2 78 245
1948 62 2 78 246
1949 -60 2 79 111
1950 -20 2 79 129
1951 -110 2 79 131
1952 86 2 79 165
1953 190 2 79 170
1954 52 2 79 174
1955 -132 2 79 176
1956 -180 2 79 180
1957 -176 2 79 217
1958 10 2 79 219
1959 -56 2 79 226
1960 -84 2 79 236
1961 -100 2 79 241
1962 42 2 80 81
1963 168 2 80 87
1964 -192 2 80 97
1965 94 2 80 98
1966 12 2 80 104
1967 56 2 80 112
1968 62 2 80 119
1969 -62 2 80 132
1970 68 2 80 144
1971 200 2 80 155
1972 -74 2 80 163
1973 14 2 80 175
1974 -92 2 80 189
1975 124 2 80 194
1976 176 2 80 203
1977 44 2 80 209
1978 -74 2 80 218
1979 158 2 80 219
1980 -34 2 80 220
1981 102 2 81 96
1982 -166 2 81 105
1983 2 2 81 129
1984 -48 2 81 156
1985 10 2 81 160
1986 64 2 81 193
1987 34 2 81 199
1988 -8 2 81 247
1989 28 2 82 103
1990 2 2 82 120
1991 -28 2 82 147
1992 -150 2 82 187
1993 -136 2 82 188
1994 -150 2 82 212
1995 152 2 82 242
1996 -170 2 83 88
1997 -6 2 83 91
1998 96 2 83 95
1999 -44 2 83 98
2000 -112 2 83 99
2001 -158 2 83 124
2002 -90 2 83 126
2003 -50 2 83 129
2004 60 2 83 130
2005 44 2 83 137
2006 -122 2 83 138
2007 148 2 83 139
2008 -64 2 83 153
2009 -86 2 83 156
2010 -62 2 83 181
2011 -6 2 83 205
2012 -124 2 83 229
2013 -72 2 83 231
2014 -58 2 83 235
2015 140 2 83 248
2016 144 2 83 250
2017 124 2 84 86
2018 -178 2 84 92
2019 194 2 84 95
2020 -98 2 84 96
2021 -14 2 84 119
2022 -146 2 84 145
2023 92 2 84 150
2024 50 2 84 153
2025 142 2 84 181
2026 104 2 84 201
2027 -38 2 84 206
2028 -142 2 84 219
2029 92 2 84 228
2030 -52 2 84 234
2031 -114 2 84 239
2032 -80 2 84 240
2033 -28 2 85 89
2034 92 2 85 109
2035 -116 2 85 144
2036 78 2 85 159
2037 54 2 85 165
2038 44 2 85 167
2039 132 2 85 172
2040 -80 2 85 178
2041 104 2 85 180
2042 -138 2 85 190
2043 -94 2 85 192
2044 76 2 85 197
2045 140 2 85 202
2046 168 2 85 205
2047 192 2 85 228
2048 -24 2 85 243
2049 36 2 85 248
2050 -146 2 86 87
2051 -168 2 86 115
2052 138 2 86 118
2053 -46 2 86 129
2054 74 2 86 138
2055 90 2 86 156
2056 26 2 86 161
2057 -2 2 86 170
2058 130 2 86 180
2059 -100 2 86 190
2060 -40 2 86 193
2061 -6 2 86 213
2062 -164 2 86 220
2063 188 2 86 222
2064 -78 2 86 233
2065 -186 2 87 94
2066 172 2 87 119
2067 102 2 87 128
2068 -16 2 87 146
2069 -36 2 87 151
2070 -26 2 87 184
2071 134 2 87 187
2072 -86 2 87 191
2073 -24 2 87 224
2074 -60 2 87 231
2075 176 2 87 232
2076 24 2 87 234
2077 -116 2 87 245
2078 -38 2 88 98
2079 -88 2 88 105
2080 -160 2 88 109
2081 -162 2 88 120
2082 -72 2 88 130
2083 92 2 88 143
2084 -28 2 88 146
2085 -14 2 88 171
2086 -166 2 88 184
2087 -182 2 88 188
2088 152 2 88 203
2089 -110 2 88 214
2090 2 2 88 225
2091 142 2 88 228
2092 -58 2 88 233
2093 112 2 88 236
2094 -10 2 88 239
2095 -168 2 88 242
2096 100 2 89 93
2097 116 2 89 96
2098 -166 2 89 129
2099 94 2 89 133
2100 52 2 89 145
2101 -148 2 89 154
2102 118 2 89 160
2103 34 2 89 167
2104 122 2 89 186
2105 118 2 89 190
2106 -16 2 89 210
2107 16 2 89 211
2108 -44 2 89 216
2109 60 2 89 218
2110 -180 2 89 220
2111 180 2 89 222
2112 -104 2 89 234
2113 -86 2 89 242
2114 -120 2 89 249
2115 -110 2 90 94
2116 -164 2 90 103
2117 134 2 90 106
2118 4 2 90 108
2119 8 2 90 111
2120 130 2 90 112
2121 -2 2 90 121
2122 -4 2 90 122
2123 -172 2 90 131
2124 -58 2 90 156
2125 30 2 90 164
2126 132 2 90 166
2127 182 2 90 187
2128 52 2 90 218
2129 106 2 90 225
2130 -16 2 91 98
2131 192 2 91 113
2132 -64 2 91 134
2133 -130 2 91 173
2134 186 2 91 180
2135 94 2 91 183
2136 -106 2 91 187
2137 16 2 91 193
2138 114 2 91 194
2139 42 2 91 197
2140 182 2 91 201
2141 86 2 91 208
2142 180 2 91 209
2143 72 2 91 219
2144 -4 2 91 230
2145 -180 2 91 239
2146 -78 2 91 243
2147 -144 2 91 246
2148 -52 2 92 106
2149 -164 2 92 114
2150 -8 2 92 123
2151 -12 2 92 130
2152 -96 2 92 144
2153 -190 2 92 146
2154 146 2 92 159
2155 -180 2 92 162
2156 -144 2 92 182
2157 124 2 92 203
2158 -42 2 92 205
2159 -16 2 92 219
2160 184 2 92 224
2161 200 2 92 226
2162 54 2 92 228
2163 70 2 92 233
2164 -144 2 92 244
2165 -172 2 93 104
2166 116 2 93 122
2167 6 2 93 143
2168 26 2 93 148
2169 166 2 93 162
2170 126 2 93 184
2171 -18 2 93 186
2172 98 2 93 191
2173 154 2 93 199
2174 130 2 93 203
2175 64 2 93 223
2176 -74 2 93 228
2177 42 2 93 231
2178 30 2 93 233
2179 -12 2 93 243
2180 170 2 93 244
2181 174 2 94 101
2182 120 2 94 117
2183 -158 2 94 132
2184 40 2 94 134
2185 48 2 94 137
2186 96 2 94 156
2187 -182 2 94 168
2188 160 2 94 173
2189 -84 2 94 179
2190 48 2 94 186
2191 -92 2 94 188
2192 -188 2 94 194
2193 -6 2 94 198
2194 -156 2 94 212
2195 -12 2 94 221
2196 -60 2 94 242
2197 -78 2 95 103
2198 112 2 95 109
2199 56 2 95 110
2200 200 2 95 118
2201 170 2 95 144
2202 -136 2 95 147
2203 -8 2 95 151
2204 -146 2 95 156
2205 4 2 95 166
2206 162 2 95 168
2207 -166 2 95 175
2208 -66 2 95 179
2209 -94 2 95 188
2210 -174 2 95 190
2211 -84 2 95 193
2212 -96 2 95 194
2213 -156 2 95 195
2214 4 2 95 199
2215 176 2 95 206
2216 86 2 95 211
2217 -64 2 95 222
2218 -190 2 95 231
2219 10 2 95 237
2220 54 2 95 249
2221 -110 2 96 102
2222 -180 2 96 104
2223 -174 2 96 119
2224 -2 2 96 128
2225 -162 2 96 131
2226 188 2 96 149
2227 -144 2 96 160
2228 -144 2 96 161
2229 174 2 96 170
2230 -50 2 96 179
2231 -72 2 96 182
2232 74 2 96 215
2233 48 2 96 236
2234 158 2 97 102
2235 14 2 97 114
2236 -192 2 97 118
2237 -188 2 97 125
2238 -194 2 97 131
2239 -76 2 97 135
2240 54 2 97 151
2241 12 2 97 181
2242 16 2 97 185
2243 70 2 97 202
2244 -2 2 97 206
2245 24 2 97 207
2246 198 2 97 218
2247 190 2 97 223
2248 -100 2 98 110
2249 -190 2 98 114
2250 200 2 98 119
2251 -68 2 98 139
2252 112 2 98 146
2253 -32 2 98 156
2254 -112 2 98 157
2255 -96 2 98 163
2256 184 2 98 171
2257 -192 2 98 176
2258 -192 2 98 195
2259 -32 2 98 196
2260 62 2 98 202
2261 72 2 98 227
2262 -176 2 98 235
2263 96 2 98 243
2264 -176 2 99 110
2265 26 2 99 131
2266 62 2 99 142
2267 182 2 99 173
2268 -110 2 99 180
2269 -102 2 99 182
2270 -54 2 99 183
2271 -186 2 99 199
2272 166 2 99 207
2273 12 2 99 210
2274 -8 2 99 214
2275 -158 2 99 215
2276 -174 2 99 219
2277 -162 2 99 221
2278 88 2 99 231
2279 12 2 100 103
2280 190 2 100 104
2281 -146 2 100 114
2282 80 2 100 129
2283 -18 2 100 136
2284 36 2 100 140
2285 -32 2 100 182
2286 -50 2 100 199
2287 -10 2 100 206
2288 -166 2 100 230
2289 62 2 100 233
2290 54 2 101 127
2291 188 2 101 128
2292 -118 2 101 131
2293 -36 2 101 169
2294 122 2 101 182
2295 -162 2 101 194
2296 -76 2 101 213
2297 -48 2 101 230
2298 184 2 101 235
2299 -164 2 101 243
2300 -114 2 102 111
2301 -58 2 102 124
2302 -24 2 102 128
2303 26 2 102 146
2304 -98 2 102 152
2305 104 2 102 184
2306 -118 2 102 228
2307 -14 2 102 245
2308 144 2 103 111
2309 192 2 103 127
2310 124 2 103 134
2311 -14 2 103 141
2312 182 2 103 154
2313 -68 2 103 173
2314 12 2 103 184
2315 -104 2 103 187
2316 -148 2 103 199
2317 126 2 103 206
2318 -8 2 103 210
2319 184 2 103 216
2320 -158 2 103 219
2321 148 2 103 227
2322 -188 2 103 232
2323 -78 2 103 248
2324 -68 2 104 124
2325 140 2 104 172
2326 -158 2 104 176
2327 188 2 104 200
2328 -98 2 104 202
2329 188 2 104 211
2330 -146 2 104 224
2331 100 2 104 246
2332 178 2 104 249
2333 -116 2 105 121
2334 178 2 105 124
2335 144 2 105 127
2336 -66 2 105 136
2337 -88 2 105 163
2338 130 2 105 168
2339 168 2 105 171
2340 -96 2 105 179
2341 116 2 105 189
2342 198 2 105 208
2343 -44 2 105 225
2344 84 2 105 227
2345 -182 2 105 238
2346 -124 2 106 117
2347 52 2 106 137
2348 94 2 106 165
2349 74 2 106 169
2350 70 2 106 180
2351 -182 2 106 185
2352 -176 2 106 186
2353 188 2 106 193
2354 72 2 106 202
2355 70 2 106 243
2356 -86 2 106 247
2357 96 2 107 108
2358 -92 2 107 109
2359 -84 2 107 113
2360 -170 2 107 122
2361 -24 2 107 148
2362 -182 2 107 154
2363 -70 2 107 172
2364 -82 2 107 178
2365 -104 2 107 185
2366 48 2 107 188
2367 64 2 107 197
2368 -122 2 107 210
2369 36 2 107 232
2370 -124 2 107 233
2371 -166 2 107 244
2372 198 2 108 114
2373 16 2 108 127
2374 -158 2 108 156
2375 130 2 108 166
2376 40 2 108 181
2377 94 2 108 234
2378 -118 2 108 243
2379 -102 2 108 247
2380 182 2 109 113
2381 -34 2 109 132
2382 -146 2 109 142
2383 -58 2 109 157
2384 84 2 109 171
2385 -150 2 109 176
2386 -70 2 109 182
2387 -24 2 109 185
2388 104 2 109 187
2389 -52 2 109 195
2390 -10 2 109 201
2391 -34 2 109 202
2392 -130 2 109 207
2393 -128 2 109 212
2394 -56 2 109 217
2395 142 2 109 224
2396 124 2 109 226
2397 36 2 109 234
2398 -144 2 109 247
2399 46 2 110 126
2400 -128 2 110 129
2401 158 2 110 152
2402 96 2 110 156
2403 80 2 110 159
2404 -90 2 110 160
2405 -52 2 110 165
2406 -96 2 110 178
2407 -4 2 110 181
2408 -74 2 110 193
2409 8 2 110 231
2410 -52 2 110 239
2411 86 2 110 244
2412 80 2 111 122
2413 -118 2 111 134
2414 -74 2 111 135
2415 44 2 111 137
2416 186 2 111 140
2417 -82 2 111 144
2418 174 2 111 158
2419 80 2 111 162
2420 -66 2 111 163
2421 118 2 111 171
2422 -8 2 111 182
2423 -166 2 111 187
2424 174 2 111 191
2425 -16 2 111 195
2426 -4 2 111 200
2427 34 2 111 201
2428 -104 2 111 207
2429 -100 2 111 218
2430 82 2 111 222
2431 -50 2 111 223
2432 14 2 111 235
2433 124 2 112 126
2434 -140 2 112 129
2435 146 2 112 130
2436 64 2 112 146
2437 -42 2 112 150
2438 148 2 112 168
2439 -56 2 112 175
2440 4 2 112 179
2441 58 2 112 183
2442 -4 2 112 218
2443 94 2 112 219
2444 96 2 112 226
2445 58 2 112 233
2446 -88 2 112 241
2447 196 2 112 247
2448 -62 2 113 118
2449 180 2 113 130
2450 6 2 113 134
2451 -170 2 113 142
2452 30 2 113 143
2453 162 2 113 179
2454 -82 2 113 181
2455 -14 2 113 197
2456 110 2 113 199
2457 -192 2 113 211
2458 14 2 113 215
2459 88 2 113 222
2460 192 2 113 226
2461 -146 2 113 228
2462 194 2 114 148
2463 -70 2 114 153
2464 -144 2 114 156
2465 88 2 114 158
2466 156 2 114 159
2467 116 2 114 160
2468 -170 2 114 166
2469 -20 2 114 171
2470 8 2 114 182
2471 -72 2 114 217
2472 148 2 114 227
2473 -146 2 114 244
2474 142 2 114 247
2475 62 2 115 117
2476 -186 2 115 123
2477 -70 2 115 128
2478 128 2 115 134
2479 8 2 115 135
2480 32 2 115 161
2481 190 2 115 163
2482 -112 2 115 167
2483 52 2 115 176
2484 -172 2 115 204
2485 -76 2 115 222
2486 166 2 115 223
2487 -162 2 116 127
2488 110 2 116 141
2489 -108 2 116 143
2490 -76 2 116 144
2491 -6 2 116 164
2492 -20 2 116 170
2493 -142 2 116 185
2494 2 2 116 204
2495 114 2 116 210
2496 50 2 116 230
2497 122 2 116 238
2498 6 2 116 240
2499 -184 2 116 243
2500 -180 2 116 250
2501 -82 2 117 123
2502 132 2 117 137
2503 -168 2 117 156
2504 92 2 117 182
2505 132 2 117 183
2506 26 2 117 184
2507 -182 2 117 195
2508 -2 2 117 198
2509 -44 2 117 202
2510 -126 2 117 215
2511 14 2 117 217
2512 50 2 117 237
2513 -178 2 117 250
2514 -106 2 118 128
2515 136 2 118 131
2516 136 2 118 132
2517 -86 2 118 135
2518 70 2 118 155
2519 56 2 118 175
2520 -90 2 118 177
2521 18 2 118 186
2522 -170 2 118 191
2523 74 2 118 214
2524 -48 2 118 220
2525 182 2 118 223
2526 -134 2 118 244
2527 -192 2 118 245
2528 28 2 119 137
2529 68 2 119 144
2530 60 2 119 154
2531 -124 2 119 159
2532 16 2 119 165
2533 -198 2 119 185
2534 -62 2 119 197
2535 -56 2 119 199
2536 -106 2 119 211
2537 -52 2 119 229
2538 -68 2 119 232
2539 -138 2 119 240
2540 -78 2 119 243
2541 -98 2 120 127
2542 -132 2 120 129
2543 136 2 120 133
2544 -78 2 120 138
2545 -2 2 120 169
2546 126 2 120 175
2547 102 2 120 180
2548 -106 2 120 181
2549 194 2 120 184
2550 58 2 120 202
2551 -72 2 120 203
2552 72 2 120 207
2553 -158 2 120 209
2554 -120 2 120 219
2555 -198 2 120 235
2556 -24 2 120 242
2557 32 2 121 125
2558 -142 2 121 176
2559 18 2 121 179
2560 -14 2 121 183
2561 -136 2 121 193
2562 -12 2 121 195
2563 76 2 121 207
2564 -36 2 121 210
2565 196 2 121 222
2566 -22 2 121 226
2567 -146 2 121 230
2568 -142 2 121 234
2569 -152 2 121 243
2570 168 2 121 245
2571 56 2 121 248
2572 -36 2 122 131
2573 164 2 122 153
2574 92 2 122 154
2575 22 2 122 172
2576 -56 2 122 173
2577 42 2 122 179
2578 -114 2 122 186
2579 58 2 122 198
2580 34 2 122 207
2581 -148 2 122 214
2582 -158 2 122 219
2583 -128 2 122 238
2584 -152 2 123 124
2585 46 2 123 145
2586 -190 2 123 146
2587 34 2 123 147
2588 -194 2 123 156
2589 168 2 123 176
2590 158 2 123 200
2591 -184 2 123 212
2592 -62 2 123 237
2593 182 2 123 242
2594 22 2 123 248
2595 -136 2 124 125
2596 -62 2 124 135
2597 -180 2 124 146
2598 -98 2 124 149
2599 2 2 124 179
2600 -164 2 124 188
2601 116 2 124 192
2602 130 2 124 194
2603 92 2 124 196
2604 -120 2 124 202
2605 130 2 124 215
2606 88 2 124 237
2607 -176 2 124 240
2608 6 2 124 246
2609 64 2 125 133
2610 194 2 125 135
2611 -36 2 125 141
2612 -156 2 125 142
2613 74 2 125 144
2614 14 2 125 156
2615 -180 2 125 179
2616 30 2 125 191
2617 108 2 125 241
2618 -38 2 125 247
2619 6 2 126 127
2620 -112 2 126 147
2621 -58 2 126 148
2622 -8 2 126 152
2623 46 2 126 160
2624 -18 2 126 161
2625 86 2 126 171
2626 24 2 126 195
2627 -178 2 126 198
2628 164 2 126 208
2629 -48 2 126 222
2630 -174 2 126 245
2631 -140 2 126 246
2632 78 2 127 140
2633 52 2 127 144
2634 108 2 127 145
2635 -196 2 127 146
2636 -130 2 127 149
2637 160 2 127 151
2638 46 2 127 164
2639 172 2 127 174
2640 -172 2 127 198
2641 16 2 127 226
2642 12 2 127 229
2643 -2 2 127 244
2644 -66 2 127 245
2645 -102 2 127 249
2646 -82 2 127 250
2647 -126 2 128 134
2648 -34 2 128 146
2649 -8 2 128 155
2650 -106 2 128 159
2651 -104 2 128 183
2652 106 2 128 196
2653 96 2 128 202
2654 140 2 128 212
2655 6 2 128 221
2656 66 2 128 228
2657 162 2 128 229
2658 102 2 128 234
2659 146 2 128 243
2660 46 2 129 142
2661 -168 2 129 144
2662 182 2 129 160
2663 42 2 129 167
2664 -180 2 129 193
2665 124 2 129 196
2666 -96 2 129 197
2667 -66 2 129 199
2668 22 2 129 201
2669 154 2 129 214
2670 128 2 129 219
2671 -118 2 129 243
2672 -2 2 130 139
2673 166 2 130 145
2674 -102 2 130 150
2675 -18 2 130 174
2676 -46 2 130 175
2677 -88 2 130 179
2678 -134 2 130 196
2679 76 2 130 216
2680 -90 2 130 220
2681 62 2 130 229
2682 -88 2 130 234
2683 6 2 130 250
2684 76 2 131 139
2685 -24 2 131 143
2686 42 2 131 149
2687 76 2 131 162
2688 28 2 131 171
2689 66 2 131 184
2690 -66 2 131 192
2691 116 2 131 193
2692 -50 2 131 198
2693 -86 2 131 207
2694 -194 2 131 212
2695 48 2 131 213
2696 -78 2 131 214
2697 -44 2 131 218
2698 -152 2 131 222
2699 34 2 131 241
2700 46 2 131 250
2701 70 2 132 136
2702 -116 2 132 167
2703 126 2 132 171
2704 -24 2 132 181
2705 88 2 132 196
2706 26 2 132 201
2707 60 2 132 205
2708 -64 2 132 210
2709 -186 2 132 218
2710 -132 2 132 246
2711 118 2 133 136
2712 36 2 133 140
2713 42 2 133 182
2714 -156 2 133 195
2715 -6 2 133 199
2716 -150 2 133 227
2717 150 2 133 233
2718 26 2 133 249
2719 180 2 134 137
2720 158 2 134 180
2721 -10 2 134 189
2722 -72 2 134 197
2723 -144 2 134 199
2724 150 2 134 202
2725 -134 2 134 215
2726 168 2 134 219
2727 -196 2 134 225
2728 128 2 134 229
2729 100 2 134 238
2730 -8 2 134 245
2731 36 2 135 157
2732 154 2 135 162
2733 24 2 135 170
2734 -46 2 135 179
2735 -194 2 135 182
2736 -90 2 135 186
2737 -38 2 135 224
2738 148 2 135 225
2739 176 2 135 226
2740 34 2 135 227
2741 134 2 135 228
2742 106 2 135 241
2743 -36 2 136 138
2744 -136 2 136 143
2745 144 2 136 147
2746 60 2 136 148
2747 -132 2 136 160
2748 -176 2 136 174
2749 186 2 136 195
2750 104 2 136 221
2751 138 2 136 222
2752 -148 2 136 225
2753 192 2 136 234
2754 -36 2 136 242
2755 -176 2 136 243
2756 -110 2 136 248
2757 42 2 137 143
2758 -132 2 137 160
2759 120 2 137 167
2760 154 2 137 173
2761 -194 2 137 186
2762 172 2 137 200
2763 -80 2 137 202
2764 82 2 137 207
2765 -184 2 137 220
2766 52 2 137 223
2767 18 2 137 225
2768 178 2 137 242
2769 54 2 137 243
2770 114 2 138 148
2771 72 2 138 158
2772 -144 2 138 159
2773 -10 2 138 165
2774 100 2 138 175
2775 24 2 138 185
2776 -110 2 138 192
2777 162 2 138 200
2778 -112 2 138 205
2779 4 2 138 211
2780 -14 2 138 215
2781 -64 2 138 216
2782 -118 2 138 220
2783 138 2 138 228
2784 64 2 138 238
2785 10 2 138 244
2786 -110 2 138 245
2787 66 2 139 153
2788 172 2 139 156
2789 124 2 139 172
2790 -164 2 139 177
2791 -188 2 139 206
2792 -92 2 139 207
2793 -48 2 139 209
2794 -6 2 139 222
2795 30 2 139 224
2796 54 2 139 230
2797 -174 2 139 240
2798 -150 2 139 243
2799 152 2 140 146
2800 132 2 140 177
2801 40 2 140 186
2802 138 2 140 191
2803 -194 2 140 194
2804 -198 2 140 195
2805 -16 2 140 209
2806 92 2 140 211
2807 -102 2 140 226
2808 174 2 140 246
2809 -20 2 141 145
2810 -172 2 141 149
2811 -90 2 141 153
2812 68 2 141 158
2813 136 2 141 163
2814 130 2 141 172
2815 66 2 141 179
2816 -6 2 141 213
2817 180 2 141 225
2818 94 2 142 150
2819 -136 2 142 154
2820 100 2 142 164
2821 178 2 142 185
2822 90 2 142 187
2823 176 2 142 195
2824 -190 2 142 204
2825 -92 2 142 215
2826 -50 2 142 230
2827 146 2 143 149
2828 -40 2 143 158
2829 86 2 143 190
2830 82 2 143 198
2831 -136 2 143 206
2832 178 2 143 210
2833 -94 2 143 229
2834 -68 2 143 236
2835 -84 2 143 248
2836 90 2 144 169
2837 156 2 144 170
2838 112 2 144 176
2839 -116 2 144 205
2840 -138 2 144 211
2841 -90 2 144 216
2842 -12 2 144 219
2843 94 2 144 221
2844 -114 2 144 228
2845 -100 2 144 233
2846 192 2 145 163
2847 146 2 145 175
2848 188 2 145 198
2849 102 2 145 200
2850 52 2 145 202
2851 46 2 145 203
2852 -44 2 145 209
2853 -160 2 145 216
2854 -14 2 145 220
2855 84 2 145 229
2856 -144 2 146 154
2857 -58 2 146 158
2858 176 2 146 165
2859 -180 2 146 172
2860 -12 2 146 175
2861 -114 2 146 179
2862 78 2 146 184
2863 -68 2 146 206
2864 -32 2 146 207
2865 82 2 146 215
2866 -106 2 146 220
2867 -156 2 146 228
2868 132 2 146 230
2869 92 2 146 231
2870 38 2 146 248
2871 -154 2 147 151
2872 162 2 147 155
2873 24 2 147 167
2874 50 2 147 168
2875 170 2 147 170
2876 12 2 147 174
2877 196 2 147 182
2878 30 2 147 191
2879 48 2 147 194
2880 -84 2 147 199
2881 -96 2 147 231
2882 116 2 147 236
2883 96 2 147 240
2884 -96 2 147 248
2885 -164 2 148 155
2886 4 2 148 178
2887 -184 2 148 187
2888 -148 2 148 203
2889 -42 2 148 210
2890 190 2 148 212
2891 96 2 148 215
2892 -110 2 148 230
2893 8 2 149 153
2894 160 2 149 171
2895 -68 2 149 179
2896 -192 2 149 219
2897 -182 2 149 242
2898 128 2 150 153
2899 -58 2 150 160
2900 168 2 150 166
2901 6 2 150 173
2902 130 2 150 175
2903 100 2 150 181
2904 -116 2 150 202
2905 140 2 150 210
2906 64 2 150 218
2907 68 2 150 230
2908 -138 2 150 233
2909 -4 2 150 235
2910 -52 2 150 249
2911 -14 2 151 158
2912 152 2 151 161
2913 102 2 151 176
2914 -12 2 151 187
2915 -50 2 151 225
2916 -170 2 151 234
2917 -136 2 151 238
2918 72 2 151 244
2919 162 2 151 245
2920 126 2 152 155
2921 66 2 152 160
2922 -150 2 152 172
2923 -144 2 152 179
2924 4 2 152 183
2925 136 2 152 195
2926 -114 2 152 203
2927 26 2 152 217
2928 188 2 152 229
2929 114 2 152 233
2930 -28 2 152 239
2931 -36 2 153 157
2932 186 2 153 168
2933 106 2 153 171
2934 -80 2 153 176
2935 -156 2 153 186
2936 -82 2 153 189
2937 56 2 153 214
2938 58 2 153 217
2939 -144 2 153 223
2940 -100 2 153 245
2941 72 2 153 248
2942 200 2 153 250
2943 66 2 154 160
2944 150 2 154 168
2945 -66 2 154 195
2946 198 2 154 197
2947 58 2 154 225
2948 -82 2 154 233
2949 196 2 155 165
2950 166 2 155 171
2951 -192 2 155 189
2952 196 2 155 190
2953 68 2 155 204
2954 -104 2 155 210
2955 164 2 155 213
2956 -78 2 155 216
2957 112 2 155 217
2958 -30 2 155 219
2959 -184 2 155 220
2960 196 2 155 227
2961 -146 2 155 228
2962 152 2 156 157
2963 180 2 156 163
2964 92 2 156 164
2965 66 2 156 175
2966 68 2 156 182
2967 -104 2 156 186
2968 -170 2 156 197
2969 -90 2 156 204
2970 -142 2 156 206
2971 4 2 156 211
2972 -176 2 156 213
2973 -22 2 156 214
2974 -126 2 156 230
2975 106 2 156 232
2976 -104 2 156 233
2977 -14 2 156 234
2978 22 2 157 159
2979 66 2 157 169
2980 86 2 157 174
2981 -192 2 157 177
2982 -44 2 157 181
2983 108 2 157 182
2984 -168 2 157 192
2985 62 2 157 202
2986 54 2 157 211
2987 -158 2 157 216
2988 92 2 157 220
2989 -148 2 157 229
2990 -102 2 158 163
2991 182 2 158 174
2992 50 2 158 175
2993 146 2 158 185
2994 -118 2 158 192
2995 110 2 158 202
2996 -180 2 158 208
2997 28 2 158 214
2998 -60 2 159 166
2999 80 2 159 194
3000 -28 2 159 213
3001 12 2 159 224
3002 -122 2 159 235
3003 64 2 159 249
3004 -144 2 160 161
3005 -164 2 160 162
3006 186 2 160 173
3007 174 2 160 182
3008 -10 2 160 186
3009 -120 2 160 203
3010 -142 2 160 230
3011 -176 2 160 237
3012 -176 2 160 240
3013 94 2 160 244
3014 -170 2 161 164
3015 32 2 161 165
3016 150 2 161 232
3017 14 2 161 238
3018 -118 2 162 163
3019 -58 2 162 164
3020 84 2 162 171
3021 160 2 162 177
3022 38 2 162 180
3023 54 2 162 184
3024 50 2 162 197
3025 -120 2 162 202
3026 80 2 162 209
3027 180 2 162 228
3028 -134 2 162 247
3029 2 2 163 165
3030 -66 2 163 176
3031 66 2 163 182
3032 16 2 163 189
3033 -52 2 163 199
3034 174 2 163 211
3035 42 2 163 228
3036 120 2 163 249
3037 -158 2 164 165
3038 82 2 164 168
3039 -100 2 164 169
3040 -194 2 164 180
3041 34 2 164 181
3042 -52 2 164 194
3043 154 2 164 201
3044 26 2 164 202
3045 174 2 164 216
3046 -186 2 164 221
3047 -18 2 164 230
3048 -186 2 164 240
3049 -88 2 165 168
3050 -114 2 165 171
3051 76 2 165 186
3052 -64 2 165 192
3053 -136 2 165 198
3054 22 2 165 200
3055 -4 2 165 203
3056 -78 2 165 206
3057 38 2 165 211
3058 -20 2 165 217
3059 34 2 165 232
3060 -82 2 165 237
3061 -144 2 166 170
3062 -68 2 166 181
3063 -136 2 166 212
3064 -62 2 166 236
3065 -48 2 167 192
3066 -36 2 167 202
3067 -14 2 167 210
3068 -56 2 167 220
3069 -86 2 167 240
3070 20 2 167 245
3071 -68 2 168 169
3072 78 2 168 177
3073 -186 2 168 202
3074 158 2 168 212
3075 -28 2 168 216
3076 32 2 168 225
3077 -110 2 168 238
3078 120 2 168 242
3079 -54 2 169 185
3080 132 2 169 191
3081 76 2 169 207
3082 24 2 169 209
3083 -4 2 169 222
3084 -148 2 169 228
3085 2 2 169 244
3086 -14 2 169 247
3087 24 2 169 248
3088 64 2 170 185
3089 64 2 170 192
3090 -36 2 170 207
3091 76 2 170 208
3092 48 2 170 212
3093 -138 2 170 224
3094 30 2 170 228
3095 82 2 170 236
3096 142 2 171 187
3097 -164 2 171 198
3098 42 2 171 200
3099 134 2 171 212
3100 -64 2 171 215
3101 98 2 171 220
3102 -132 2 171 222
3103 -156 2 171 226
3104 196 2 171 227
3105 6 2 171 234
3106 26 2 171 242
3107 180 2 171 250
3108 80 2 172 177
3109 68 2 172 181
3110 -10 2 172 184
3111 -174 2 172 193
3112 184 2 172 215
3113 26 2 172 225
3114 -162 2 172 229
3115 80 2 172 230
3116 -126 2 172 234
3117 -20 2 172 235
3118 78 2 172 240
3119 74 2 173 196
3120 -144 2 173 197
3121 2 2 173 205
3122 128 2 173 217
3123 36 2 173 221
3124 106 2 173 226
3125 -34 2 173 234
3126 192 2 173 239
3127 -16 2 173 247
3128 12 2 174 196
3129 76 2 174 199
3130 128 2 174 218
3131 -138 2 174 225
3132 150 2 174 228
3133 94 2 174 236
3134 -114 2 175 189
3135 -68 2 175 196
3136 38 2 175 197
3137 14 2 175 201
3138 -68 2 175 240
3139 176 2 175 241
3140 200 2 176 187
3141 138 2 176 192
3142 -128 2 176 207
3143 62 2 176 209
3144 66 2 176 218
3145 -144 2 176 232
3146 -68 2 176 249
3147 176 2 176 250
3148 14 2 177 180
3149 -56 2 177 185
3150 -136 2 177 188
3151 -44 2 177 191
3152 -80 2 177 195
3153 108 2 177 204
3154 -148 2 177 207
3155 -86 2 177 213
3156 -2 2 177 235
3157 -134 2 177 241
3158 132 2 177 248
3159 -52 2 178 190
3160 166 2 178 199
3161 -26 2 178 203
3162 178 2 178 211
3163 170 2 178 217
3164 -152 2 178 218
3165 -108 2 178 220
3166 -48 2 178 227
3167 32 2 178 230
3168 46 2 179 186
3169 148 2 179 195
3170 136 2 179 205
3171 100 2 179 209
3172 -152 2 179 243
3173 6 2 180 184
3174 18 2 180 193
3175 34 2 180 200
3176 -160 2 180 206
3177 98 2 180 213
3178 134 2 180 218
3179 4 2 180 240
3180 -138 2 180 247
3181 68 2 180 248
3182 -52 2 181 183
3183 -150 2 181 199
3184 -182 2 181 212
3185 134 2 181 216
3186 26 2 181 220
3187 -192 2 181 225
3188 -36 2 181 239
3189 -86 2 181 243
3190 180 2 182 186
3191 54 2 182 195
3192 -198 2 182 197
3193 200 2 182 198
3194 -92 2 182 200
3195 -178 2 182 202
3196 -36 2 182 209
3197 -94 2 182 230
3198 146 2 182 243
3199 88 2 182 245
3200 102 2 182 250
3201 -188 2 183 191
3202 118 2 183 198
3203 -8 2 183 204
3204 32 2 183 205
3205 146 2 183 209
3206 -74 2 183 210
3207 -4 2 183 221
3208 -66 2 183 229
3209 -98 2 183 236
3210 -10 2 184 186
3211 14 2 184 188
3212 16 2 184 189
3213 -6 2 184 190
3214 -144 2 184 204
3215 -190 2 184 218
3216 -70 2 184 224
3217 -52 2 184 240
3218 -40 2 185 190
3219 -36 2 185 198
3220 -186 2 185 208
3221 -64 2 185 212
3222 140 2 185 215
3223 -38 2 185 229
3224 94 2 185 230
3225 -54 2 185 246
3226 22 2 185 249
3227 -198 2 186 202
3228 198 2 186 203
3229 184 2 186 215
3230 148 2 186 229
3231 170 2 186 230
3232 200 2 186 233
3233 -6 2 187 192
3234 60 2 187 198
3235 -10 2 187 205
3236 20 2 187 221
3237 -56 2 187 235
3238 -134 2 188 191
3239 128 2 188 196
3240 60 2 188 200
3241 180 2 188 216
3242 -142 2 188 220
3243 152 2 188 238
3244 -2 2 188 239
3245 -86 2 188 244
3246 194 2 189 202
3247 192 2 189 204
3248 90 2 189 211
3249 -192 2 189 233
3250 -62 2 189 241
3251 -68 2 190 200
3252 60 2 190 205
3253 -78 2 190 216
3254 48 2 190 223
3255 -56 2 190 224
3256 -146 2 190 239
3257 -120 2 190 247
3258 -108 2 191 199
3259 -94 2 191 208
3260 -170 2 191 218
3261 100 2 191 225
3262 -88 2 191 228
3263 -54 2 191 232
3264 108 2 191 244
3265 152 2 191 248
3266 -58 2 192 193
3267 6 2 192 226
3268 16 2 192 227
3269 190 2 192 237
3270 32 2 192 243
3271 -66 2 192 245
3272 172 2 193 208
3273 -82 2 193 211
3274 -154 2 193 214
3275 190 2 193 227
3276 -4 2 193 231
3277 122 2 193 233
3278 -62 2 193 236
3279 182 2 193 239
3280 108 2 193 240
3281 -78 2 194 200
3282 142 2 194 215
3283 -62 2 194 221
3284 122 2 194 231
3285 106 2 194 233
3286 -98 2 194 240
3287 -162 2 195 200
3288 108 2 195 203
3289 -110 2 195 214
3290 -106 2 195 221
3291 98 2 195 231
3292 30 2 196 203
3293 -38 2 196 211
3294 14 2 196 224
3295 -86 2 196 230
3296 -68 2 196 231
3297 36 2 196 235
3298 -146 2 196 248
3299 -168 2 197 213
3300 -124 2 197 240
3301 -4 2 197 243
3302 -60 2 197 246
3303 -126 2 197 248
3304 178 2 198 247
3305 198 2 198 250
3306 30 2 199 200
3307 -176 2 199 201
3308 -176 2 200 213
3309 194 2 200 214
3310 -170 2 200 217
3311 14 2 200 221
3312 -4 2 200 223
3313 32 2 200 225
3314 78 2 200 234
3315 -142 2 200 241
3316 -82 2 200 245
3317 -8 2 201 204
3318 176 2 201 207
3319 72 2 201 240
3320 56 2 201 242
3321 142 2 202 222
3322 -84 2 202 231
3323 48 2 202 239
3324 -66 2 202 244
3325 60 2 203 206
3326 92 2 203 215
3327 -52 2 203 240
3328 -82 2 203 242
3329 -62 2 203 247
3330 -146 2 204 223
3331 126 2 204 225
3332 26 2 204 231
3333 4 2 204 236
3334 126 2 204 238
3335 182 2 204 240
3336 140 2 204 249
3337 -70 2 204 250
3338 -14 2 205 212
3339 76 2 205 225
3340 -50 2 205 229
3341 28 2 205 235
3342 182 2 205 239
3343 128 2 206 207
3344 -164 2 206 222
3345 -114 2 206 245
3346 86 2 207 212
3347 26 2 207 226
3348 142 2 207 250
3349 40 2 208 225
3350 114 2 208 226
3351 -96 2 208 250
3352 -72 2 209 221
3353 -20 2 209 224
3354 -98 2 209 230
3355 -124 2 209 248
3356 80 2 210 214
3357 -126 2 210 233
3358 -186 2 210 238
3359 -102 2 210 243
3360 14 2 211 215
3361 186 2 211 219
3362 -24 2 211 222
3363 -132 2 211 249
3364 -118 2 213 234
3365 -162 2 213 235
3366 196 2 213 239
3367 -170 2 213 244
3368 -122 2 213 250
3369 158 2 214 215
3370 -28 2 214 221
3371 -22 2 214 229
3372 50 2 215 218
3373 -14 2 215 221
3374 162 2 215 223
3375 -158 2 215 231
3376 14 2 215 238
3377 -78 2 215 245
3378 -60 2 215 249
3379 192 2 216 218
3380 -50 2 216 220
3381 -84 2 216 242
3382 -38 2 217 224
3383 -152 2 217 231
3384 158 2 217 236
3385 -104 2 217 246
3386 -194 2 218 221
3387 118 2 219 223
3388 -68 2 219 228
3389 88 2 219 229
3390 176 2 219 240
3391 64 2 220 225
3392 -76 2 220 230
3393 56 2 220 237
3394 166 2 221 237
3395 76 2 221 241
3396 -158 2 221 250
3397 -14 2 223 231
3398 -44 2 224 229
3399 -136 2 224 240
3400 16 2 224 244
3401 180 2 225 249
3402 90 2 226 235
3403 104 2 227 229
3404 128 2 227 235
3405 6 2 227 237
3406 146 2 227 238
3407 172 2 228 242
3408 112 2 228 243
3409 116 2 228 247
3410 80 2 228 249
3411 -106 2 229 234
3412 116 2 230 244
3413 10 2 231 232
3414 54 2 231 246
3415 -88 2 232 241
3416 -148 2 232 243
3417 4 2 232 246
3418 88 2 233 243
3419 60 2 234 247
3420 26 2 235 239
3421 178 2 235 240
3422 -36 2 236 237
3423 -70 2 237 248
3424 50 2 239 244
3425 -196 2 239 250
3426 2 2 240 246
3427 -142 2 241 247
3428 156 2 242 243
3429 82 2 244 245
3430 22 2 244 246
3431 106 2 244 247
3432 128 2 245 246
3433 82 2 246 247
