250 3397 0
0
1 -193 1 1
2 -64 1 2
3 562 1 3
4 87 1 4
5 75 1 5
6 -124 1 6
7 -83 1 7
8 -192 1 8
9 13 1 9
10 61 1 10
11 188 1 11
12 -284 1 12
13 -124 1 13
14 224 1 14
15 -16 1 15
16 -5 1 16
17 -442 1 17
18 168 1 18
19 82 1 19
20 423 1 20
21 -102 1 21
22 775 1 22
23 45 1 23
24 71 1 24
25 235 1 25
26 265 1 26
27 207 1 27
28 327 1 28
29 245 1 29
30 -71 1 30
31 20 1 31
32 533 1 32
33 4 1 33
34 -456 1 34
35 399 1 35
36 164 1 36
37 -438 1 37
38 332 1 38
39 272 1 39
40 201 1 40
41 -269 1 41
42 -353 1 42
43 114 1 43
44 -377 1 44
45 211 1 45
46 -257 1 46
47 60 1 47
48 -259 1 48
49 -342 1 49
50 -657 1 50
51 -247 1 51
52 308 1 52
53 -652 1 53
54 350 1 54
55 193 1 55
56 -19 1 56
57 301 1 57
58 -13 1 58
59 2 1 59
60 -184 1 60
61 621 1 61
62 71 1 62
63 148 1 63
64 -286 1 64
65 400 1 65
66 265 1 66
67 361 1 67
68 47 1 68
69 -88 1 69
70 -223 1 70
71 514 1 71
72 19 1 72
73 40 1 73
74 106 1 74
75 218 1 75
76 198 1 76
77 -589 1 77
78 -239 1 78
79 560 1 79
80 -62 1 80
81 335 1 81
82 -387 1 82
83 -261 1 83
84 -168 1 84
85 -229 1 85
86 276 1 86
87 -135 1 87
88 -18 1 88
89 44 1 89
90 432 1 90
91 66 1 91
92 555 1 92
93 -370 1 93
94 293 1 94
95 471 1 95
96 -39 1 96
97 -307 1 97
98 -131 1 98
99 -32 1 99
100 -216 1 100
101 -148 1 101
102 238 1 102
103 332 1 103
104 -135 1 104
105 -364 1 105
106 -447 1 106
107 -474 1 107
108 244 1 108
109 -106 1 109
110 349 1 110
111 16 1 111
112 -149 1 112
113 19 1 113
114 -44 1 114
115 -275 1 115
116 -196 1 116
117 -69 1 117
118 316 1 118
119 -99 1 119
120 -38 1 120
121 -8 1 121
122 47 1 122
123 -330 1 123
124 -5 1 124
125 152 1 125
126 91 1 126
127 80 1 127
128 -424 1 128
129 254 1 129
130 277 1 130
131 -23 1 131
132 424 1 132
133 422 1 133
134 382 1 134
135 -338 1 135
136 569 1 136
137 -171 1 137
138 182 1 138
139 39 1 139
140 -442 1 140
141 527 1 141
142 429 1 142
143 203 1 143
144 -118 1 144
145 -415 1 145
146 527 1 146
147 905 1 147
148 -140 1 148
149 143 1 149
150 191 1 150
151 -202 1 151
152 207 1 152
153 -177 1 153
154 -295 1 154
155 260 1 155
156 -13 1 156
157 -149 1 157
158 526 1 158
159 385 1 159
160 703 1 160
161 207 1 161
162 176 1 162
163 312 1 163
164 -390 1 164
165 -335 1 165
166 115 1 166
167 -201 1 167
168 -298 1 168
169 -297 1 169
170 392 1 170
171 109 1 171
172 82 1 172
173 -10 1 173
174 119 1 174
175 60 1 175
176 -718 1 176
177 -14 1 177
178 -152 1 178
179 -431 1 179
180 -92 1 180
181 176 1 181
182 -39 1 182
183 112 1 183
184 -102 1 184
185 -481 1 185
186 130 1 186
187 -145 1 187
188 80 1 188
189 -18 1 189
190 311 1 190
191 -427 1 191
192 67 1 192
193 173 1 193
194 571 1 194
195 100 1 195
196 70 1 196
197 163 1 197
198 350 1 198
199 24 1 199
200 227 1 200
201 -298 1 201
202 336 1 202
203 -557 1 203
204 -78 1 204
205 545 1 205
206 -477 1 206
207 135 1 207
208 61 1 208
209 -234 1 209
210 -114 1 210
211 313 1 211
212 -20 1 212
213 269 1 213
214 -225 1 214
215 126 1 215
216 -86 1 216
217 150 1 217
218 524 1 218
219 -32 1 219
220 -461 1 220
221 -784 1 221
222 125 1 222
223 369 1 223
224 -10 1 224
225 20 1 225
226 -58 1 226
227 132 1 227
228 162 1 228
229 84 1 229
230 -41 1 230
231 432 1 231
232 647 1 232
233 121 1 233
234 -304 1 234
235 602 1 235
236 74 1 236
237 -254 1 237
238 -228 1 238
239 -376 1 239
240 116 1 240
241 -79 1 241
242 -43 1 242
243 297 1 243
244 -305 1 244
245 -30 1 245
246 -137 1 246
247 212 1 247
248 -273 1 248
249 444 1 249
250 235 1 250
251 -92 2 1 6
252 132 2 1 15
253 -86 2 1 37
254 -84 2 1 40
255 88 2 1 49
256 4 2 1 56
257 184 2 1 62
258 194 2 1 78
259 -26 2 1 108
260 80 2 1 112
261 32 2 1 133
262 190 2 1 148
263 -98 2 1 150
264 -92 2 1 160
265 -44 2 1 163
266 120 2 1 173
267 -34 2 1 176
268 140 2 1 204
269 -92 2 1 208
270 -118 2 1 214
271 -74 2 1 230
272 102 2 1 249
273 -40 2 1 250
274 -44 2 2 15
275 -108 2 2 35
276 -170 2 2 52
277 -174 2 2 58
278 -94 2 2 62
279 -168 2 2 67
280 -10 2 2 74
281 112 2 2 76
282 -12 2 2 78
283 34 2 2 89
284 178 2 2 99
285 190 2 2 106
286 146 2 2 123
287 46 2 2 125
288 -60 2 2 141
289 130 2 2 175
290 166 2 2 186
291 -82 2 2 194
292 190 2 2 195
293 56 2 2 201
294 -142 2 2 219
295 -56 2 2 235
296 -40 2 3 21
297 156 2 3 26
298 -168 2 3 27
299 -8 2 3 28
300 -62 2 3 30
301 -68 2 3 52
302 -86 2 3 58
303 -132 2 3 59
304 -168 2 3 61
305 -60 2 3 70
306 92 2 3 77
307 -166 2 3 92
308 -106 2 3 95
309 120 2 3 106
310 80 2 3 107
311 -114 2 3 114
312 -124 2 3 119
313 -124 2 3 122
314 -58 2 3 166
315 -170 2 3 171
316 -66 2 3 176
317 42 2 3 190
318 76 2 3 196
319 184 2 3 205
320 124 2 3 214
321 -182 2 3 218
322 104 2 3 219
323 -80 2 3 233
324 -120 2 3 234
325 -148 2 4 17
326 54 2 4 23
327 -148 2 4 28
328 42 2 4 38
329 -138 2 4 62
330 82 2 4 67
331 112 2 4 72
332 196 2 4 73
333 90 2 4 84
334 -110 2 4 87
335 -134 2 4 90
336 -144 2 4 95
337 -16 2 4 98
338 190 2 4 111
339 -74 2 4 136
340 -44 2 4 144
341 126 2 4 158
342 6 2 4 169
343 -128 2 4 175
344 -42 2 4 191
345 -96 2 4 195
346 -180 2 4 197
347 192 2 4 215
348 -114 2 4 227
349 68 2 4 228
350 34 2 4 231
351 150 2 4 250
352 180 2 5 8
353 126 2 5 17
354 -124 2 5 25
355 82 2 5 27
356 62 2 5 45
357 138 2 5 48
358 -162 2 5 54
359 -112 2 5 77
360 -90 2 5 86
361 24 2 5 93
362 -70 2 5 102
363 -148 2 5 107
364 -114 2 5 109
365 -22 2 5 111
366 -4 2 5 118
367 -82 2 5 121
368 -102 2 5 136
369 192 2 5 139
370 -116 2 5 142
371 2 2 5 159
372 -56 2 5 171
373 66 2 5 180
374 140 2 5 181
375 162 2 5 192
376 -100 2 5 203
377 -66 2 5 225
378 128 2 5 232
379 -84 2 5 233
380 136 2 6 13
381 -152 2 6 22
382 -162 2 6 29
383 -112 2 6 33
384 -4 2 6 44
385 196 2 6 50
386 172 2 6 55
387 140 2 6 57
388 -62 2 6 64
389 100 2 6 66
390 166 2 6 75
391 -32 2 6 79
392 88 2 6 93
393 48 2 6 104
394 -130 2 6 110
395 -102 2 6 151
396 198 2 6 161
397 118 2 6 173
398 -2 2 6 174
399 -140 2 6 179
400 74 2 6 192
401 -174 2 6 195
402 -46 2 6 205
403 14 2 6 210
404 -128 2 6 213
405 -36 2 6 216
406 30 2 6 218
407 174 2 6 224
408 -32 2 6 237
409 -22 2 7 20
410 12 2 7 23
411 46 2 7 41
412 106 2 7 42
413 38 2 7 46
414 62 2 7 50
415 -40 2 7 53
416 42 2 7 56
417 -44 2 7 59
418 148 2 7 60
419 -126 2 7 73
420 16 2 7 82
421 16 2 7 92
422 196 2 7 96
423 52 2 7 98
424 -4 2 7 111
425 -178 2 7 130
426 -68 2 7 139
427 -166 2 7 147
428 -86 2 7 148
429 74 2 7 153
430 42 2 7 158
431 128 2 7 187
432 -78 2 7 208
433 -64 2 8 37
434 -62 2 8 39
435 28 2 8 50
436 164 2 8 54
437 -122 2 8 60
438 -176 2 8 69
439 108 2 8 82
440 146 2 8 83
441 -82 2 8 90
442 130 2 8 113
443 70 2 8 127
444 -182 2 8 152
445 150 2 8 163
446 90 2 8 169
447 24 2 8 173
448 148 2 8 181
449 14 2 8 205
450 -186 2 8 217
451 -94 2 8 223
452 -166 2 8 232
453 140 2 8 244
454 126 2 8 246
455 -128 2 9 71
456 120 2 9 72
457 -142 2 9 82
458 40 2 9 87
459 32 2 9 95
460 -168 2 9 131
461 -72 2 9 166
462 52 2 9 173
463 110 2 9 180
464 72 2 9 183
465 158 2 9 185
466 42 2 9 188
467 -130 2 9 192
468 -16 2 9 194
469 12 2 9 200
470 174 2 9 203
471 124 2 9 228
472 -196 2 9 235
473 -76 2 9 244
474 -34 2 9 250
475 -142 2 10 38
476 -108 2 10 57
477 -42 2 10 61
478 -86 2 10 81
479 66 2 10 84
480 -136 2 10 89
481 -116 2 10 90
482 194 2 10 92
483 -96 2 10 100
484 88 2 10 120
485 118 2 10 122
486 74 2 10 137
487 196 2 10 140
488 68 2 10 142
489 184 2 10 157
490 -80 2 10 194
491 16 2 10 199
492 76 2 10 205
493 52 2 10 211
494 -28 2 10 214
495 -62 2 10 218
496 -12 2 10 225
497 -42 2 10 227
498 2 2 10 233
499 -14 2 10 236
500 -92 2 10 237
501 38 2 10 242
502 82 2 10 243
503 -134 2 10 244
504 -186 2 10 247
505 -108 2 11 18
506 86 2 11 40
507 -122 2 11 41
508 -184 2 11 50
509 32 2 11 71
510 -98 2 11 82
511 92 2 11 87
512 -80 2 11 90
513 -98 2 11 95
514 20 2 11 107
515 -130 2 11 115
516 184 2 11 116
517 -160 2 11 133
518 -126 2 11 148
519 158 2 11 151
520 -36 2 11 160
521 38 2 11 167
522 82 2 11 174
523 -14 2 11 191
524 186 2 11 206
525 -22 2 11 223
526 152 2 11 231
527 -194 2 11 235
528 -158 2 11 241
529 162 2 11 242
530 -38 2 11 249
531 -78 2 12 18
532 116 2 12 22
533 104 2 12 42
534 -126 2 12 63
535 94 2 12 73
536 -144 2 12 75
537 54 2 12 93
538 112 2 12 98
539 50 2 12 105
540 -68 2 12 107
541 16 2 12 110
542 128 2 12 128
543 106 2 12 138
544 194 2 12 154
545 86 2 12 159
546 72 2 12 178
547 -128 2 12 180
548 -86 2 12 191
549 36 2 12 193
550 12 2 12 200
551 66 2 12 219
552 -48 2 12 221
553 -72 2 13 22
554 -138 2 13 28
555 154 2 13 36
556 -18 2 13 51
557 10 2 13 54
558 -20 2 13 71
559 52 2 13 74
560 172 2 13 79
561 122 2 13 94
562 188 2 13 96
563 -88 2 13 101
564 -18 2 13 109
565 80 2 13 112
566 -14 2 13 127
567 42 2 13 142
568 -96 2 13 152
569 82 2 13 158
570 -46 2 13 159
571 -94 2 13 160
572 -104 2 13 181
573 -16 2 13 192
574 -176 2 13 202
575 -52 2 13 205
576 82 2 13 208
577 -54 2 13 215
578 60 2 13 236
579 162 2 13 237
580 42 2 13 240
581 -130 2 13 249
582 -92 2 14 15
583 -32 2 14 51
584 -142 2 14 52
585 -6 2 14 79
586 -84 2 14 91
587 88 2 14 105
588 -78 2 14 116
589 40 2 14 119
590 20 2 14 125
591 -18 2 14 145
592 -120 2 14 154
593 134 2 14 160
594 30 2 14 172
595 -86 2 14 180
596 -110 2 14 185
597 126 2 14 194
598 -192 2 14 198
599 88 2 14 208
600 136 2 14 211
601 -80 2 14 215
602 38 2 14 224
603 -108 2 14 231
604 196 2 15 23
605 -136 2 15 39
606 -112 2 15 58
607 28 2 15 75
608 -124 2 15 96
609 164 2 15 112
610 56 2 15 123
611 54 2 15 144
612 -148 2 15 149
613 170 2 15 184
614 -196 2 15 186
615 98 2 15 188
616 -36 2 15 193
617 -124 2 15 196
618 58 2 15 204
619 -192 2 15 205
620 170 2 15 206
621 32 2 15 216
622 -90 2 15 217
623 90 2 15 226
624 -60 2 15 232
625 186 2 15 239
626 -48 2 15 242
627 -128 2 16 34
628 114 2 16 42
629 -102 2 16 62
630 -2 2 16 67
631 -6 2 16 72
632 -16 2 16 139
633 100 2 16 140
634 90 2 16 154
635 -110 2 16 155
636 -58 2 16 157
637 76 2 16 158
638 -54 2 16 160
639 54 2 16 163
640 190 2 16 164
641 102 2 16 171
642 -40 2 16 174
643 106 2 16 176
644 -30 2 16 197
645 -198 2 16 202
646 -78 2 16 208
647 44 2 17 37
648 -92 2 17 38
649 100 2 17 41
650 142 2 17 57
651 108 2 17 62
652 -4 2 17 63
653 110 2 17 86
654 166 2 17 95
655 122 2 17 101
656 -188 2 17 109
657 66 2 17 128
658 46 2 17 140
659 104 2 17 154
660 94 2 17 159
661 -48 2 17 181
662 168 2 17 187
663 -84 2 17 194
664 -164 2 17 218
665 170 2 17 219
666 -42 2 17 227
667 38 2 17 230
668 50 2 17 237
669 108 2 18 24
670 -28 2 18 31
671 34 2 18 60
672 -58 2 18 79
673 2 2 18 85
674 26 2 18 89
675 112 2 18 100
676 -90 2 18 109
677 -30 2 18 129
678 -180 2 18 154
679 -96 2 18 155
680 -30 2 18 162
681 30 2 18 165
682 144 2 18 174
683 -50 2 18 180
684 -124 2 18 185
685 180 2 18 191
686 -170 2 18 204
687 -20 2 18 218
688 -110 2 18 225
689 196 2 18 227
690 -26 2 18 243
691 20 2 18 245
692 -120 2 18 246
693 130 2 18 248
694 -40 2 19 22
695 56 2 19 32
696 -124 2 19 54
697 118 2 19 59
698 -176 2 19 74
699 -96 2 19 81
700 38 2 19 88
701 -118 2 19 94
702 -68 2 19 133
703 -70 2 19 144
704 120 2 19 154
705 8 2 19 161
706 158 2 19 173
707 126 2 19 174
708 26 2 19 175
709 -186 2 19 198
710 -40 2 19 223
711 160 2 19 225
712 80 2 19 229
713 118 2 19 232
714 -116 2 19 243
715 -138 2 19 247
716 -114 2 20 21
717 -178 2 20 38
718 -54 2 20 41
719 20 2 20 45
720 -180 2 20 59
721 20 2 20 68
722 98 2 20 70
723 2 2 20 101
724 64 2 20 106
725 106 2 20 124
726 66 2 20 154
727 -136 2 20 176
728 -12 2 20 189
729 -174 2 20 225
730 -174 2 20 245
731 -178 2 20 250
732 -28 2 21 29
733 168 2 21 45
734 -96 2 21 65
735 -100 2 21 79
736 172 2 21 83
737 -94 2 21 98
738 32 2 21 101
739 40 2 21 111
740 94 2 21 122
741 108 2 21 142
742 -166 2 21 143
743 -152 2 21 147
744 -62 2 21 152
745 -78 2 21 159
746 36 2 21 161
747 86 2 21 202
748 -160 2 21 207
749 120 2 21 210
750 136 2 21 222
751 -38 2 21 228
752 184 2 21 234
753 -16 2 21 237
754 172 2 21 241
755 -120 2 22 26
756 50 2 22 50
757 -36 2 22 53
758 -108 2 22 54
759 -152 2 22 62
760 -152 2 22 63
761 180 2 22 68
762 -60 2 22 83
763 -94 2 22 89
764 140 2 22 106
765 -136 2 22 109
766 20 2 22 129
767 184 2 22 144
768 -100 2 22 148
769 -140 2 22 155
770 -148 2 22 159
771 30 2 22 169
772 126 2 22 171
773 -100 2 22 185
774 -118 2 22 194
775 -146 2 22 195
776 -134 2 22 209
777 -126 2 22 223
778 -176 2 22 232
779 -86 2 22 235
780 -74 2 23 29
781 -62 2 23 45
782 -92 2 23 72
783 -24 2 23 75
784 -32 2 23 77
785 178 2 23 85
786 38 2 23 98
787 150 2 23 126
788 -120 2 23 132
789 -124 2 23 153
790 190 2 23 156
791 -2 2 23 171
792 80 2 23 172
793 30 2 23 188
794 -82 2 23 202
795 -62 2 23 206
796 -178 2 23 207
797 -88 2 23 210
798 80 2 23 222
799 -140 2 23 228
800 142 2 23 233
801 -78 2 23 238
802 -82 2 23 244
803 -110 2 24 25
804 72 2 24 26
805 -98 2 24 27
806 -18 2 24 37
807 156 2 24 47
808 48 2 24 50
809 -124 2 24 54
810 12 2 24 75
811 98 2 24 81
812 -74 2 24 89
813 116 2 24 91
814 -48 2 24 99
815 18 2 24 106
816 -144 2 24 115
817 94 2 24 127
818 -98 2 24 136
819 -2 2 24 139
820 -30 2 24 163
821 -110 2 24 176
822 28 2 24 180
823 -146 2 24 183
824 -34 2 24 184
825 182 2 24 187
826 -172 2 24 188
827 100 2 24 193
828 126 2 24 194
829 -22 2 24 219
830 -118 2 24 237
831 170 2 24 238
832 -190 2 24 243
833 68 2 24 245
834 44 2 25 35
835 -94 2 25 48
836 142 2 25 50
837 -78 2 25 56
838 -148 2 25 58
839 -10 2 25 61
840 -90 2 25 62
841 176 2 25 76
842 144 2 25 84
843 -136 2 25 98
844 20 2 25 105
845 -26 2 25 115
846 -94 2 25 122
847 104 2 25 130
848 102 2 25 133
849 22 2 25 143
850 -94 2 25 160
851 -196 2 25 167
852 -194 2 25 191
853 160 2 25 192
854 136 2 25 209
855 -98 2 25 211
856 26 2 25 222
857 -54 2 25 232
858 -84 2 26 36
859 52 2 26 77
860 -62 2 26 87
861 -50 2 26 93
862 -42 2 26 104
863 -114 2 26 141
864 -142 2 26 155
865 -150 2 26 167
866 12 2 26 174
867 128 2 26 180
868 180 2 26 185
869 102 2 26 186
870 -194 2 26 193
871 -180 2 26 194
872 -42 2 26 197
873 146 2 26 198
874 -176 2 26 211
875 126 2 26 224
876 -50 2 26 225
877 118 2 26 227
878 -60 2 26 238
879 30 2 26 243
880 -186 2 26 249
881 138 2 27 41
882 168 2 27 42
883 -66 2 27 50
884 42 2 27 51
885 -184 2 27 63
886 -68 2 27 65
887 30 2 27 66
888 -154 2 27 69
889 46 2 27 116
890 -118 2 27 119
891 34 2 27 127
892 -30 2 27 144
893 186 2 27 146
894 12 2 27 149
895 -10 2 27 205
896 -46 2 27 207
897 -140 2 27 214
898 124 2 27 217
899 -36 2 27 221
900 -178 2 27 224
901 40 2 27 226
902 44 2 27 244
903 -64 2 27 249
904 -184 2 28 30
905 -78 2 28 41
906 68 2 28 45
907 62 2 28 56
908 -160 2 28 74
909 -48 2 28 76
910 -8 2 28 87
911 98 2 28 99
912 -40 2 28 103
913 80 2 28 134
914 122 2 28 135
915 4 2 28 138
916 138 2 28 149
917 -74 2 28 159
918 -36 2 28 164
919 -110 2 28 180
920 -108 2 28 184
921 108 2 28 187
922 -170 2 28 211
923 140 2 28 231
924 -164 2 28 235
925 140 2 29 37
926 -30 2 29 53
927 -188 2 29 80
928 -142 2 29 89
929 -56 2 29 108
930 -100 2 29 118
931 124 2 29 139
932 -40 2 29 171
933 -88 2 29 173
934 74 2 29 181
935 190 2 29 193
936 180 2 29 221
937 -128 2 29 227
938 -174 2 29 235
939 72 2 29 244
940 -60 2 29 250
941 30 2 30 52
942 158 2 30 53
943 48 2 30 58
944 116 2 30 59
945 -192 2 30 65
946 80 2 30 77
947 -140 2 30 80
948 104 2 30 85
949 124 2 30 86
950 144 2 30 88
951 -94 2 30 90
952 -140 2 30 92
953 62 2 30 105
954 76 2 30 110
955 138 2 30 117
956 -164 2 30 126
957 -180 2 30 158
958 134 2 30 165
959 176 2 30 175
960 -90 2 30 182
961 -128 2 30 188
962 -62 2 30 200
963 166 2 30 215
964 -88 2 30 243
965 110 2 30 244
966 -18 2 31 38
967 44 2 31 39
968 30 2 31 53
969 -16 2 31 56
970 170 2 31 58
971 164 2 31 71
972 -182 2 31 74
973 -132 2 31 84
974 -42 2 31 96
975 -38 2 31 117
976 -180 2 31 122
977 122 2 31 143
978 -16 2 31 147
979 116 2 31 179
980 -40 2 31 215
981 -96 2 31 224
982 92 2 31 233
983 10 2 31 241
984 30 2 32 33
985 60 2 32 36
986 4 2 32 39
987 -14 2 32 43
988 108 2 32 46
989 138 2 32 55
990 -18 2 32 63
991 12 2 32 88
992 -26 2 32 94
993 72 2 32 99
994 -150 2 32 102
995 -34 2 32 103
996 98 2 32 104
997 -162 2 32 105
998 -186 2 32 108
999 26 2 32 119
1000 -180 2 32 122
1001 -116 2 32 133
1002 -198 2 32 138
1003 -122 2 32 139
1004 56 2 32 161
1005 54 2 32 166
1006 -98 2 32 188
1007 6 2 32 189
1008 -92 2 32 206
1009 -182 2 32 245
1010 -178 2 32 246
1011 -30 2 32 249
1012 182 2 33 42
1013 74 2 33 53
1014 28 2 33 55
1015 -104 2 33 66
1016 -84 2 33 79
1017 92 2 33 87
1018 -16 2 33 88
1019 144 2 33 109
1020 24 2 33 132
1021 -88 2 33 135
1022 -190 2 33 142
1023 -76 2 33 147
1024 -30 2 33 157
1025 102 2 33 161
1026 -48 2 33 163
1027 -14 2 33 168
1028 54 2 33 173
1029 -106 2 33 180
1030 160 2 33 181
1031 194 2 33 182
1032 36 2 33 186
1033 160 2 33 193
1034 -174 2 33 194
1035 -106 2 33 195
1036 20 2 33 231
1037 -160 2 33 248
1038 50 2 34 53
1039 -136 2 34 58
1040 82 2 34 72
1041 140 2 34 74
1042 62 2 34 78
1043 182 2 34 104
1044 134 2 34 108
1045 90 2 34 113
1046 54 2 34 131
1047 36 2 34 132
1048 -186 2 34 156
1049 170 2 34 177
1050 6 2 34 186
1051 140 2 34 215
1052 130 2 34 224
1053 -32 2 34 228
1054 -104 2 34 232
1055 -44 2 34 233
1056 156 2 34 236
1057 76 2 34 243
1058 34 2 34 247
1059 82 2 35 39
1060 -82 2 35 57
1061 -56 2 35 65
1062 -150 2 35 71
1063 -174 2 35 74
1064 -90 2 35 82
1065 -64 2 35 90
1066 186 2 35 123
1067 96 2 35 124
1068 -34 2 35 130
1069 174 2 35 145
1070 -152 2 35 149
1071 -186 2 35 163
1072 -110 2 35 179
1073 -62 2 35 181
1074 -74 2 35 197
1075 -38 2 35 202
1076 -144 2 35 205
1077 96 2 35 208
1078 -14 2 35 209
1079 -24 2 35 221
1080 86 2 35 222
1081 -140 2 36 38
1082 -48 2 36 48
1083 116 2 36 52
1084 54 2 36 54
1085 -146 2 36 62
1086 112 2 36 83
1087 38 2 36 89
1088 -76 2 36 111
1089 -154 2 36 133
1090 -58 2 36 170
1091 92 2 36 173
1092 -60 2 36 196
1093 -20 2 36 208
1094 -68 2 36 222
1095 64 2 36 237
1096 -164 2 36 250
1097 72 2 37 63
1098 -150 2 37 75
1099 -8 2 37 86
1100 -32 2 37 90
1101 46 2 37 98
1102 -170 2 37 125
1103 60 2 37 129
1104 -36 2 37 130
1105 -18 2 37 141
1106 32 2 37 143
1107 180 2 37 148
1108 -28 2 37 149
1109 198 2 37 152
1110 46 2 37 153
1111 196 2 37 168
1112 182 2 37 181
1113 186 2 37 195
1114 64 2 37 203
1115 54 2 37 211
1116 -14 2 37 219
1117 -22 2 38 39
1118 18 2 38 41
1119 158 2 38 43
1120 -10 2 38 49
1121 186 2 38 62
1122 -186 2 38 63
1123 -114 2 38 64
1124 -198 2 38 65
1125 -98 2 38 68
1126 54 2 38 69
1127 102 2 38 70
1128 136 2 38 74
1129 -2 2 38 92
1130 -36 2 38 98
1131 -58 2 38 101
1132 -6 2 38 122
1133 -108 2 38 124
1134 -26 2 38 153
1135 196 2 38 157
1136 68 2 38 181
1137 -188 2 38 183
1138 14 2 38 188
1139 -94 2 38 190
1140 36 2 38 195
1141 48 2 38 204
1142 42 2 38 214
1143 -48 2 38 233
1144 -80 2 39 62
1145 -66 2 39 68
1146 -186 2 39 69
1147 -180 2 39 76
1148 -156 2 39 118
1149 -26 2 39 148
1150 108 2 39 152
1151 -74 2 39 154
1152 100 2 39 158
1153 8 2 39 164
1154 118 2 39 169
1155 -90 2 39 175
1156 192 2 39 180
1157 188 2 39 182
1158 -150 2 39 192
1159 136 2 39 214
1160 -110 2 39 215
1161 -84 2 39 228
1162 -50 2 39 240
1163 -52 2 39 246
1164 6 2 40 52
1165 -16 2 40 88
1166 -166 2 40 100
1167 104 2 40 111
1168 142 2 40 113
1169 150 2 40 148
1170 -168 2 40 182
1171 -22 2 40 188
1172 -124 2 40 212
1173 -30 2 40 227
1174 26 2 40 229
1175 -148 2 40 232
1176 -120 2 40 238
1177 -38 2 40 243
1178 142 2 41 58
1179 184 2 41 63
1180 88 2 41 64
1181 -30 2 41 65
1182 84 2 41 70
1183 -96 2 41 72
1184 112 2 41 80
1185 122 2 41 90
1186 12 2 41 94
1187 -168 2 41 106
1188 108 2 41 109
1189 -172 2 41 113
1190 102 2 41 125
1191 -4 2 41 132
1192 -44 2 41 139
1193 -122 2 41 154
1194 -60 2 41 170
1195 128 2 41 179
1196 128 2 41 188
1197 192 2 41 197
1198 10 2 41 198
1199 18 2 41 199
1200 142 2 41 214
1201 -2 2 41 215
1202 -192 2 41 224
1203 -194 2 41 227
1204 70 2 41 234
1205 -18 2 41 235
1206 24 2 41 238
1207 -74 2 41 240
1208 -12 2 42 49
1209 130 2 42 53
1210 -70 2 42 56
1211 -6 2 42 71
1212 -98 2 42 83
1213 -130 2 42 94
1214 -134 2 42 95
1215 130 2 42 96
1216 -6 2 42 100
1217 184 2 42 119
1218 -12 2 42 123
1219 34 2 42 134
1220 68 2 42 163
1221 -10 2 42 177
1222 -64 2 42 194
1223 -72 2 42 199
1224 80 2 42 208
1225 -22 2 42 221
1226 -148 2 42 226
1227 190 2 42 236
1228 166 2 43 44
1229 -196 2 43 48
1230 132 2 43 61
1231 -156 2 43 92
1232 98 2 43 128
1233 -138 2 43 136
1234 100 2 43 152
1235 -108 2 43 156
1236 -60 2 43 161
1237 -36 2 43 168
1238 -144 2 43 174
1239 10 2 43 178
1240 -86 2 43 198
1241 72 2 43 204
1242 -2 2 43 227
1243 22 2 43 239
1244 -46 2 43 240
1245 136 2 44 45
1246 172 2 44 74
1247 20 2 44 80
1248 42 2 44 92
1249 -146 2 44 107
1250 -10 2 44 126
1251 -82 2 44 127
1252 38 2 44 149
1253 84 2 44 157
1254 -20 2 44 160
1255 -62 2 44 180
1256 94 2 44 184
1257 -48 2 44 188
1258 -2 2 44 196
1259 126 2 44 216
1260 120 2 44 222
1261 194 2 44 229
1262 -64 2 44 245
1263 -40 2 45 46
1264 -84 2 45 52
1265 -98 2 45 55
1266 -132 2 45 58
1267 -72 2 45 63
1268 -156 2 45 64
1269 60 2 45 66
1270 -152 2 45 86
1271 36 2 45 92
1272 180 2 45 116
1273 126 2 45 131
1274 -114 2 45 159
1275 -50 2 45 167
1276 -134 2 45 194
1277 -130 2 45 195
1278 -80 2 45 223
1279 8 2 45 224
1280 18 2 45 230
1281 182 2 46 53
1282 -82 2 46 71
1283 -72 2 46 79
1284 186 2 46 93
1285 34 2 46 102
1286 52 2 46 104
1287 -66 2 46 114
1288 -8 2 46 122
1289 -72 2 46 123
1290 70 2 46 137
1291 -128 2 46 144
1292 -42 2 46 145
1293 -54 2 46 147
1294 154 2 46 157
1295 -170 2 46 161
1296 -60 2 46 175
1297 98 2 46 179
1298 40 2 46 194
1299 136 2 46 222
1300 54 2 46 229
1301 186 2 46 230
1302 -30 2 46 250
1303 8 2 47 51
1304 -54 2 47 59
1305 -144 2 47 76
1306 128 2 47 87
1307 122 2 47 96
1308 -28 2 47 98
1309 80 2 47 129
1310 -54 2 47 133
1311 182 2 47 144
1312 -184 2 47 160
1313 12 2 47 163
1314 -76 2 47 170
1315 -168 2 47 177
1316 174 2 47 179
1317 -128 2 47 193
1318 68 2 47 210
1319 -80 2 47 211
1320 -134 2 47 223
1321 -164 2 48 52
1322 98 2 48 53
1323 184 2 48 75
1324 198 2 48 85
1325 -28 2 48 86
1326 -52 2 48 102
1327 -8 2 48 103
1328 88 2 48 107
1329 122 2 48 118
1330 138 2 48 140
1331 -26 2 48 147
1332 102 2 48 157
1333 74 2 48 168
1334 -64 2 48 177
1335 58 2 48 193
1336 -34 2 48 236
1337 158 2 48 242
1338 -126 2 48 245
1339 104 2 49 60
1340 -64 2 49 61
1341 130 2 49 64
1342 -62 2 49 65
1343 70 2 49 100
1344 -22 2 49 113
1345 184 2 49 115
1346 -154 2 49 118
1347 -106 2 49 126
1348 -140 2 49 127
1349 134 2 49 134
1350 -26 2 49 139
1351 -118 2 49 141
1352 -14 2 49 154
1353 -86 2 49 155
1354 118 2 49 169
1355 140 2 49 175
1356 194 2 49 176
1357 104 2 49 178
1358 126 2 49 189
1359 34 2 49 193
1360 52 2 49 215
1361 26 2 49 216
1362 -6 2 49 223
1363 -58 2 50 55
1364 -58 2 50 78
1365 188 2 50 114
1366 78 2 50 128
1367 152 2 50 136
1368 68 2 50 137
1369 -4 2 50 147
1370 112 2 50 156
1371 18 2 50 178
1372 10 2 50 185
1373 116 2 50 187
1374 146 2 50 197
1375 -8 2 50 208
1376 94 2 50 218
1377 168 2 50 219
1378 -24 2 50 225
1379 28 2 50 241
1380 12 2 50 247
1381 -136 2 51 59
1382 12 2 51 66
1383 -100 2 51 115
1384 186 2 51 116
1385 88 2 51 118
1386 138 2 51 119
1387 122 2 51 151
1388 94 2 51 158
1389 92 2 51 172
1390 80 2 51 183
1391 -110 2 51 189
1392 94 2 51 194
1393 -124 2 51 200
1394 176 2 51 201
1395 20 2 51 211
1396 -166 2 51 219
1397 28 2 51 224
1398 142 2 52 60
1399 110 2 52 85
1400 -190 2 52 108
1401 -164 2 52 123
1402 192 2 52 149
1403 94 2 52 151
1404 -14 2 52 173
1405 64 2 52 174
1406 -190 2 52 182
1407 -20 2 52 183
1408 -66 2 52 195
1409 -4 2 52 197
1410 110 2 52 220
1411 10 2 52 232
1412 38 2 52 234
1413 -126 2 52 243
1414 -126 2 52 247
1415 -144 2 53 57
1416 -34 2 53 69
1417 126 2 53 79
1418 100 2 53 98
1419 52 2 53 100
1420 188 2 53 114
1421 154 2 53 122
1422 -126 2 53 136
1423 116 2 53 141
1424 104 2 53 161
1425 198 2 53 166
1426 46 2 53 170
1427 -144 2 53 201
1428 -24 2 53 215
1429 22 2 53 228
1430 54 2 53 230
1431 -156 2 54 61
1432 168 2 54 62
1433 156 2 54 87
1434 -166 2 54 102
1435 -194 2 54 113
1436 -132 2 54 132
1437 60 2 54 142
1438 62 2 54 174
1439 -170 2 54 177
1440 -170 2 54 178
1441 54 2 54 197
1442 -22 2 54 204
1443 96 2 54 220
1444 178 2 54 232
1445 -122 2 54 241
1446 -52 2 54 244
1447 -104 2 55 91
1448 -158 2 55 92
1449 184 2 55 105
1450 -174 2 55 113
1451 -182 2 55 114
1452 -90 2 55 122
1453 92 2 55 130
1454 -66 2 55 138
1455 30 2 55 156
1456 86 2 55 161
1457 44 2 55 168
1458 -130 2 55 195
1459 -152 2 55 202
1460 -190 2 55 216
1461 190 2 55 228
1462 52 2 55 249
1463 -20 2 56 64
1464 6 2 56 86
1465 2 2 56 91
1466 -184 2 56 92
1467 38 2 56 109
1468 128 2 56 115
1469 -176 2 56 116
1470 -186 2 56 121
1471 94 2 56 144
1472 16 2 56 166
1473 -108 2 56 170
1474 -96 2 56 175
1475 116 2 56 184
1476 96 2 56 212
1477 170 2 56 216
1478 148 2 56 232
1479 50 2 56 236
1480 -160 2 57 58
1481 186 2 57 68
1482 -28 2 57 69
1483 -6 2 57 85
1484 -60 2 57 115
1485 -74 2 57 119
1486 102 2 57 122
1487 -20 2 57 144
1488 -180 2 57 148
1489 -74 2 57 160
1490 192 2 57 164
1491 -2 2 57 166
1492 -160 2 57 173
1493 -96 2 57 192
1494 -104 2 57 198
1495 -66 2 57 229
1496 158 2 58 72
1497 26 2 58 82
1498 182 2 58 96
1499 -46 2 58 98
1500 -118 2 58 108
1501 84 2 58 120
1502 10 2 58 135
1503 -194 2 58 147
1504 -182 2 58 157
1505 192 2 58 166
1506 30 2 58 181
1507 22 2 58 189
1508 94 2 58 190
1509 96 2 58 191
1510 -172 2 58 211
1511 80 2 58 213
1512 158 2 58 233
1513 194 2 58 240
1514 -104 2 59 72
1515 198 2 59 74
1516 64 2 59 78
1517 186 2 59 82
1518 86 2 59 90
1519 -178 2 59 95
1520 2 2 59 101
1521 182 2 59 104
1522 -184 2 59 105
1523 -186 2 59 120
1524 -162 2 59 130
1525 176 2 59 135
1526 -170 2 59 143
1527 178 2 59 150
1528 178 2 59 155
1529 -36 2 59 162
1530 54 2 59 170
1531 -192 2 59 171
1532 6 2 59 191
1533 -82 2 59 194
1534 -8 2 59 200
1535 142 2 59 203
1536 4 2 59 217
1537 186 2 59 221
1538 -138 2 59 231
1539 172 2 59 233
1540 -66 2 59 240
1541 -152 2 60 105
1542 -84 2 60 106
1543 158 2 60 107
1544 -138 2 60 114
1545 84 2 60 115
1546 194 2 60 122
1547 176 2 60 131
1548 98 2 60 145
1549 -30 2 60 155
1550 94 2 60 179
1551 168 2 60 184
1552 186 2 60 191
1553 -172 2 60 199
1554 -194 2 60 205
1555 -90 2 60 208
1556 44 2 60 211
1557 -178 2 60 222
1558 -100 2 60 236
1559 -2 2 60 245
1560 -36 2 61 62
1561 -156 2 61 72
1562 60 2 61 85
1563 -64 2 61 97
1564 -58 2 61 114
1565 -58 2 61 120
1566 -168 2 61 122
1567 -198 2 61 123
1568 -56 2 61 126
1569 -150 2 61 130
1570 -40 2 61 134
1571 -6 2 61 155
1572 -32 2 61 164
1573 30 2 61 167
1574 2 2 61 173
1575 174 2 61 176
1576 -106 2 61 184
1577 40 2 61 191
1578 -46 2 61 215
1579 -98 2 61 217
1580 68 2 61 231
1581 -36 2 61 245
1582 -180 2 62 69
1583 -142 2 62 71
1584 -18 2 62 72
1585 -68 2 62 92
1586 24 2 62 101
1587 126 2 62 108
1588 -192 2 62 130
1589 144 2 62 141
1590 88 2 62 148
1591 44 2 62 157
1592 140 2 62 176
1593 158 2 62 178
1594 -112 2 62 190
1595 -182 2 62 198
1596 128 2 62 203
1597 94 2 62 209
1598 12 2 62 232
1599 -60 2 62 242
1600 2 2 62 244
1601 44 2 62 247
1602 118 2 63 75
1603 54 2 63 89
1604 -44 2 63 97
1605 26 2 63 105
1606 24 2 63 108
1607 -106 2 63 134
1608 124 2 63 180
1609 170 2 63 191
1610 -140 2 63 192
1611 94 2 63 204
1612 -76 2 63 228
1613 -126 2 63 239
1614 72 2 63 246
1615 -122 2 64 66
1616 24 2 64 77
1617 -26 2 64 83
1618 20 2 64 91
1619 -10 2 64 98
1620 -28 2 64 108
1621 -184 2 64 118
1622 194 2 64 120
1623 180 2 64 123
1624 198 2 64 124
1625 60 2 64 148
1626 -52 2 64 156
1627 32 2 64 176
1628 -158 2 64 177
1629 38 2 64 186
1630 116 2 64 192
1631 92 2 64 193
1632 -12 2 64 196
1633 26 2 64 200
1634 108 2 64 207
1635 -8 2 64 224
1636 -90 2 64 226
1637 4 2 64 234
1638 116 2 64 240
1639 188 2 64 248
1640 146 2 65 66
1641 184 2 65 74
1642 -78 2 65 77
1643 140 2 65 87
1644 -144 2 65 94
1645 -30 2 65 101
1646 -46 2 65 104
1647 56 2 65 109
1648 -72 2 65 110
1649 30 2 65 112
1650 -10 2 65 120
1651 14 2 65 132
1652 -142 2 65 136
1653 -82 2 65 140
1654 -162 2 65 141
1655 78 2 65 145
1656 -76 2 65 159
1657 -60 2 65 161
1658 -168 2 65 165
1659 82 2 65 189
1660 124 2 65 192
1661 -60 2 65 229
1662 178 2 65 242
1663 144 2 66 83
1664 -192 2 66 98
1665 108 2 66 100
1666 -184 2 66 118
1667 22 2 66 136
1668 -2 2 66 145
1669 -160 2 66 148
1670 -168 2 66 155
1671 88 2 66 166
1672 -66 2 66 169
1673 -30 2 66 175
1674 152 2 66 177
1675 -188 2 66 182
1676 10 2 66 188
1677 60 2 66 189
1678 -76 2 66 202
1679 36 2 66 234
1680 -158 2 66 246
1681 -48 2 66 247
1682 -180 2 67 123
1683 -160 2 67 132
1684 -60 2 67 143
1685 -130 2 67 146
1686 146 2 67 161
1687 -150 2 67 166
1688 -194 2 67 168
1689 96 2 67 184
1690 12 2 67 185
1691 62 2 67 217
1692 -130 2 67 233
1693 -86 2 67 235
1694 140 2 67 248
1695 76 2 68 81
1696 -20 2 68 83
1697 -8 2 68 91
1698 164 2 68 108
1699 -62 2 68 109
1700 -30 2 68 120
1701 54 2 68 127
1702 -22 2 68 134
1703 -148 2 68 139
1704 52 2 68 143
1705 192 2 68 157
1706 -198 2 68 161
1707 -112 2 68 163
1708 120 2 68 165
1709 38 2 68 191
1710 -92 2 68 198
1711 18 2 68 225
1712 -148 2 68 233
1713 -44 2 68 234
1714 -146 2 68 240
1715 126 2 69 72
1716 188 2 69 88
1717 -180 2 69 98
1718 126 2 69 117
1719 16 2 69 119
1720 140 2 69 122
1721 184 2 69 130
1722 156 2 69 135
1723 -20 2 69 136
1724 -14 2 69 143
1725 186 2 69 166
1726 -22 2 69 190
1727 128 2 69 210
1728 -166 2 69 211
1729 -20 2 69 225
1730 -106 2 69 244
1731 158 2 69 245
1732 -76 2 70 74
1733 -160 2 70 88
1734 200 2 70 98
1735 -16 2 70 102
1736 194 2 70 134
1737 -86 2 70 171
1738 -2 2 70 172
1739 70 2 70 174
1740 182 2 70 180
1741 -102 2 70 190
1742 112 2 70 194
1743 -174 2 70 195
1744 -82 2 70 199
1745 -122 2 70 206
1746 -26 2 70 220
1747 -22 2 70 232
1748 178 2 70 234
1749 124 2 70 236
1750 90 2 70 244
1751 -60 2 70 247
1752 -188 2 71 76
1753 92 2 71 105
1754 8 2 71 106
1755 -20 2 71 112
1756 184 2 71 115
1757 -36 2 71 131
1758 -168 2 71 141
1759 -110 2 71 146
1760 -38 2 71 153
1761 -40 2 71 159
1762 -182 2 71 165
1763 -80 2 71 171
1764 54 2 71 187
1765 -96 2 71 198
1766 112 2 71 206
1767 -2 2 71 233
1768 -186 2 71 241
1769 -80 2 72 80
1770 -102 2 72 88
1771 -184 2 72 89
1772 -106 2 72 96
1773 192 2 72 98
1774 -4 2 72 100
1775 -102 2 72 107
1776 -156 2 72 116
1777 186 2 72 133
1778 62 2 72 141
1779 4 2 72 163
1780 -70 2 72 172
1781 76 2 72 175
1782 -178 2 72 181
1783 196 2 72 202
1784 70 2 72 203
1785 32 2 72 235
1786 38 2 73 89
1787 -198 2 73 96
1788 68 2 73 108
1789 -120 2 73 143
1790 -170 2 73 151
1791 -52 2 73 156
1792 -182 2 73 157
1793 186 2 73 162
1794 70 2 73 181
1795 -28 2 73 185
1796 26 2 73 186
1797 74 2 73 187
1798 22 2 73 194
1799 -14 2 73 207
1800 -40 2 73 208
1801 12 2 73 212
1802 136 2 73 215
1803 30 2 73 216
1804 -102 2 73 233
1805 -78 2 74 92
1806 62 2 74 96
1807 -94 2 74 108
1808 -100 2 74 112
1809 -84 2 74 115
1810 -126 2 74 131
1811 -168 2 74 138
1812 -42 2 74 146
1813 182 2 74 152
1814 -104 2 74 160
1815 178 2 74 194
1816 112 2 74 197
1817 114 2 74 201
1818 -44 2 74 202
1819 -104 2 74 204
1820 54 2 74 222
1821 -58 2 74 228
1822 -16 2 74 234
1823 -144 2 75 77
1824 154 2 75 78
1825 6 2 75 79
1826 -190 2 75 94
1827 -4 2 75 106
1828 -116 2 75 118
1829 -2 2 75 130
1830 72 2 75 131
1831 178 2 75 140
1832 -148 2 75 159
1833 -172 2 75 163
1834 -182 2 75 173
1835 -142 2 75 183
1836 -128 2 75 195
1837 -158 2 75 196
1838 200 2 75 203
1839 6 2 75 204
1840 196 2 75 213
1841 -184 2 75 229
1842 132 2 75 241
1843 152 2 76 89
1844 -28 2 76 92
1845 152 2 76 97
1846 6 2 76 98
1847 32 2 76 109
1848 112 2 76 132
1849 -58 2 76 158
1850 -64 2 76 171
1851 -16 2 76 178
1852 192 2 76 187
1853 -150 2 76 194
1854 142 2 76 200
1855 38 2 76 212
1856 -126 2 76 213
1857 -178 2 76 214
1858 -182 2 76 217
1859 -114 2 76 219
1860 104 2 76 239
1861 -138 2 76 246
1862 168 2 77 78
1863 4 2 77 89
1864 78 2 77 99
1865 156 2 77 106
1866 192 2 77 123
1867 110 2 77 126
1868 8 2 77 132
1869 198 2 77 140
1870 34 2 77 141
1871 42 2 77 149
1872 154 2 77 151
1873 -86 2 77 161
1874 40 2 77 167
1875 116 2 77 178
1876 -58 2 77 192
1877 80 2 77 193
1878 40 2 77 199
1879 -172 2 77 200
1880 192 2 77 241
1881 -148 2 78 87
1882 -138 2 78 89
1883 86 2 78 94
1884 -12 2 78 98
1885 162 2 78 100
1886 -68 2 78 120
1887 108 2 78 148
1888 140 2 78 151
1889 -48 2 78 159
1890 190 2 78 165
1891 -162 2 78 184
1892 -42 2 78 189
1893 -170 2 78 193
1894 -170 2 78 200
1895 110 2 78 220
1896 -102 2 78 228
1897 170 2 78 240
1898 176 2 79 91
1899 -44 2 79 98
1900 -160 2 79 100
1901 138 2 79 111
1902 -168 2 79 134
1903 -190 2 79 166
1904 -192 2 79 170
1905 50 2 79 191
1906 -186 2 79 201
1907 4 2 79 203
1908 -172 2 79 218
1909 -50 2 79 219
1910 -142 2 79 228
1911 -136 2 79 233
1912 156 2 80 85
1913 -192 2 80 96
1914 172 2 80 107
1915 100 2 80 109
1916 46 2 80 111
1917 -52 2 80 120
1918 -114 2 80 126
1919 -158 2 80 131
1920 -178 2 80 147
1921 196 2 80 156
1922 138 2 80 170
1923 104 2 80 182
1924 -8 2 80 185
1925 158 2 80 186
1926 32 2 80 208
1927 -120 2 81 84
1928 116 2 81 105
1929 6 2 81 111
1930 -116 2 81 112
1931 -30 2 81 122
1932 140 2 81 144
1933 160 2 81 156
1934 -44 2 81 173
1935 -58 2 81 180
1936 -58 2 81 181
1937 -180 2 81 182
1938 -98 2 81 194
1939 -136 2 81 198
1940 -72 2 81 206
1941 -196 2 81 213
1942 -70 2 81 220
1943 106 2 81 221
1944 -94 2 81 222
1945 -28 2 81 223
1946 148 2 81 245
1947 -38 2 81 249
1948 74 2 82 84
1949 150 2 82 86
1950 168 2 82 113
1951 8 2 82 125
1952 88 2 82 138
1953 -160 2 82 145
1954 90 2 82 151
1955 -10 2 82 152
1956 88 2 82 181
1957 104 2 82 214
1958 -84 2 82 235
1959 166 2 82 238
1960 -94 2 82 246
1961 180 2 82 249
1962 -78 2 83 95
1963 92 2 83 136
1964 102 2 83 144
1965 -174 2 83 151
1966 -82 2 83 159
1967 142 2 83 164
1968 188 2 83 185
1969 -112 2 83 193
1970 56 2 83 230
1971 48 2 83 241
1972 -30 2 83 248
1973 -60 2 84 109
1974 -58 2 84 130
1975 106 2 84 132
1976 54 2 84 140
1977 72 2 84 145
1978 72 2 84 162
1979 64 2 84 177
1980 10 2 84 187
1981 10 2 84 198
1982 -56 2 84 219
1983 52 2 85 86
1984 34 2 85 98
1985 162 2 85 104
1986 156 2 85 110
1987 94 2 85 121
1988 22 2 85 128
1989 -150 2 85 134
1990 114 2 85 135
1991 -144 2 85 136
1992 34 2 85 139
1993 -150 2 85 141
1994 -72 2 85 162
1995 -192 2 85 163
1996 80 2 85 170
1997 -66 2 85 174
1998 42 2 85 175
1999 -176 2 85 181
2000 12 2 85 185
2001 56 2 85 190
2002 -172 2 85 191
2003 96 2 85 214
2004 -180 2 85 220
2005 24 2 85 231
2006 174 2 85 234
2007 -194 2 85 243
2008 18 2 86 89
2009 -180 2 86 97
2010 92 2 86 101
2011 -172 2 86 113
2012 -128 2 86 126
2013 -108 2 86 127
2014 196 2 86 128
2015 -158 2 86 130
2016 -130 2 86 173
2017 52 2 86 175
2018 132 2 86 176
2019 -32 2 86 179
2020 22 2 86 180
2021 -198 2 86 202
2022 62 2 86 223
2023 -104 2 86 237
2024 88 2 86 246
2025 -168 2 86 247
2026 -90 2 87 94
2027 -22 2 87 98
2028 -90 2 87 125
2029 -110 2 87 155
2030 -10 2 87 161
2031 98 2 87 182
2032 46 2 87 183
2033 -142 2 87 189
2034 140 2 87 191
2035 -62 2 87 192
2036 -62 2 87 203
2037 88 2 87 215
2038 -130 2 87 227
2039 -42 2 87 233
2040 144 2 87 241
2041 194 2 87 250
2042 -34 2 88 118
2043 -94 2 88 121
2044 48 2 88 124
2045 150 2 88 133
2046 -12 2 88 140
2047 -192 2 88 152
2048 -12 2 88 157
2049 -194 2 88 159
2050 -120 2 88 183
2051 38 2 88 198
2052 50 2 88 210
2053 128 2 88 220
2054 66 2 88 230
2055 126 2 88 246
2056 20 2 89 93
2057 108 2 89 99
2058 -198 2 89 104
2059 -140 2 89 112
2060 134 2 89 121
2061 -28 2 89 130
2062 170 2 89 138
2063 70 2 89 176
2064 10 2 89 181
2065 150 2 89 182
2066 -132 2 89 216
2067 132 2 89 226
2068 -8 2 89 227
2069 -180 2 89 229
2070 54 2 89 237
2071 154 2 89 239
2072 188 2 90 93
2073 -10 2 90 94
2074 -178 2 90 105
2075 6 2 90 110
2076 92 2 90 121
2077 -6 2 90 135
2078 108 2 90 145
2079 -144 2 90 161
2080 172 2 90 192
2081 -94 2 90 224
2082 -168 2 90 225
2083 -196 2 90 227
2084 44 2 90 240
2085 -134 2 90 242
2086 -150 2 90 248
2087 -156 2 91 95
2088 88 2 91 97
2089 -144 2 91 110
2090 -14 2 91 123
2091 -18 2 91 129
2092 -64 2 91 132
2093 76 2 91 135
2094 72 2 91 140
2095 -14 2 91 142
2096 10 2 91 150
2097 -86 2 91 152
2098 -56 2 91 157
2099 -106 2 91 159
2100 192 2 91 163
2101 -48 2 91 168
2102 40 2 91 184
2103 -62 2 91 196
2104 -170 2 91 204
2105 94 2 91 212
2106 -74 2 91 232
2107 128 2 91 237
2108 -90 2 91 241
2109 36 2 91 244
2110 116 2 91 247
2111 200 2 92 99
2112 -106 2 92 104
2113 -108 2 92 110
2114 -62 2 92 112
2115 106 2 92 131
2116 -32 2 92 135
2117 90 2 92 141
2118 -28 2 92 142
2119 -170 2 92 144
2120 66 2 92 148
2121 172 2 92 168
2122 8 2 92 190
2123 -142 2 92 199
2124 -130 2 92 204
2125 -48 2 92 212
2126 -116 2 92 213
2127 -22 2 92 217
2128 -96 2 92 231
2129 20 2 93 99
2130 -26 2 93 105
2131 -46 2 93 109
2132 -106 2 93 126
2133 24 2 93 145
2134 178 2 93 167
2135 108 2 93 171
2136 184 2 93 189
2137 -106 2 93 243
2138 -102 2 94 128
2139 -54 2 94 136
2140 154 2 94 148
2141 4 2 94 169
2142 46 2 94 171
2143 -56 2 94 175
2144 -64 2 94 196
2145 32 2 94 239
2146 -30 2 94 240
2147 -28 2 94 248
2148 -30 2 95 111
2149 -34 2 95 122
2150 -8 2 95 126
2151 -14 2 95 143
2152 42 2 95 148
2153 -16 2 95 152
2154 44 2 95 184
2155 -44 2 95 189
2156 82 2 95 209
2157 -22 2 95 211
2158 -98 2 95 217
2159 8 2 95 233
2160 -180 2 95 236
2161 54 2 95 237
2162 68 2 95 239
2163 94 2 95 240
2164 -192 2 95 246
2165 46 2 96 102
2166 6 2 96 113
2167 100 2 96 120
2168 24 2 96 123
2169 58 2 96 134
2170 -66 2 96 137
2171 -160 2 96 142
2172 -20 2 96 188
2173 72 2 96 201
2174 -126 2 96 213
2175 -16 2 96 217
2176 -42 2 96 218
2177 -50 2 96 236
2178 34 2 96 239
2179 50 2 97 105
2180 54 2 97 112
2181 112 2 97 117
2182 194 2 97 123
2183 98 2 97 147
2184 146 2 97 158
2185 200 2 97 173
2186 -78 2 97 176
2187 -14 2 97 182
2188 196 2 97 186
2189 -46 2 97 195
2190 52 2 97 210
2191 114 2 97 222
2192 -194 2 97 229
2193 -50 2 97 233
2194 -172 2 97 244
2195 76 2 98 112
2196 108 2 98 119
2197 -16 2 98 130
2198 114 2 98 131
2199 -16 2 98 133
2200 -54 2 98 147
2201 -134 2 98 160
2202 78 2 98 169
2203 4 2 98 173
2204 -134 2 98 177
2205 -88 2 98 191
2206 40 2 98 193
2207 -50 2 98 194
2208 200 2 98 195
2209 -24 2 98 208
2210 116 2 98 210
2211 6 2 98 225
2212 72 2 98 247
2213 20 2 99 122
2214 -138 2 99 165
2215 -128 2 99 174
2216 -178 2 99 175
2217 -74 2 99 178
2218 34 2 99 195
2219 -14 2 99 212
2220 -176 2 99 222
2221 -40 2 99 224
2222 56 2 99 239
2223 -4 2 99 248
2224 -4 2 100 106
2225 14 2 100 109
2226 -100 2 100 111
2227 142 2 100 112
2228 84 2 100 116
2229 94 2 100 127
2230 46 2 100 133
2231 156 2 100 159
2232 -32 2 100 161
2233 160 2 100 176
2234 120 2 100 191
2235 -126 2 100 209
2236 -150 2 100 229
2237 -44 2 100 240
2238 -88 2 101 102
2239 178 2 101 104
2240 162 2 101 114
2241 -94 2 101 197
2242 -54 2 101 217
2243 -54 2 101 226
2244 18 2 101 243
2245 154 2 101 244
2246 -24 2 101 248
2247 72 2 102 107
2248 142 2 102 112
2249 -78 2 102 113
2250 54 2 102 120
2251 2 2 102 126
2252 -64 2 102 131
2253 2 2 102 140
2254 -56 2 102 143
2255 -128 2 102 151
2256 138 2 102 161
2257 -168 2 102 174
2258 26 2 102 178
2259 140 2 102 183
2260 -154 2 102 188
2261 -32 2 102 190
2262 102 2 102 206
2263 34 2 102 222
2264 -46 2 102 238
2265 -8 2 103 115
2266 -170 2 103 121
2267 -62 2 103 123
2268 152 2 103 132
2269 -176 2 103 133
2270 8 2 103 146
2271 -22 2 103 163
2272 -166 2 103 168
2273 40 2 103 181
2274 102 2 103 184
2275 20 2 103 185
2276 -158 2 103 200
2277 -62 2 103 216
2278 -12 2 103 219
2279 -192 2 103 231
2280 -74 2 103 233
2281 160 2 103 243
2282 38 2 103 248
2283 -198 2 104 108
2284 170 2 104 119
2285 86 2 104 141
2286 122 2 104 143
2287 -176 2 104 153
2288 -194 2 104 192
2289 46 2 104 208
2290 36 2 104 215
2291 -50 2 104 225
2292 140 2 104 233
2293 -190 2 104 237
2294 10 2 104 239
2295 -42 2 104 247
2296 84 2 105 110
2297 -112 2 105 111
2298 32 2 105 130
2299 170 2 105 153
2300 138 2 105 157
2301 -24 2 105 162
2302 -100 2 105 188
2303 8 2 105 194
2304 118 2 105 200
2305 -132 2 105 201
2306 186 2 105 213
2307 126 2 105 216
2308 -106 2 105 220
2309 170 2 105 229
2310 184 2 105 245
2311 88 2 106 116
2312 124 2 106 131
2313 188 2 106 132
2314 -104 2 106 139
2315 124 2 106 140
2316 -92 2 106 147
2317 48 2 106 151
2318 102 2 106 164
2319 80 2 106 165
2320 -122 2 106 167
2321 154 2 106 169
2322 -82 2 106 182
2323 50 2 106 183
2324 158 2 106 185
2325 -142 2 106 213
2326 -22 2 106 240
2327 -94 2 106 249
2328 112 2 107 111
2329 100 2 107 120
2330 62 2 107 124
2331 -136 2 107 141
2332 190 2 107 144
2333 -34 2 107 146
2334 98 2 107 159
2335 96 2 107 165
2336 74 2 107 190
2337 -152 2 107 204
2338 -132 2 107 205
2339 136 2 107 209
2340 132 2 107 212
2341 104 2 107 219
2342 38 2 107 222
2343 -58 2 107 240
2344 192 2 107 242
2345 40 2 108 123
2346 -154 2 108 125
2347 -110 2 108 130
2348 128 2 108 138
2349 166 2 108 154
2350 -38 2 108 172
2351 -48 2 108 180
2352 -166 2 108 181
2353 20 2 108 196
2354 -76 2 108 208
2355 46 2 108 228
2356 84 2 108 240
2357 120 2 109 118
2358 -100 2 109 136
2359 -56 2 109 143
2360 8 2 109 158
2361 172 2 109 173
2362 194 2 109 201
2363 152 2 109 209
2364 -78 2 109 211
2365 -8 2 109 234
2366 184 2 109 245
2367 -154 2 109 249
2368 30 2 110 113
2369 112 2 110 117
2370 -170 2 110 142
2371 -22 2 110 164
2372 -192 2 110 170
2373 16 2 110 173
2374 -188 2 110 187
2375 -192 2 110 198
2376 148 2 110 209
2377 -38 2 110 214
2378 -190 2 110 222
2379 -32 2 110 228
2380 116 2 110 232
2381 180 2 110 239
2382 -160 2 110 242
2383 10 2 111 130
2384 112 2 111 135
2385 -48 2 111 139
2386 -138 2 111 149
2387 -130 2 111 151
2388 -22 2 111 166
2389 -186 2 111 172
2390 48 2 111 185
2391 166 2 111 187
2392 -148 2 111 193
2393 154 2 111 195
2394 132 2 111 221
2395 -194 2 111 240
2396 -80 2 111 243
2397 164 2 112 118
2398 16 2 112 119
2399 6 2 112 156
2400 -12 2 112 157
2401 -86 2 112 163
2402 -132 2 112 165
2403 24 2 112 167
2404 128 2 112 174
2405 -174 2 112 184
2406 2 2 112 189
2407 -94 2 112 194
2408 96 2 112 196
2409 -28 2 112 201
2410 12 2 112 213
2411 -82 2 112 218
2412 118 2 112 229
2413 -62 2 112 234
2414 -96 2 112 236
2415 168 2 112 240
2416 178 2 113 117
2417 112 2 113 121
2418 108 2 113 124
2419 -64 2 113 138
2420 42 2 113 145
2421 -76 2 113 172
2422 148 2 113 182
2423 -170 2 113 192
2424 -132 2 113 193
2425 -112 2 113 207
2426 -90 2 113 209
2427 134 2 113 224
2428 -50 2 113 243
2429 180 2 113 244
2430 -22 2 114 123
2431 100 2 114 143
2432 -124 2 114 181
2433 134 2 114 184
2434 86 2 114 190
2435 6 2 114 196
2436 -138 2 114 197
2437 94 2 114 212
2438 -88 2 114 216
2439 -38 2 114 227
2440 -6 2 114 244
2441 104 2 114 248
2442 -2 2 115 131
2443 150 2 115 141
2444 188 2 115 165
2445 60 2 115 169
2446 20 2 115 189
2447 80 2 115 196
2448 -186 2 115 213
2449 26 2 115 214
2450 178 2 115 228
2451 8 2 115 250
2452 172 2 116 128
2453 10 2 116 143
2454 90 2 116 150
2455 182 2 116 157
2456 -196 2 116 158
2457 34 2 116 173
2458 -176 2 116 185
2459 30 2 116 187
2460 148 2 116 201
2461 -192 2 116 210
2462 -44 2 116 215
2463 -94 2 116 220
2464 -38 2 116 233
2465 108 2 116 250
2466 -48 2 117 120
2467 -62 2 117 122
2468 64 2 117 127
2469 30 2 117 155
2470 -146 2 117 156
2471 -44 2 117 174
2472 -112 2 117 180
2473 16 2 117 196
2474 194 2 117 206
2475 -50 2 117 218
2476 -72 2 117 232
2477 -88 2 117 244
2478 -172 2 117 247
2479 -88 2 118 122
2480 -120 2 118 123
2481 -88 2 118 129
2482 10 2 118 137
2483 -60 2 118 146
2484 -42 2 118 150
2485 96 2 118 151
2486 120 2 118 177
2487 -118 2 118 182
2488 -114 2 118 197
2489 84 2 118 198
2490 -170 2 118 202
2491 -154 2 118 205
2492 92 2 118 211
2493 142 2 118 212
2494 16 2 118 224
2495 52 2 118 234
2496 148 2 118 248
2497 -78 2 119 137
2498 -30 2 119 169
2499 -26 2 119 175
2500 54 2 119 185
2501 -50 2 119 191
2502 126 2 119 196
2503 -114 2 119 203
2504 -118 2 119 210
2505 138 2 119 213
2506 -62 2 119 218
2507 -90 2 119 227
2508 140 2 119 231
2509 -74 2 119 243
2510 128 2 120 126
2511 -150 2 120 130
2512 132 2 120 138
2513 -28 2 120 142
2514 102 2 120 152
2515 150 2 120 155
2516 -168 2 120 158
2517 -60 2 120 160
2518 -198 2 120 175
2519 160 2 121 122
2520 6 2 121 130
2521 38 2 121 134
2522 74 2 121 150
2523 -168 2 121 152
2524 -126 2 121 158
2525 -138 2 121 171
2526 -84 2 121 182
2527 -138 2 121 186
2528 -156 2 121 187
2529 112 2 121 195
2530 176 2 121 207
2531 -44 2 121 209
2532 34 2 121 213
2533 -126 2 121 232
2534 200 2 121 234
2535 128 2 121 238
2536 168 2 121 241
2537 -120 2 122 129
2538 40 2 122 143
2539 84 2 122 144
2540 18 2 122 156
2541 34 2 122 158
2542 -152 2 122 160
2543 136 2 122 175
2544 44 2 122 188
2545 70 2 122 191
2546 -26 2 122 197
2547 -52 2 122 222
2548 84 2 122 233
2549 26 2 122 239
2550 -198 2 122 245
2551 168 2 123 128
2552 26 2 123 141
2553 -76 2 123 143
2554 96 2 123 149
2555 102 2 123 167
2556 100 2 123 185
2557 78 2 123 197
2558 28 2 123 211
2559 -36 2 123 215
2560 -4 2 124 132
2561 8 2 124 136
2562 -54 2 124 138
2563 -14 2 124 147
2564 -122 2 124 172
2565 -50 2 124 174
2566 -44 2 124 175
2567 -64 2 124 177
2568 26 2 124 179
2569 46 2 124 186
2570 74 2 124 187
2571 48 2 124 198
2572 -120 2 124 233
2573 -186 2 124 236
2574 96 2 124 247
2575 -140 2 124 250
2576 -70 2 125 128
2577 -86 2 125 131
2578 98 2 125 142
2579 26 2 125 159
2580 40 2 125 162
2581 -32 2 125 169
2582 122 2 125 189
2583 50 2 125 194
2584 -110 2 125 200
2585 16 2 125 206
2586 102 2 125 212
2587 -144 2 125 216
2588 -80 2 125 218
2589 -54 2 125 235
2590 -50 2 125 240
2591 34 2 125 242
2592 72 2 125 249
2593 4 2 126 138
2594 -160 2 126 147
2595 76 2 126 150
2596 48 2 126 151
2597 132 2 126 153
2598 174 2 126 168
2599 -114 2 126 186
2600 178 2 126 204
2601 -30 2 126 206
2602 66 2 126 210
2603 -58 2 126 217
2604 -196 2 126 226
2605 -44 2 127 131
2606 -70 2 127 158
2607 -172 2 127 173
2608 112 2 127 174
2609 94 2 127 188
2610 -10 2 127 189
2611 -34 2 127 192
2612 -124 2 127 194
2613 -86 2 127 204
2614 44 2 127 210
2615 -158 2 127 219
2616 138 2 127 222
2617 -126 2 127 228
2618 -6 2 127 241
2619 188 2 127 244
2620 28 2 127 250
2621 -84 2 128 141
2622 132 2 128 148
2623 142 2 128 149
2624 -52 2 128 150
2625 94 2 128 183
2626 22 2 128 189
2627 -86 2 128 202
2628 60 2 128 204
2629 -114 2 128 205
2630 -22 2 128 224
2631 -178 2 129 134
2632 -140 2 129 148
2633 -78 2 129 151
2634 130 2 129 163
2635 -158 2 129 170
2636 -194 2 129 172
2637 90 2 129 179
2638 -30 2 129 187
2639 -132 2 129 202
2640 150 2 129 214
2641 -26 2 129 221
2642 148 2 129 226
2643 6 2 129 228
2644 -60 2 130 132
2645 128 2 130 142
2646 -16 2 130 143
2647 156 2 130 153
2648 -100 2 130 154
2649 30 2 130 175
2650 -158 2 130 186
2651 -40 2 130 189
2652 44 2 130 191
2653 38 2 130 198
2654 194 2 130 213
2655 76 2 130 226
2656 -188 2 131 134
2657 164 2 131 145
2658 -140 2 131 150
2659 114 2 131 154
2660 -118 2 131 178
2661 66 2 131 180
2662 -160 2 131 187
2663 164 2 131 192
2664 70 2 131 234
2665 -190 2 131 238
2666 176 2 131 248
2667 30 2 132 140
2668 -146 2 132 152
2669 -152 2 132 156
2670 -172 2 132 157
2671 -182 2 132 158
2672 -162 2 132 187
2673 -96 2 132 188
2674 140 2 132 201
2675 -44 2 132 208
2676 -36 2 132 214
2677 -116 2 132 224
2678 -10 2 132 229
2679 6 2 132 233
2680 38 2 132 236
2681 14 2 132 238
2682 -56 2 132 246
2683 -186 2 133 140
2684 -194 2 133 170
2685 28 2 133 175
2686 -160 2 133 177
2687 -192 2 133 221
2688 100 2 133 226
2689 -12 2 133 250
2690 -78 2 134 136
2691 98 2 134 152
2692 -150 2 134 159
2693 50 2 134 165
2694 50 2 134 180
2695 96 2 134 202
2696 106 2 134 203
2697 -142 2 134 211
2698 -128 2 134 221
2699 -188 2 134 226
2700 -164 2 134 240
2701 -150 2 135 136
2702 -36 2 135 137
2703 -122 2 135 146
2704 38 2 135 147
2705 -118 2 135 154
2706 -144 2 135 158
2707 116 2 135 167
2708 80 2 135 186
2709 -128 2 135 190
2710 136 2 135 199
2711 54 2 135 203
2712 162 2 135 221
2713 -146 2 135 223
2714 134 2 135 229
2715 136 2 135 235
2716 -14 2 135 240
2717 -156 2 135 243
2718 194 2 135 248
2719 -90 2 136 144
2720 34 2 136 145
2721 128 2 136 152
2722 -64 2 136 157
2723 -166 2 136 163
2724 -62 2 136 180
2725 -2 2 136 192
2726 -76 2 136 210
2727 14 2 136 222
2728 98 2 136 224
2729 -166 2 137 142
2730 -26 2 137 148
2731 -6 2 137 169
2732 32 2 137 172
2733 -96 2 137 173
2734 -124 2 137 176
2735 184 2 137 180
2736 54 2 137 182
2737 -16 2 137 198
2738 -14 2 137 200
2739 86 2 137 202
2740 -166 2 137 227
2741 142 2 137 230
2742 126 2 137 239
2743 90 2 137 243
2744 186 2 137 244
2745 114 2 137 249
2746 -100 2 137 250
2747 88 2 138 140
2748 -50 2 138 141
2749 -54 2 138 143
2750 -30 2 138 144
2751 74 2 138 150
2752 68 2 138 152
2753 26 2 138 175
2754 120 2 138 182
2755 22 2 138 183
2756 -194 2 138 186
2757 54 2 138 200
2758 -174 2 138 203
2759 -88 2 138 215
2760 -192 2 138 232
2761 -72 2 138 242
2762 -44 2 138 248
2763 -12 2 139 151
2764 18 2 139 152
2765 6 2 139 153
2766 -168 2 139 182
2767 154 2 139 191
2768 184 2 139 195
2769 -160 2 139 208
2770 128 2 139 213
2771 -86 2 139 216
2772 110 2 139 226
2773 -128 2 139 232
2774 182 2 139 233
2775 -78 2 139 238
2776 -154 2 140 166
2777 172 2 140 171
2778 78 2 140 177
2779 -176 2 140 180
2780 -120 2 140 181
2781 -98 2 140 186
2782 -22 2 140 187
2783 -82 2 140 202
2784 104 2 140 206
2785 104 2 140 207
2786 -138 2 140 223
2787 176 2 140 226
2788 -24 2 140 232
2789 180 2 140 238
2790 -62 2 140 239
2791 -4 2 141 143
2792 -126 2 141 144
2793 -98 2 141 153
2794 -194 2 141 159
2795 -128 2 141 164
2796 -30 2 141 168
2797 -148 2 141 189
2798 -12 2 141 195
2799 -90 2 141 202
2800 -132 2 141 205
2801 118 2 141 208
2802 -116 2 141 211
2803 168 2 141 219
2804 76 2 141 225
2805 108 2 141 231
2806 -94 2 141 250
2807 -114 2 142 149
2808 -20 2 142 153
2809 74 2 142 155
2810 -148 2 142 156
2811 -188 2 142 162
2812 -134 2 142 163
2813 -90 2 142 171
2814 -84 2 142 173
2815 122 2 142 179
2816 108 2 142 182
2817 148 2 142 197
2818 -120 2 142 203
2819 152 2 142 212
2820 -198 2 142 220
2821 58 2 142 221
2822 -62 2 142 222
2823 -130 2 142 232
2824 136 2 142 248
2825 -16 2 143 147
2826 36 2 143 148
2827 -98 2 143 170
2828 -126 2 143 174
2829 38 2 143 190
2830 -38 2 143 192
2831 20 2 143 200
2832 4 2 143 210
2833 -34 2 143 233
2834 114 2 143 247
2835 -54 2 144 150
2836 58 2 144 192
2837 -52 2 144 195
2838 -28 2 144 225
2839 -130 2 144 231
2840 120 2 144 241
2841 -28 2 145 148
2842 184 2 145 150
2843 126 2 145 153
2844 -16 2 145 170
2845 -128 2 145 176
2846 -36 2 145 178
2847 148 2 145 180
2848 184 2 145 182
2849 196 2 145 202
2850 -182 2 145 205
2851 48 2 145 224
2852 -104 2 145 225
2853 -138 2 145 231
2854 92 2 145 237
2855 -88 2 145 244
2856 -134 2 146 148
2857 -164 2 146 150
2858 -82 2 146 164
2859 -154 2 146 175
2860 -112 2 146 184
2861 -44 2 146 205
2862 62 2 146 217
2863 -106 2 146 219
2864 20 2 146 232
2865 -36 2 146 234
2866 -96 2 147 153
2867 -170 2 147 160
2868 -2 2 147 164
2869 -154 2 147 166
2870 -124 2 147 177
2871 6 2 147 190
2872 -52 2 147 197
2873 138 2 147 202
2874 -20 2 147 226
2875 -166 2 147 230
2876 58 2 147 246
2877 -162 2 147 247
2878 72 2 148 153
2879 -122 2 148 158
2880 -122 2 148 162
2881 124 2 148 178
2882 -12 2 148 186
2883 158 2 148 197
2884 -182 2 148 201
2885 52 2 148 223
2886 166 2 148 235
2887 -54 2 148 238
2888 -76 2 149 160
2889 36 2 149 162
2890 -2 2 149 163
2891 -146 2 149 166
2892 34 2 149 228
2893 -174 2 149 231
2894 158 2 149 245
2895 -196 2 149 248
2896 -34 2 150 158
2897 114 2 150 169
2898 -142 2 150 175
2899 -64 2 150 201
2900 18 2 150 222
2901 -106 2 150 234
2902 -178 2 150 235
2903 -160 2 150 236
2904 196 2 150 243
2905 -162 2 150 244
2906 -140 2 151 165
2907 38 2 151 166
2908 182 2 151 175
2909 108 2 151 178
2910 -192 2 151 202
2911 -50 2 151 207
2912 12 2 151 208
2913 192 2 151 210
2914 66 2 151 212
2915 68 2 151 217
2916 -146 2 151 232
2917 114 2 151 235
2918 88 2 151 239
2919 -92 2 151 246
2920 50 2 152 154
2921 -120 2 152 160
2922 -28 2 152 175
2923 192 2 152 176
2924 -82 2 152 177
2925 150 2 152 183
2926 -184 2 152 184
2927 -130 2 152 193
2928 -58 2 152 217
2929 -144 2 152 218
2930 -104 2 152 241
2931 -92 2 153 174
2932 110 2 153 186
2933 2 2 153 188
2934 -156 2 153 195
2935 -170 2 153 198
2936 92 2 153 203
2937 90 2 153 208
2938 196 2 153 210
2939 52 2 153 231
2940 26 2 153 234
2941 148 2 154 157
2942 166 2 154 178
2943 -132 2 154 182
2944 134 2 154 186
2945 18 2 154 188
2946 -74 2 154 213
2947 98 2 154 216
2948 144 2 154 220
2949 54 2 154 222
2950 -166 2 154 247
2951 24 2 154 250
2952 -98 2 155 174
2953 -116 2 155 175
2954 120 2 155 178
2955 -58 2 155 201
2956 148 2 155 203
2957 -84 2 155 207
2958 -16 2 155 208
2959 36 2 155 219
2960 -100 2 155 224
2961 -32 2 155 226
2962 14 2 155 229
2963 -54 2 155 234
2964 176 2 155 240
2965 -24 2 156 217
2966 -12 2 156 219
2967 194 2 156 236
2968 -140 2 157 183
2969 -132 2 157 192
2970 116 2 157 193
2971 186 2 157 202
2972 140 2 157 205
2973 36 2 157 208
2974 188 2 157 215
2975 -58 2 157 230
2976 -198 2 157 232
2977 -122 2 157 237
2978 -176 2 157 242
2979 -198 2 157 250
2980 -70 2 158 159
2981 -108 2 158 160
2982 -14 2 158 169
2983 -132 2 158 190
2984 36 2 158 191
2985 -178 2 158 194
2986 -160 2 158 195
2987 32 2 158 199
2988 86 2 158 214
2989 -82 2 158 215
2990 192 2 158 223
2991 -10 2 158 230
2992 -72 2 158 247
2993 180 2 159 165
2994 186 2 159 183
2995 20 2 159 188
2996 -196 2 159 189
2997 2 2 159 196
2998 84 2 159 221
2999 198 2 159 229
3000 -104 2 159 236
3001 -140 2 159 239
3002 170 2 159 249
3003 -64 2 159 250
3004 -8 2 160 161
3005 60 2 160 162
3006 168 2 160 163
3007 44 2 160 168
3008 46 2 160 210
3009 -88 2 160 224
3010 -82 2 160 225
3011 76 2 160 228
3012 -184 2 160 236
3013 160 2 161 162
3014 -190 2 161 164
3015 22 2 161 168
3016 -170 2 161 178
3017 66 2 161 193
3018 -174 2 161 197
3019 118 2 161 204
3020 -172 2 161 212
3021 -146 2 161 214
3022 -114 2 161 216
3023 20 2 161 217
3024 150 2 161 221
3025 -90 2 161 249
3026 -160 2 162 172
3027 -136 2 162 175
3028 -72 2 162 187
3029 126 2 162 188
3030 -178 2 162 199
3031 96 2 162 208
3032 -160 2 162 213
3033 130 2 162 244
3034 -80 2 162 245
3035 -146 2 163 166
3036 166 2 163 170
3037 -140 2 163 174
3038 -24 2 163 189
3039 -64 2 163 206
3040 -22 2 164 179
3041 194 2 164 191
3042 190 2 164 204
3043 -186 2 164 215
3044 200 2 164 232
3045 146 2 164 237
3046 -76 2 164 240
3047 192 2 164 243
3048 -34 2 165 170
3049 18 2 165 178
3050 -116 2 165 181
3051 66 2 165 185
3052 12 2 165 187
3053 -52 2 165 214
3054 168 2 165 226
3055 68 2 165 236
3056 90 2 165 237
3057 142 2 165 241
3058 78 2 166 177
3059 8 2 166 187
3060 -40 2 166 202
3061 66 2 166 204
3062 52 2 166 227
3063 -72 2 166 229
3064 40 2 167 175
3065 154 2 167 217
3066 -184 2 167 223
3067 -58 2 167 231
3068 74 2 167 238
3069 14 2 167 241
3070 164 2 167 242
3071 32 2 167 243
3072 156 2 167 244
3073 170 2 168 201
3074 -40 2 168 207
3075 44 2 168 217
3076 156 2 168 220
3077 28 2 168 244
3078 -146 2 169 190
3079 136 2 169 201
3080 154 2 169 206
3081 -182 2 169 207
3082 10 2 169 233
3083 -2 2 169 244
3084 140 2 170 214
3085 10 2 170 220
3086 -170 2 170 236
3087 -62 2 170 249
3088 6 2 171 214
3089 146 2 171 217
3090 -82 2 171 218
3091 82 2 171 225
3092 -36 2 171 228
3093 -84 2 171 236
3094 114 2 171 245
3095 60 2 172 180
3096 -14 2 172 182
3097 136 2 172 198
3098 156 2 172 220
3099 -148 2 172 230
3100 86 2 172 231
3101 -36 2 172 232
3102 150 2 172 234
3103 116 2 172 236
3104 -56 2 172 239
3105 -144 2 173 196
3106 -74 2 173 198
3107 184 2 173 221
3108 10 2 173 233
3109 -32 2 173 246
3110 -138 2 174 187
3111 -100 2 174 202
3112 -18 2 174 216
3113 130 2 174 217
3114 174 2 174 227
3115 12 2 174 228
3116 168 2 175 182
3117 -14 2 175 188
3118 -38 2 175 207
3119 162 2 175 210
3120 174 2 176 182
3121 180 2 176 208
3122 136 2 176 216
3123 28 2 176 225
3124 156 2 176 227
3125 162 2 176 233
3126 66 2 176 240
3127 10 2 176 244
3128 170 2 177 179
3129 164 2 177 182
3130 -22 2 177 214
3131 100 2 177 218
3132 180 2 177 225
3133 -12 2 177 229
3134 -80 2 177 240
3135 -58 2 178 185
3136 -172 2 178 200
3137 180 2 178 203
3138 -102 2 178 250
3139 128 2 179 185
3140 180 2 179 205
3141 192 2 179 206
3142 -180 2 179 213
3143 26 2 179 222
3144 -148 2 179 230
3145 -50 2 179 243
3146 124 2 180 189
3147 -104 2 180 191
3148 -194 2 180 205
3149 -14 2 180 207
3150 166 2 180 220
3151 -184 2 180 231
3152 124 2 180 238
3153 -96 2 180 245
3154 -198 2 181 183
3155 154 2 181 190
3156 180 2 181 199
3157 -102 2 181 202
3158 -146 2 181 207
3159 10 2 181 210
3160 36 2 181 236
3161 -144 2 181 248
3162 84 2 182 185
3163 -76 2 182 189
3164 -174 2 182 190
3165 -92 2 182 192
3166 26 2 182 204
3167 -68 2 182 208
3168 184 2 182 224
3169 -92 2 182 226
3170 -118 2 182 231
3171 -194 2 182 233
3172 172 2 182 235
3173 200 2 183 198
3174 -182 2 183 203
3175 -46 2 183 212
3176 -38 2 183 238
3177 36 2 183 239
3178 -66 2 183 244
3179 -14 2 183 250
3180 20 2 184 187
3181 126 2 184 202
3182 -196 2 184 245
3183 170 2 184 250
3184 78 2 185 186
3185 36 2 185 193
3186 92 2 185 197
3187 -78 2 185 203
3188 -174 2 185 210
3189 128 2 185 216
3190 -70 2 185 218
3191 66 2 185 226
3192 178 2 185 227
3193 -46 2 185 230
3194 138 2 185 237
3195 -106 2 186 188
3196 -174 2 186 204
3197 -190 2 186 209
3198 112 2 186 210
3199 -192 2 186 227
3200 186 2 186 233
3201 -162 2 186 242
3202 120 2 187 191
3203 36 2 187 201
3204 -90 2 187 204
3205 102 2 187 206
3206 -56 2 187 214
3207 -4 2 187 216
3208 -134 2 187 226
3209 -98 2 187 237
3210 80 2 188 207
3211 -46 2 188 212
3212 58 2 188 217
3213 80 2 188 219
3214 50 2 189 193
3215 170 2 189 244
3216 -110 2 189 245
3217 140 2 190 198
3218 -180 2 190 200
3219 -80 2 190 215
3220 -90 2 190 222
3221 -142 2 190 232
3222 -76 2 190 235
3223 190 2 190 247
3224 30 2 191 210
3225 -96 2 191 216
3226 -6 2 191 229
3227 -40 2 191 247
3228 72 2 191 248
3229 -26 2 192 204
3230 158 2 192 242
3231 18 2 192 246
3232 -26 2 193 195
3233 -152 2 193 215
3234 -102 2 193 231
3235 -74 2 193 240
3236 184 2 194 202
3237 -188 2 194 207
3238 -22 2 194 210
3239 104 2 194 225
3240 -94 2 194 235
3241 -18 2 194 242
3242 -156 2 194 243
3243 112 2 195 203
3244 96 2 195 209
3245 98 2 195 231
3246 188 2 196 203
3247 70 2 196 205
3248 -12 2 196 207
3249 26 2 196 222
3250 -186 2 196 228
3251 32 2 196 233
3252 46 2 196 238
3253 -100 2 196 240
3254 46 2 197 198
3255 -162 2 197 233
3256 -84 2 197 240
3257 -178 2 197 249
3258 22 2 198 207
3259 -28 2 198 225
3260 -64 2 198 243
3261 200 2 199 200
3262 -172 2 199 222
3263 190 2 199 224
3264 16 2 199 228
3265 -144 2 199 233
3266 -4 2 199 239
3267 90 2 199 250
3268 146 2 200 209
3269 -16 2 200 210
3270 2 2 200 230
3271 -68 2 201 204
3272 70 2 201 205
3273 -114 2 201 213
3274 200 2 201 214
3275 -138 2 201 215
3276 116 2 201 222
3277 82 2 201 243
3278 -120 2 202 207
3279 -102 2 202 208
3280 8 2 202 220
3281 -68 2 202 222
3282 184 2 202 223
3283 150 2 202 238
3284 -60 2 202 245
3285 -26 2 203 208
3286 60 2 203 214
3287 70 2 203 234
3288 136 2 203 244
3289 192 2 203 246
3290 -150 2 203 249
3291 42 2 204 207
3292 186 2 204 221
3293 158 2 204 238
3294 -94 2 204 243
3295 -124 2 205 230
3296 -154 2 205 232
3297 -60 2 205 235
3298 104 2 205 237
3299 176 2 206 216
3300 100 2 206 223
3301 -24 2 206 234
3302 -60 2 206 249
3303 -128 2 206 250
3304 124 2 207 225
3305 -44 2 207 230
3306 -46 2 207 232
3307 150 2 207 237
3308 180 2 207 243
3309 182 2 207 246
3310 36 2 207 250
3311 38 2 208 214
3312 -194 2 208 249
3313 150 2 209 221
3314 -182 2 209 223
3315 140 2 209 230
3316 -32 2 209 234
3317 -110 2 210 211
3318 -162 2 210 212
3319 -170 2 210 217
3320 -26 2 210 230
3321 -74 2 210 235
3322 164 2 210 238
3323 -118 2 210 243
3324 58 2 211 220
3325 152 2 211 221
3326 -10 2 211 231
3327 78 2 211 241
3328 -172 2 212 218
3329 -104 2 212 235
3330 -128 2 213 219
3331 170 2 213 245
3332 -86 2 214 215
3333 -110 2 215 234
3334 -156 2 215 238
3335 178 2 215 243
3336 108 2 215 246
3337 -22 2 215 248
3338 140 2 216 223
3339 152 2 216 237
3340 -184 2 216 241
3341 -96 2 216 244
3342 82 2 216 248
3343 -190 2 217 222
3344 88 2 217 227
3345 -102 2 217 241
3346 54 2 217 245
3347 146 2 217 246
3348 -112 2 217 249
3349 -56 2 218 220
3350 186 2 218 228
3351 146 2 218 232
3352 12 2 218 236
3353 -176 2 218 242
3354 148 2 219 230
3355 168 2 220 221
3356 148 2 220 234
3357 194 2 220 245
3358 146 2 221 247
3359 -126 2 222 235
3360 30 2 223 229
3361 -194 2 223 231
3362 -124 2 223 249
3363 -36 2 224 237
3364 -184 2 224 243
3365 98 2 225 227
3366 -196 2 226 228
3367 26 2 226 232
3368 134 2 226 249
3369 48 2 227 238
3370 -188 2 228 241
3371 154 2 228 246
3372 -150 2 229 238
3373 148 2 229 241
3374 -162 2 229 244
3375 -88 2 229 245
3376 -48 2 230 242
3377 160 2 230 244
3378 -116 2 230 245
3379 92 2 230 246
3380 2 2 230 247
3381 -14 2 230 249
3382 -68 2 231 237
3383 -90 2 231 244
3384 14 2 231 245
3385 -60 2 232 248
3386 -138 2 232 250
3387 102 2 233 236
3388 -98 2 233 241
3389 -168 2 234 246
3390 -12 2 234 249
3391 -20 2 236 238
3392 88 2 236 250
3393 18 2 239 249
3394 -14 2 240 242
3395 70 2 242 246
3396 122 2 245 246
3397 130 2 247 250
