250 3285 0
0
1 -85 1 1
2 291 1 2
3 169 1 3
4 -10 1 4
5 -174 1 5
6 -128 1 6
7 -16 1 7
8 -187 1 8
9 -70 1 9
10 139 1 10
11 343 1 11
12 -106 1 12
13 346 1 13
14 300 1 14
15 203 1 15
16 -358 1 16
17 -511 1 17
18 13 1 18
19 617 1 19
20 -43 1 20
21 76 1 21
22 -478 1 22
23 -148 1 23
24 -408 1 24
25 -162 1 25
26 -109 1 26
27 -275 1 27
28 5 1 28
29 8 1 29
30 -314 1 30
31 -191 1 31
32 5 1 32
33 93 1 33
34 -13 1 34
35 84 1 35
36 195 1 36
37 -59 1 37
38 -213 1 38
39 -80 1 39
40 272 1 40
41 55 1 41
42 120 1 42
43 -621 1 43
44 -70 1 44
45 -166 1 45
46 393 1 46
47 605 1 47
48 -461 1 48
49 -173 1 49
50 -108 1 50
51 -152 1 51
52 50 1 52
53 66 1 53
54 -214 1 54
55 -305 1 55
56 -24 1 56
57 467 1 57
58 348 1 58
59 105 1 59
60 -128 1 60
61 -523 1 61
62 64 1 62
63 -171 1 63
64 -374 1 64
65 92 1 65
66 -60 1 66
67 101 1 67
68 -460 1 68
69 231 1 69
70 337 1 70
71 -11 1 71
72 42 1 72
73 369 1 73
74 -78 1 74
75 -43 1 75
76 678 1 76
77 -638 1 77
78 -180 1 78
79 -327 1 79
80 -406 1 80
81 -202 1 81
82 141 1 82
83 -584 1 83
84 313 1 84
85 -234 1 85
86 -120 1 86
87 -344 1 87
88 102 1 88
89 266 1 89
90 -189 1 90
91 -362 1 91
92 -74 1 92
93 398 1 93
94 316 1 94
95 40 1 95
96 99 1 96
97 50 1 97
98 536 1 98
99 -179 1 99
100 705 1 100
101 45 1 101
102 -358 1 102
103 79 1 103
104 -463 1 104
105 177 1 105
106 69 1 106
107 -99 1 107
108 -164 1 108
109 -98 1 109
110 -33 1 110
111 118 1 111
112 354 1 112
113 -144 1 113
114 -11 1 114
115 88 1 115
116 298 1 116
117 -436 1 117
118 -249 1 118
119 -375 1 119
120 334 1 120
121 419 1 121
122 -171 1 122
123 -385 1 123
124 -579 1 124
125 -233 1 125
126 103 1 126
127 425 1 127
128 -243 1 128
129 160 1 129
130 342 1 130
131 29 1 131
132 11 1 132
133 -92 1 133
134 -106 1 134
135 -228 1 135
136 283 1 136
137 -205 1 137
138 -13 1 138
139 -237 1 139
140 142 1 140
141 -358 1 141
142 465 1 142
143 700 1 143
144 428 1 144
145 -84 1 145
146 -264 1 146
147 159 1 147
148 377 1 148
149 188 1 149
150 -60 1 150
151 -647 1 151
152 537 1 152
153 -25 1 153
154 111 1 154
155 -365 1 155
156 200 1 156
157 157 1 157
158 -12 1 158
159 -121 1 159
160 617 1 160
161 491 1 161
162 -373 1 162
163 -311 1 163
164 -103 1 164
165 -467 1 165
166 220 1 166
167 307 1 167
168 139 1 168
169 152 1 169
170 121 1 170
171 -379 1 171
172 -51 1 172
173 -466 1 173
174 -142 1 174
175 -340 1 175
176 -58 1 176
177 310 1 177
178 -795 1 178
179 -86 1 179
180 -104 1 180
181 -332 1 181
182 -446 1 182
183 213 1 183
184 -214 1 184
185 -45 1 185
186 -286 1 186
187 141 1 187
188 204 1 188
189 335 1 189
190 -279 1 190
191 34 1 191
192 267 1 192
193 169 1 193
194 -161 1 194
195 -373 1 195
196 775 1 196
197 -280 1 197
198 -38 1 198
199 -334 1 199
200 426 1 200
201 152 1 201
202 -29 1 202
203 333 1 203
204 -194 1 204
205 306 1 205
206 -42 1 206
207 114 1 207
208 238 1 208
209 -641 1 209
210 -230 1 210
211 8 1 211
212 -81 1 212
213 -563 1 213
214 -351 1 214
215 -84 1 215
216 139 1 216
217 227 1 217
218 -75 1 218
219 3 1 219
220 -227 1 220
221 111 1 221
222 -617 1 222
223 504 1 223
224 237 1 224
225 -32 1 225
226 -168 1 226
227 193 1 227
228 74 1 228
229 -199 1 229
230 -154 1 230
231 -120 1 231
232 60 1 232
233 285 1 233
234 429 1 234
235 34 1 235
236 -450 1 236
237 -336 1 237
238 -87 1 238
239 -92 1 239
240 133 1 240
241 194 1 241
242 -39 1 242
243 378 1 243
244 -356 1 244
245 -88 1 245
246 341 1 246
247 13 1 247
248 -309 1 248
249 -566 1 249
250 -205 1 250
251 -2 2 1 8
252 8 2 1 17
253 -18 2 1 34
254 124 2 1 38
255 -70 2 1 96
256 180 2 1 103
257 78 2 1 112
258 -58 2 1 117
259 -138 2 1 142
260 54 2 1 153
261 -98 2 1 159
262 -46 2 1 160
263 122 2 1 201
264 -18 2 1 209
265 160 2 1 211
266 -108 2 1 225
267 -114 2 2 3
268 60 2 2 8
269 -28 2 2 11
270 -178 2 2 32
271 -38 2 2 52
272 -14 2 2 73
273 -136 2 2 74
274 -146 2 2 89
275 -82 2 2 92
276 -46 2 2 93
277 112 2 2 103
278 88 2 2 114
279 -64 2 2 127
280 168 2 2 138
281 -18 2 2 142
282 -190 2 2 147
283 -138 2 2 150
284 -160 2 2 154
285 -58 2 2 157
286 -174 2 2 167
287 50 2 2 171
288 86 2 2 177
289 64 2 2 185
290 56 2 2 190
291 122 2 2 210
292 60 2 2 217
293 8 2 2 225
294 128 2 2 250
295 -102 2 3 11
296 -186 2 3 19
297 -150 2 3 25
298 12 2 3 45
299 -46 2 3 49
300 -10 2 3 50
301 172 2 3 59
302 -110 2 3 62
303 -30 2 3 67
304 -44 2 3 73
305 -150 2 3 79
306 44 2 3 83
307 -118 2 3 111
308 154 2 3 112
309 -128 2 3 126
310 106 2 3 130
311 38 2 3 172
312 56 2 3 179
313 118 2 3 198
314 150 2 3 237
315 -134 2 4 10
316 -2 2 4 14
317 142 2 4 18
318 -138 2 4 23
319 -94 2 4 30
320 -22 2 4 62
321 176 2 4 67
322 70 2 4 74
323 62 2 4 97
324 -12 2 4 107
325 42 2 4 118
326 194 2 4 122
327 -18 2 4 149
328 -94 2 4 151
329 -176 2 4 160
330 -154 2 4 161
331 -38 2 4 191
332 -8 2 4 201
333 88 2 4 205
334 -154 2 4 215
335 40 2 4 229
336 144 2 4 235
337 70 2 4 242
338 36 2 4 244
339 124 2 5 10
340 -30 2 5 20
341 102 2 5 25
342 126 2 5 27
343 112 2 5 39
344 20 2 5 45
345 -56 2 5 49
346 -26 2 5 77
347 130 2 5 79
348 -152 2 5 101
349 -108 2 5 113
350 90 2 5 124
351 108 2 5 125
352 52 2 5 157
353 94 2 5 189
354 -76 2 5 197
355 -162 2 5 217
356 -66 2 6 18
357 114 2 6 31
358 -16 2 6 32
359 6 2 6 35
360 194 2 6 42
361 34 2 6 70
362 66 2 6 90
363 -192 2 6 91
364 124 2 6 102
365 -184 2 6 105
366 -62 2 6 113
367 142 2 6 117
368 -110 2 6 120
369 122 2 6 125
370 -16 2 6 137
371 86 2 6 145
372 -52 2 6 167
373 -48 2 6 183
374 140 2 6 211
375 -182 2 6 216
376 70 2 6 218
377 -164 2 6 222
378 -144 2 6 234
379 164 2 6 236
380 180 2 6 249
381 50 2 6 250
382 -24 2 7 18
383 -58 2 7 24
384 14 2 7 38
385 -198 2 7 47
386 -16 2 7 92
387 78 2 7 96
388 32 2 7 102
389 14 2 7 122
390 -60 2 7 126
391 -126 2 7 129
392 2 2 7 139
393 100 2 7 146
394 -92 2 7 151
395 190 2 7 181
396 -24 2 7 188
397 -96 2 7 198
398 86 2 7 202
399 78 2 7 237
400 142 2 7 239
401 -98 2 7 247
402 88 2 7 250
403 -188 2 8 13
404 28 2 8 17
405 -134 2 8 42
406 -46 2 8 51
407 56 2 8 57
408 114 2 8 61
409 68 2 8 68
410 150 2 8 78
411 8 2 8 89
412 -98 2 8 96
413 88 2 8 103
414 190 2 8 128
415 52 2 8 136
416 -118 2 8 137
417 -96 2 8 148
418 158 2 8 149
419 96 2 8 161
420 46 2 8 168
421 -70 2 8 183
422 60 2 8 192
423 -90 2 8 194
424 42 2 8 222
425 -50 2 9 25
426 90 2 9 30
427 196 2 9 43
428 -56 2 9 47
429 36 2 9 66
430 -138 2 9 82
431 30 2 9 90
432 128 2 9 91
433 24 2 9 96
434 180 2 9 144
435 -26 2 9 149
436 -192 2 9 150
437 146 2 9 156
438 34 2 9 157
439 -60 2 9 165
440 18 2 9 166
441 164 2 9 189
442 130 2 9 194
443 -156 2 9 216
444 -192 2 9 225
445 -62 2 9 239
446 -104 2 9 250
447 -102 2 10 32
448 -120 2 10 38
449 66 2 10 40
450 48 2 10 51
451 -62 2 10 56
452 -56 2 10 94
453 162 2 10 101
454 34 2 10 103
455 -106 2 10 108
456 92 2 10 114
457 86 2 10 120
458 -4 2 10 125
459 -154 2 10 132
460 -32 2 10 134
461 -198 2 10 148
462 72 2 10 158
463 66 2 10 160
464 118 2 10 163
465 192 2 10 165
466 -96 2 10 170
467 60 2 10 174
468 -192 2 10 177
469 56 2 10 178
470 -56 2 10 192
471 -54 2 10 196
472 94 2 10 199
473 -44 2 10 202
474 -34 2 10 229
475 76 2 10 233
476 -104 2 10 234
477 82 2 10 239
478 -158 2 10 246
479 -38 2 11 14
480 14 2 11 26
481 -162 2 11 45
482 18 2 11 57
483 104 2 11 77
484 -74 2 11 78
485 140 2 11 82
486 16 2 11 102
487 -60 2 11 103
488 -132 2 11 121
489 -8 2 11 134
490 38 2 11 140
491 6 2 11 165
492 -146 2 11 166
493 -2 2 11 204
494 -26 2 11 208
495 -98 2 11 219
496 -112 2 11 227
497 -34 2 11 231
498 60 2 12 49
499 -54 2 12 57
500 144 2 12 96
501 176 2 12 100
502 112 2 12 101
503 132 2 12 104
504 -66 2 12 119
505 -96 2 12 121
506 124 2 12 131
507 -34 2 12 162
508 128 2 12 165
509 -102 2 12 166
510 -12 2 12 169
511 42 2 12 190
512 -20 2 12 195
513 -78 2 12 207
514 -184 2 12 210
515 -154 2 12 222
516 56 2 12 232
517 -68 2 12 240
518 -40 2 12 247
519 146 2 12 250
520 -196 2 13 23
521 22 2 13 43
522 104 2 13 44
523 -106 2 13 53
524 -108 2 13 54
525 66 2 13 63
526 -34 2 13 68
527 134 2 13 70
528 -118 2 13 76
529 36 2 13 85
530 -140 2 13 87
531 -38 2 13 90
532 -146 2 13 92
533 6 2 13 102
534 -82 2 13 153
535 72 2 13 203
536 -6 2 13 215
537 -120 2 13 224
538 150 2 13 232
539 200 2 14 43
540 138 2 14 48
541 -172 2 14 59
542 -4 2 14 60
543 36 2 14 77
544 4 2 14 83
545 168 2 14 95
546 -126 2 14 97
547 -180 2 14 118
548 116 2 14 126
549 -172 2 14 144
550 -106 2 14 146
551 -144 2 14 169
552 118 2 14 171
553 20 2 14 194
554 -32 2 14 201
555 -116 2 14 202
556 -58 2 14 232
557 46 2 14 236
558 -16 2 14 239
559 -150 2 14 240
560 -130 2 14 247
561 -54 2 15 18
562 -150 2 15 32
563 38 2 15 33
564 -94 2 15 41
565 24 2 15 50
566 -60 2 15 58
567 196 2 15 81
568 -174 2 15 94
569 10 2 15 106
570 -86 2 15 137
571 58 2 15 138
572 138 2 15 139
573 58 2 15 143
574 140 2 15 154
575 146 2 15 164
576 -104 2 15 179
577 -62 2 15 180
578 -36 2 15 186
579 -42 2 15 207
580 -82 2 15 215
581 -118 2 15 237
582 -152 2 15 239
583 -156 2 16 18
584 162 2 16 24
585 -94 2 16 25
586 8 2 16 39
587 88 2 16 54
588 54 2 16 55
589 -74 2 16 68
590 10 2 16 81
591 -142 2 16 88
592 146 2 16 109
593 156 2 16 123
594 168 2 16 150
595 150 2 16 163
596 42 2 16 175
597 -190 2 16 185
598 -38 2 16 205
599 48 2 16 213
600 192 2 16 217
601 190 2 16 232
602 -4 2 16 233
603 -72 2 17 19
604 -44 2 17 31
605 184 2 17 38
606 102 2 17 40
607 -122 2 17 50
608 -20 2 17 63
609 160 2 17 67
610 38 2 17 73
611 -22 2 17 82
612 72 2 17 85
613 -18 2 17 90
614 -104 2 17 116
615 -52 2 17 145
616 -54 2 17 150
617 126 2 17 153
618 -158 2 17 168
619 200 2 17 173
620 36 2 17 175
621 140 2 17 182
622 140 2 17 191
623 -140 2 17 193
624 150 2 17 206
625 168 2 17 213
626 48 2 17 218
627 178 2 17 240
628 50 2 17 245
629 -28 2 18 22
630 58 2 18 34
631 24 2 18 39
632 -110 2 18 48
633 40 2 18 59
634 -4 2 18 82
635 156 2 18 87
636 50 2 18 89
637 -120 2 18 94
638 -8 2 18 110
639 58 2 18 118
640 38 2 18 119
641 -40 2 18 152
642 -54 2 18 153
643 -30 2 18 159
644 92 2 18 162
645 190 2 18 169
646 56 2 18 174
647 -106 2 18 189
648 -194 2 18 192
649 34 2 18 200
650 110 2 18 208
651 196 2 18 214
652 -40 2 18 223
653 -134 2 18 228
654 130 2 18 232
655 -170 2 18 240
656 -62 2 18 250
657 -66 2 19 26
658 -42 2 19 34
659 -58 2 19 54
660 154 2 19 58
661 2 2 19 66
662 46 2 19 77
663 30 2 19 83
664 -190 2 19 93
665 140 2 19 101
666 138 2 19 102
667 -182 2 19 112
668 -176 2 19 121
669 62 2 19 134
670 -146 2 19 136
671 24 2 19 162
672 -168 2 19 177
673 90 2 19 186
674 -180 2 19 190
675 -72 2 19 195
676 -198 2 19 233
677 -184 2 19 243
678 -108 2 20 43
679 -42 2 20 49
680 178 2 20 59
681 -110 2 20 63
682 -176 2 20 68
683 -80 2 20 116
684 -166 2 20 129
685 -82 2 20 134
686 122 2 20 150
687 192 2 20 164
688 198 2 20 218
689 -198 2 20 224
690 156 2 20 233
691 -6 2 20 240
692 184 2 20 244
693 54 2 20 246
694 -170 2 21 26
695 60 2 21 35
696 -60 2 21 46
697 96 2 21 57
698 128 2 21 63
699 -148 2 21 76
700 -16 2 21 89
701 -140 2 21 94
702 -176 2 21 105
703 190 2 21 109
704 192 2 21 128
705 152 2 21 130
706 -62 2 21 134
707 152 2 21 137
708 -142 2 21 148
709 28 2 21 153
710 98 2 21 162
711 18 2 21 179
712 70 2 21 180
713 -162 2 21 195
714 14 2 21 201
715 182 2 21 206
716 16 2 21 211
717 -146 2 21 223
718 60 2 21 224
719 -70 2 21 226
720 -16 2 21 230
721 -196 2 21 234
722 -104 2 21 244
723 160 2 22 38
724 94 2 22 60
725 192 2 22 67
726 62 2 22 102
727 14 2 22 107
728 78 2 22 113
729 -112 2 22 121
730 10 2 22 132
731 196 2 22 151
732 38 2 22 162
733 90 2 22 168
734 -28 2 22 169
735 -46 2 22 182
736 -166 2 22 188
737 -36 2 22 191
738 106 2 22 214
739 -46 2 22 217
740 -40 2 22 219
741 38 2 22 236
742 182 2 22 246
743 198 2 22 249
744 20 2 23 27
745 -22 2 23 34
746 36 2 23 62
747 -182 2 23 69
748 -4 2 23 79
749 184 2 23 92
750 188 2 23 97
751 10 2 23 107
752 42 2 23 144
753 -20 2 23 160
754 90 2 23 170
755 150 2 23 192
756 136 2 23 214
757 -58 2 23 215
758 142 2 23 241
759 -70 2 23 243
760 -62 2 23 244
761 50 2 23 246
762 198 2 24 58
763 -166 2 24 70
764 -62 2 24 72
765 200 2 24 75
766 -82 2 24 92
767 -20 2 24 119
768 138 2 24 130
769 -132 2 24 138
770 124 2 24 147
771 116 2 24 148
772 78 2 24 162
773 144 2 24 165
774 44 2 24 177
775 158 2 24 222
776 162 2 24 236
777 -124 2 24 249
778 -64 2 24 250
779 6 2 25 27
780 -70 2 25 43
781 106 2 25 44
782 54 2 25 45
783 -162 2 25 46
784 164 2 25 48
785 82 2 25 52
786 -102 2 25 80
787 -128 2 25 84
788 94 2 25 95
789 182 2 25 102
790 -72 2 25 107
791 98 2 25 111
792 -16 2 25 112
793 140 2 25 115
794 134 2 25 117
795 14 2 25 122
796 106 2 25 154
797 -178 2 25 156
798 -68 2 25 164
799 34 2 25 169
800 -124 2 25 203
801 -52 2 25 207
802 92 2 25 215
803 -48 2 25 223
804 186 2 25 226
805 44 2 25 227
806 -92 2 26 45
807 -108 2 26 49
808 -176 2 26 71
809 -84 2 26 92
810 148 2 26 94
811 96 2 26 95
812 8 2 26 108
813 158 2 26 123
814 66 2 26 133
815 -34 2 26 136
816 172 2 26 137
817 136 2 26 147
818 -142 2 26 150
819 -150 2 26 154
820 96 2 26 165
821 190 2 26 183
822 86 2 26 186
823 90 2 26 218
824 -162 2 26 220
825 -166 2 26 228
826 162 2 26 230
827 106 2 26 232
828 -62 2 26 234
829 102 2 26 245
830 48 2 27 53
831 -76 2 27 64
832 -26 2 27 67
833 90 2 27 81
834 166 2 27 82
835 170 2 27 83
836 -64 2 27 102
837 -90 2 27 107
838 28 2 27 117
839 104 2 27 125
840 -18 2 27 126
841 -94 2 27 127
842 154 2 27 134
843 142 2 27 139
844 -156 2 27 145
845 56 2 27 149
846 198 2 27 155
847 90 2 27 168
848 -120 2 27 169
849 -10 2 27 183
850 -194 2 27 241
851 -68 2 28 42
852 -122 2 28 44
853 126 2 28 73
854 -194 2 28 88
855 -28 2 28 102
856 -116 2 28 113
857 -30 2 28 128
858 176 2 28 132
859 -46 2 28 137
860 188 2 28 141
861 92 2 28 164
862 -78 2 28 167
863 -182 2 28 168
864 108 2 28 187
865 -100 2 28 203
866 -174 2 28 206
867 174 2 28 209
868 16 2 28 214
869 130 2 28 222
870 -150 2 28 227
871 138 2 28 229
872 130 2 28 242
873 50 2 29 50
874 -98 2 29 71
875 -6 2 29 74
876 -78 2 29 75
877 50 2 29 80
878 -28 2 29 102
879 -100 2 29 104
880 164 2 29 106
881 60 2 29 123
882 -170 2 29 127
883 160 2 29 141
884 122 2 29 166
885 -112 2 29 178
886 -34 2 29 179
887 174 2 29 192
888 -124 2 29 196
889 100 2 29 212
890 -146 2 29 233
891 -4 2 30 37
892 90 2 30 44
893 42 2 30 50
894 80 2 30 61
895 100 2 30 65
896 126 2 30 70
897 -44 2 30 73
898 -186 2 30 79
899 148 2 30 89
900 -196 2 30 90
901 180 2 30 99
902 -152 2 30 112
903 110 2 30 117
904 92 2 30 130
905 142 2 30 138
906 -126 2 30 151
907 22 2 30 178
908 110 2 30 184
909 -8 2 30 185
910 114 2 30 189
911 132 2 30 204
912 92 2 30 209
913 116 2 30 219
914 72 2 30 222
915 -30 2 30 223
916 -116 2 30 233
917 -106 2 30 234
918 -168 2 30 246
919 -62 2 31 40
920 -64 2 31 41
921 -152 2 31 46
922 -156 2 31 52
923 -4 2 31 57
924 12 2 31 67
925 176 2 31 91
926 142 2 31 105
927 122 2 31 107
928 122 2 31 108
929 144 2 31 110
930 196 2 31 112
931 116 2 31 113
932 28 2 31 114
933 162 2 31 117
934 48 2 31 118
935 66 2 31 127
936 -112 2 31 133
937 -112 2 31 138
938 84 2 31 147
939 72 2 31 148
940 -78 2 31 168
941 -118 2 31 171
942 -92 2 31 180
943 116 2 31 186
944 -82 2 31 187
945 -120 2 31 202
946 -58 2 31 206
947 -118 2 31 212
948 182 2 31 213
949 -58 2 31 228
950 -90 2 31 235
951 186 2 32 33
952 126 2 32 41
953 -184 2 32 59
954 44 2 32 61
955 -88 2 32 62
956 184 2 32 65
957 152 2 32 86
958 158 2 32 87
959 -188 2 32 100
960 -34 2 32 117
961 72 2 32 128
962 -20 2 32 134
963 142 2 32 139
964 12 2 32 153
965 138 2 32 158
966 -80 2 32 160
967 -152 2 32 164
968 2 2 32 178
969 -110 2 32 189
970 -40 2 32 207
971 -186 2 32 211
972 184 2 32 214
973 28 2 32 216
974 -58 2 32 243
975 176 2 32 246
976 -28 2 32 250
977 -196 2 33 41
978 -88 2 33 42
979 172 2 33 52
980 -86 2 33 67
981 -132 2 33 79
982 -90 2 33 82
983 160 2 33 87
984 184 2 33 99
985 -136 2 33 100
986 -106 2 33 108
987 94 2 33 116
988 -78 2 33 129
989 54 2 33 150
990 -100 2 33 161
991 34 2 33 181
992 -194 2 33 192
993 42 2 33 204
994 186 2 33 212
995 -112 2 33 231
996 84 2 33 236
997 -102 2 33 240
998 188 2 34 36
999 200 2 34 44
1000 -96 2 34 55
1001 190 2 34 56
1002 -66 2 34 65
1003 142 2 34 66
1004 -66 2 34 70
1005 -174 2 34 75
1006 -154 2 34 76
1007 112 2 34 105
1008 80 2 34 117
1009 -24 2 34 119
1010 136 2 34 122
1011 -194 2 34 127
1012 8 2 34 153
1013 -34 2 34 154
1014 -112 2 34 169
1015 -70 2 34 178
1016 -168 2 34 183
1017 188 2 34 198
1018 -102 2 34 204
1019 -180 2 34 208
1020 168 2 34 223
1021 20 2 34 229
1022 22 2 34 232
1023 -92 2 34 247
1024 128 2 34 248
1025 138 2 35 47
1026 -146 2 35 80
1027 -138 2 35 105
1028 150 2 35 111
1029 -116 2 35 126
1030 148 2 35 133
1031 10 2 35 161
1032 136 2 35 164
1033 154 2 35 166
1034 -168 2 35 168
1035 -58 2 35 170
1036 -92 2 35 179
1037 132 2 35 199
1038 136 2 35 223
1039 -72 2 35 228
1040 -96 2 35 239
1041 -190 2 35 247
1042 -162 2 35 250
1043 -198 2 36 38
1044 124 2 36 48
1045 -184 2 36 50
1046 -4 2 36 53
1047 86 2 36 63
1048 -196 2 36 80
1049 -42 2 36 92
1050 168 2 36 97
1051 172 2 36 102
1052 96 2 36 103
1053 166 2 36 118
1054 4 2 36 152
1055 -132 2 36 156
1056 -198 2 36 160
1057 68 2 36 180
1058 -164 2 36 189
1059 -166 2 36 206
1060 -72 2 36 210
1061 12 2 36 212
1062 -80 2 36 215
1063 -142 2 36 218
1064 82 2 36 232
1065 -104 2 36 241
1066 126 2 36 246
1067 46 2 37 41
1068 170 2 37 50
1069 6 2 37 55
1070 -162 2 37 59
1071 -44 2 37 62
1072 -72 2 37 66
1073 128 2 37 83
1074 -108 2 37 89
1075 98 2 37 93
1076 172 2 37 95
1077 12 2 37 104
1078 -16 2 37 114
1079 -24 2 37 121
1080 48 2 37 122
1081 -70 2 37 130
1082 -116 2 37 135
1083 42 2 37 138
1084 -88 2 37 156
1085 -104 2 37 157
1086 -168 2 37 167
1087 -22 2 37 171
1088 70 2 37 175
1089 -124 2 37 182
1090 160 2 37 190
1091 -2 2 37 192
1092 164 2 37 197
1093 -72 2 37 217
1094 56 2 37 233
1095 -108 2 37 236
1096 80 2 37 242
1097 170 2 37 250
1098 -82 2 38 39
1099 178 2 38 53
1100 82 2 38 62
1101 -46 2 38 78
1102 112 2 38 79
1103 112 2 38 81
1104 6 2 38 82
1105 -14 2 38 90
1106 40 2 38 100
1107 -178 2 38 115
1108 184 2 38 127
1109 -130 2 38 130
1110 178 2 38 150
1111 24 2 38 153
1112 -32 2 38 159
1113 -178 2 38 166
1114 174 2 38 171
1115 -52 2 38 180
1116 166 2 38 187
1117 56 2 38 189
1118 -34 2 38 198
1119 -104 2 38 199
1120 42 2 38 208
1121 -176 2 38 216
1122 -198 2 38 219
1123 132 2 38 220
1124 194 2 39 50
1125 46 2 39 77
1126 -14 2 39 80
1127 12 2 39 115
1128 114 2 39 121
1129 -184 2 39 142
1130 130 2 39 145
1131 -42 2 39 156
1132 192 2 39 177
1133 48 2 39 189
1134 24 2 39 204
1135 126 2 39 209
1136 -170 2 39 211
1137 -156 2 39 221
1138 138 2 39 235
1139 -172 2 39 243
1140 -188 2 39 247
1141 -96 2 40 45
1142 42 2 40 63
1143 -28 2 40 72
1144 -130 2 40 75
1145 174 2 40 77
1146 160 2 40 80
1147 -28 2 40 89
1148 -76 2 40 90
1149 -142 2 40 100
1150 -72 2 40 112
1151 -120 2 40 118
1152 44 2 40 134
1153 -64 2 40 145
1154 -46 2 40 148
1155 104 2 40 151
1156 -20 2 40 162
1157 -20 2 40 197
1158 -84 2 40 198
1159 -54 2 40 215
1160 -194 2 40 233
1161 140 2 41 45
1162 180 2 41 59
1163 176 2 41 62
1164 -144 2 41 81
1165 -20 2 41 89
1166 16 2 41 95
1167 6 2 41 104
1168 88 2 41 106
1169 66 2 41 117
1170 176 2 41 124
1171 -62 2 41 157
1172 -150 2 41 161
1173 -154 2 41 177
1174 -134 2 41 188
1175 -144 2 41 198
1176 88 2 41 222
1177 -98 2 41 227
1178 42 2 41 236
1179 192 2 42 43
1180 -64 2 42 66
1181 -154 2 42 91
1182 -88 2 42 94
1183 166 2 42 97
1184 -72 2 42 109
1185 162 2 42 111
1186 166 2 42 128
1187 -98 2 42 139
1188 -34 2 42 170
1189 162 2 42 185
1190 -148 2 42 190
1191 -198 2 42 194
1192 -76 2 42 199
1193 -114 2 42 200
1194 178 2 42 230
1195 -28 2 42 238
1196 -96 2 42 243
1197 -76 2 43 51
1198 -154 2 43 56
1199 198 2 43 75
1200 124 2 43 81
1201 -70 2 43 96
1202 -54 2 43 106
1203 58 2 43 107
1204 184 2 43 109
1205 -146 2 43 123
1206 146 2 43 150
1207 186 2 43 151
1208 22 2 43 162
1209 78 2 43 169
1210 -160 2 43 184
1211 102 2 43 185
1212 86 2 43 201
1213 -80 2 43 211
1214 86 2 43 220
1215 140 2 43 221
1216 140 2 43 249
1217 56 2 44 48
1218 -148 2 44 76
1219 180 2 44 78
1220 -162 2 44 80
1221 176 2 44 86
1222 34 2 44 92
1223 166 2 44 105
1224 4 2 44 106
1225 180 2 44 107
1226 60 2 44 109
1227 -174 2 44 114
1228 104 2 44 127
1229 192 2 44 135
1230 -172 2 44 147
1231 -150 2 44 168
1232 8 2 44 187
1233 -52 2 44 193
1234 -88 2 44 203
1235 -132 2 44 218
1236 -196 2 44 237
1237 -124 2 44 243
1238 166 2 45 49
1239 20 2 45 54
1240 132 2 45 59
1241 62 2 45 66
1242 172 2 45 67
1243 -32 2 45 78
1244 128 2 45 85
1245 -94 2 45 101
1246 -168 2 45 125
1247 174 2 45 135
1248 58 2 45 146
1249 32 2 45 199
1250 98 2 45 209
1251 -188 2 45 221
1252 70 2 45 222
1253 -170 2 45 236
1254 30 2 45 242
1255 -34 2 45 244
1256 -140 2 46 62
1257 -162 2 46 71
1258 126 2 46 77
1259 -30 2 46 102
1260 8 2 46 110
1261 28 2 46 137
1262 -160 2 46 143
1263 154 2 46 145
1264 -54 2 46 168
1265 -56 2 46 198
1266 -74 2 46 201
1267 -48 2 46 222
1268 -4 2 46 249
1269 62 2 47 51
1270 -10 2 47 54
1271 -148 2 47 64
1272 158 2 47 74
1273 -150 2 47 76
1274 -186 2 47 77
1275 50 2 47 119
1276 -178 2 47 126
1277 -186 2 47 147
1278 48 2 47 154
1279 -16 2 47 182
1280 -34 2 47 190
1281 -184 2 47 196
1282 -192 2 47 204
1283 -66 2 47 214
1284 -62 2 47 218
1285 112 2 48 62
1286 -96 2 48 65
1287 196 2 48 70
1288 98 2 48 72
1289 80 2 48 79
1290 28 2 48 81
1291 -80 2 48 86
1292 -72 2 48 99
1293 -124 2 48 104
1294 198 2 48 113
1295 -32 2 48 132
1296 146 2 48 133
1297 -64 2 48 143
1298 76 2 48 148
1299 110 2 48 155
1300 -172 2 48 168
1301 -192 2 48 172
1302 -68 2 48 173
1303 138 2 48 183
1304 -104 2 48 212
1305 200 2 48 221
1306 -62 2 48 227
1307 54 2 48 230
1308 182 2 48 231
1309 -168 2 48 239
1310 166 2 48 244
1311 -82 2 49 66
1312 166 2 49 83
1313 94 2 49 91
1314 -32 2 49 92
1315 -2 2 49 95
1316 54 2 49 99
1317 -28 2 49 118
1318 -118 2 49 127
1319 14 2 49 129
1320 -156 2 49 160
1321 140 2 49 168
1322 -118 2 49 174
1323 62 2 49 179
1324 72 2 49 199
1325 106 2 49 204
1326 46 2 49 211
1327 104 2 49 218
1328 110 2 49 227
1329 -60 2 49 238
1330 -128 2 50 55
1331 -36 2 50 67
1332 74 2 50 88
1333 -164 2 50 89
1334 104 2 50 95
1335 -100 2 50 112
1336 -86 2 50 123
1337 170 2 50 139
1338 -40 2 50 148
1339 110 2 50 168
1340 158 2 50 177
1341 126 2 50 178
1342 -168 2 50 186
1343 -92 2 50 201
1344 124 2 50 215
1345 26 2 51 62
1346 36 2 51 93
1347 -36 2 51 97
1348 192 2 51 104
1349 122 2 51 124
1350 -166 2 51 126
1351 72 2 51 132
1352 -128 2 51 133
1353 138 2 51 151
1354 58 2 51 184
1355 -92 2 51 195
1356 -24 2 51 202
1357 160 2 51 208
1358 132 2 51 226
1359 -60 2 51 230
1360 36 2 51 237
1361 -150 2 51 246
1362 -100 2 52 69
1363 22 2 52 71
1364 -86 2 52 77
1365 -60 2 52 82
1366 -80 2 52 84
1367 162 2 52 96
1368 86 2 52 115
1369 174 2 52 119
1370 -90 2 52 125
1371 104 2 52 137
1372 -36 2 52 146
1373 92 2 52 149
1374 94 2 52 155
1375 -184 2 52 169
1376 54 2 52 189
1377 -106 2 52 218
1378 -172 2 52 223
1379 -34 2 52 224
1380 140 2 53 54
1381 10 2 53 57
1382 -68 2 53 78
1383 92 2 53 82
1384 -82 2 53 103
1385 156 2 53 104
1386 -62 2 53 108
1387 -40 2 53 117
1388 -26 2 53 145
1389 -4 2 53 151
1390 -166 2 53 185
1391 -138 2 53 188
1392 44 2 53 200
1393 34 2 53 220
1394 -132 2 53 231
1395 64 2 53 240
1396 -70 2 53 248
1397 2 2 54 57
1398 -128 2 54 62
1399 148 2 54 73
1400 -92 2 54 85
1401 172 2 54 101
1402 -38 2 54 136
1403 -126 2 54 145
1404 196 2 54 146
1405 168 2 54 150
1406 -128 2 54 160
1407 -30 2 54 185
1408 106 2 54 188
1409 94 2 54 194
1410 96 2 54 199
1411 48 2 54 209
1412 22 2 54 228
1413 -154 2 54 243
1414 -132 2 55 73
1415 138 2 55 74
1416 184 2 55 89
1417 -178 2 55 95
1418 72 2 55 108
1419 -74 2 55 143
1420 -10 2 55 154
1421 158 2 55 167
1422 102 2 55 178
1423 148 2 55 184
1424 -158 2 55 185
1425 130 2 55 188
1426 36 2 55 193
1427 -88 2 55 196
1428 66 2 55 198
1429 72 2 55 202
1430 126 2 55 204
1431 -34 2 55 214
1432 86 2 55 215
1433 -142 2 55 218
1434 -126 2 55 224
1435 124 2 55 231
1436 154 2 55 243
1437 120 2 55 246
1438 32 2 56 103
1439 68 2 56 119
1440 68 2 56 123
1441 -82 2 56 128
1442 -130 2 56 133
1443 40 2 56 139
1444 -178 2 56 153
1445 84 2 56 169
1446 120 2 56 188
1447 144 2 56 196
1448 158 2 56 202
1449 192 2 56 218
1450 -128 2 56 224
1451 -168 2 56 233
1452 -60 2 56 237
1453 -86 2 56 247
1454 110 2 57 68
1455 -90 2 57 71
1456 -6 2 57 74
1457 200 2 57 77
1458 -158 2 57 92
1459 -144 2 57 108
1460 -134 2 57 115
1461 122 2 57 125
1462 -112 2 57 129
1463 -194 2 57 140
1464 -192 2 57 141
1465 -56 2 57 152
1466 -176 2 57 158
1467 162 2 57 166
1468 -192 2 57 171
1469 168 2 57 195
1470 -36 2 57 199
1471 92 2 57 220
1472 -124 2 57 221
1473 -172 2 57 238
1474 12 2 57 248
1475 -138 2 57 249
1476 120 2 58 60
1477 114 2 58 92
1478 -96 2 58 94
1479 -130 2 58 103
1480 -78 2 58 108
1481 -16 2 58 111
1482 -96 2 58 117
1483 -88 2 58 142
1484 -98 2 58 163
1485 -104 2 58 164
1486 -146 2 58 177
1487 -42 2 58 187
1488 -148 2 58 196
1489 -148 2 58 203
1490 -156 2 58 208
1491 -26 2 58 219
1492 -72 2 58 221
1493 28 2 58 238
1494 194 2 58 248
1495 72 2 59 91
1496 68 2 59 94
1497 -40 2 59 99
1498 12 2 59 100
1499 -192 2 59 115
1500 -132 2 59 120
1501 -186 2 59 121
1502 34 2 59 130
1503 90 2 59 131
1504 -158 2 59 132
1505 -92 2 59 135
1506 172 2 59 174
1507 -106 2 59 176
1508 100 2 59 208
1509 -184 2 59 210
1510 -158 2 59 214
1511 10 2 59 216
1512 172 2 59 240
1513 102 2 59 244
1514 22 2 59 249
1515 102 2 60 64
1516 28 2 60 80
1517 -100 2 60 114
1518 -120 2 60 115
1519 -110 2 60 118
1520 -132 2 60 134
1521 -66 2 60 139
1522 -94 2 60 147
1523 86 2 60 154
1524 70 2 60 160
1525 -162 2 60 161
1526 98 2 60 165
1527 -98 2 60 181
1528 176 2 60 185
1529 -2 2 60 191
1530 106 2 60 194
1531 100 2 60 199
1532 76 2 60 213
1533 -12 2 60 222
1534 -2 2 60 228
1535 102 2 60 244
1536 116 2 61 73
1537 44 2 61 75
1538 172 2 61 93
1539 132 2 61 102
1540 196 2 61 123
1541 -38 2 61 125
1542 -138 2 61 127
1543 106 2 61 135
1544 98 2 61 137
1545 30 2 61 143
1546 -98 2 61 157
1547 156 2 61 163
1548 54 2 61 181
1549 26 2 61 182
1550 -74 2 61 185
1551 192 2 61 194
1552 -166 2 61 235
1553 76 2 62 69
1554 -60 2 62 74
1555 -8 2 62 92
1556 184 2 62 97
1557 -6 2 62 116
1558 110 2 62 117
1559 88 2 62 123
1560 80 2 62 124
1561 -80 2 62 125
1562 -152 2 62 144
1563 170 2 62 160
1564 -178 2 62 165
1565 -128 2 62 173
1566 -114 2 62 193
1567 -178 2 62 194
1568 66 2 62 214
1569 180 2 62 221
1570 -78 2 62 250
1571 -12 2 63 64
1572 -16 2 63 71
1573 -88 2 63 72
1574 88 2 63 82
1575 -138 2 63 84
1576 192 2 63 90
1577 -38 2 63 97
1578 -180 2 63 98
1579 12 2 63 100
1580 -18 2 63 109
1581 -88 2 63 129
1582 -84 2 63 131
1583 -48 2 63 134
1584 92 2 63 139
1585 200 2 63 163
1586 -14 2 63 166
1587 94 2 63 182
1588 14 2 63 201
1589 -46 2 63 223
1590 -194 2 63 228
1591 192 2 63 236
1592 196 2 63 247
1593 34 2 63 249
1594 104 2 64 65
1595 -70 2 64 67
1596 -78 2 64 80
1597 56 2 64 86
1598 -40 2 64 93
1599 178 2 64 105
1600 110 2 64 115
1601 -46 2 64 116
1602 196 2 64 147
1603 66 2 64 181
1604 172 2 64 201
1605 -64 2 64 210
1606 118 2 64 237
1607 198 2 64 238
1608 -18 2 64 239
1609 196 2 65 78
1610 -72 2 65 110
1611 18 2 65 122
1612 -10 2 65 135
1613 36 2 65 139
1614 108 2 65 140
1615 -140 2 65 143
1616 -78 2 65 169
1617 -198 2 65 170
1618 -96 2 65 180
1619 70 2 65 203
1620 -54 2 65 205
1621 -8 2 65 209
1622 82 2 65 211
1623 -96 2 65 213
1624 -168 2 65 235
1625 32 2 66 89
1626 158 2 66 91
1627 -118 2 66 93
1628 6 2 66 94
1629 86 2 66 109
1630 40 2 66 116
1631 138 2 66 120
1632 142 2 66 129
1633 -114 2 66 130
1634 -172 2 66 143
1635 -172 2 66 153
1636 40 2 66 167
1637 184 2 66 171
1638 10 2 66 179
1639 194 2 66 194
1640 -74 2 66 222
1641 -144 2 66 223
1642 -140 2 66 239
1643 -174 2 67 92
1644 -164 2 67 93
1645 -2 2 67 100
1646 4 2 67 101
1647 -154 2 67 105
1648 -136 2 67 106
1649 -86 2 67 107
1650 8 2 67 111
1651 166 2 67 132
1652 84 2 67 167
1653 -168 2 67 177
1654 74 2 67 180
1655 -184 2 67 192
1656 52 2 67 205
1657 -70 2 67 214
1658 84 2 67 215
1659 -88 2 68 79
1660 -42 2 68 82
1661 132 2 68 100
1662 78 2 68 104
1663 120 2 68 112
1664 132 2 68 117
1665 -64 2 68 150
1666 122 2 68 187
1667 22 2 68 193
1668 42 2 68 206
1669 198 2 68 230
1670 98 2 68 236
1671 98 2 68 247
1672 178 2 68 250
1673 194 2 69 93
1674 -174 2 69 97
1675 42 2 69 98
1676 -76 2 69 103
1677 -98 2 69 115
1678 -190 2 69 117
1679 124 2 69 134
1680 -154 2 69 135
1681 34 2 69 154
1682 -170 2 69 158
1683 124 2 69 159
1684 156 2 69 162
1685 -38 2 69 163
1686 -168 2 69 168
1687 -18 2 69 191
1688 56 2 69 194
1689 100 2 69 229
1690 -178 2 70 76
1691 -148 2 70 77
1692 136 2 70 90
1693 -88 2 70 93
1694 -144 2 70 98
1695 164 2 70 107
1696 28 2 70 111
1697 182 2 70 113
1698 -74 2 70 131
1699 162 2 70 135
1700 -86 2 70 139
1701 -2 2 70 146
1702 -156 2 70 147
1703 -104 2 70 150
1704 -190 2 70 164
1705 -130 2 70 180
1706 -182 2 70 185
1707 -70 2 70 219
1708 -52 2 70 224
1709 110 2 71 98
1710 -34 2 71 101
1711 158 2 71 103
1712 -66 2 71 119
1713 16 2 71 124
1714 188 2 71 175
1715 174 2 71 195
1716 -8 2 71 197
1717 180 2 71 209
1718 60 2 71 212
1719 -80 2 71 213
1720 128 2 71 215
1721 138 2 71 216
1722 -8 2 71 217
1723 -16 2 71 222
1724 -86 2 71 223
1725 -158 2 71 234
1726 -154 2 71 245
1727 82 2 72 73
1728 82 2 72 90
1729 8 2 72 94
1730 140 2 72 97
1731 -12 2 72 99
1732 -118 2 72 159
1733 -132 2 72 160
1734 98 2 72 189
1735 -62 2 72 195
1736 -106 2 72 196
1737 -184 2 72 207
1738 94 2 72 211
1739 -60 2 72 231
1740 158 2 72 233
1741 8 2 72 243
1742 -136 2 73 84
1743 -154 2 73 86
1744 104 2 73 91
1745 22 2 73 93
1746 -20 2 73 98
1747 -24 2 73 133
1748 -90 2 73 136
1749 -30 2 73 137
1750 -16 2 73 151
1751 -44 2 73 174
1752 -76 2 73 185
1753 -172 2 73 188
1754 -160 2 73 203
1755 -36 2 73 207
1756 -88 2 73 211
1757 150 2 73 218
1758 42 2 73 222
1759 -164 2 73 223
1760 -122 2 73 231
1761 -132 2 74 75
1762 142 2 74 77
1763 -180 2 74 93
1764 88 2 74 126
1765 194 2 74 129
1766 18 2 74 140
1767 -148 2 74 144
1768 -146 2 74 160
1769 -14 2 74 162
1770 76 2 74 169
1771 -50 2 74 182
1772 -74 2 74 196
1773 174 2 74 209
1774 42 2 74 228
1775 8 2 74 246
1776 -112 2 75 87
1777 188 2 75 90
1778 88 2 75 94
1779 -36 2 75 98
1780 -122 2 75 100
1781 -154 2 75 101
1782 -136 2 75 108
1783 -16 2 75 109
1784 -96 2 75 111
1785 156 2 75 129
1786 176 2 75 163
1787 156 2 75 164
1788 -42 2 75 176
1789 124 2 75 187
1790 -128 2 75 212
1791 126 2 75 214
1792 -78 2 75 222
1793 64 2 75 235
1794 50 2 76 80
1795 -190 2 76 94
1796 -10 2 76 95
1797 -4 2 76 113
1798 -146 2 76 132
1799 46 2 76 143
1800 194 2 76 155
1801 -112 2 76 157
1802 38 2 76 160
1803 -50 2 76 162
1804 -80 2 76 170
1805 -194 2 76 171
1806 76 2 76 178
1807 174 2 76 180
1808 132 2 76 181
1809 158 2 76 185
1810 170 2 76 193
1811 -190 2 76 194
1812 -168 2 76 201
1813 -114 2 76 203
1814 -42 2 76 217
1815 -12 2 76 218
1816 -186 2 76 238
1817 122 2 77 95
1818 174 2 77 110
1819 158 2 77 141
1820 -20 2 77 166
1821 126 2 77 179
1822 176 2 77 200
1823 126 2 77 222
1824 -14 2 77 224
1825 -132 2 78 81
1826 96 2 78 83
1827 8 2 78 85
1828 114 2 78 113
1829 186 2 78 125
1830 54 2 78 141
1831 -22 2 78 154
1832 28 2 78 156
1833 -122 2 78 168
1834 -12 2 78 170
1835 66 2 78 209
1836 112 2 78 225
1837 -190 2 78 230
1838 -124 2 78 233
1839 -8 2 78 234
1840 64 2 79 80
1841 142 2 79 93
1842 -18 2 79 94
1843 -184 2 79 110
1844 -58 2 79 117
1845 144 2 79 121
1846 150 2 79 137
1847 56 2 79 146
1848 196 2 79 149
1849 84 2 79 154
1850 150 2 79 160
1851 120 2 79 167
1852 -180 2 79 191
1853 -12 2 79 207
1854 186 2 79 209
1855 132 2 79 218
1856 -108 2 79 232
1857 28 2 79 246
1858 64 2 80 85
1859 60 2 80 87
1860 -196 2 80 101
1861 198 2 80 105
1862 -80 2 80 113
1863 126 2 80 127
1864 -70 2 80 131
1865 90 2 80 132
1866 150 2 80 141
1867 8 2 80 147
1868 36 2 80 155
1869 -30 2 80 159
1870 166 2 80 165
1871 128 2 80 182
1872 -2 2 80 193
1873 164 2 80 197
1874 34 2 80 207
1875 64 2 80 210
1876 166 2 80 213
1877 -156 2 80 216
1878 180 2 80 231
1879 58 2 80 245
1880 -140 2 81 117
1881 12 2 81 133
1882 -114 2 81 138
1883 114 2 81 142
1884 120 2 81 145
1885 134 2 81 150
1886 -8 2 81 152
1887 -92 2 81 153
1888 196 2 81 179
1889 -150 2 81 183
1890 112 2 81 184
1891 -120 2 81 190
1892 40 2 81 214
1893 66 2 81 226
1894 -176 2 81 229
1895 -8 2 81 232
1896 134 2 81 248
1897 -42 2 82 98
1898 -198 2 82 124
1899 194 2 82 135
1900 -38 2 82 142
1901 -160 2 82 146
1902 102 2 82 178
1903 196 2 82 180
1904 -156 2 82 187
1905 -106 2 82 191
1906 -192 2 82 208
1907 -18 2 82 227
1908 122 2 83 86
1909 148 2 83 89
1910 -48 2 83 97
1911 -24 2 83 105
1912 172 2 83 109
1913 -80 2 83 130
1914 54 2 83 211
1915 90 2 83 219
1916 126 2 83 222
1917 -46 2 83 242
1918 16 2 83 245
1919 -174 2 84 88
1920 -182 2 84 89
1921 14 2 84 105
1922 96 2 84 121
1923 136 2 84 132
1924 -72 2 84 136
1925 38 2 84 146
1926 -130 2 84 154
1927 78 2 84 155
1928 -2 2 84 166
1929 172 2 84 181
1930 108 2 84 184
1931 -190 2 84 193
1932 -126 2 84 201
1933 -104 2 84 207
1934 -120 2 84 217
1935 6 2 84 222
1936 196 2 84 235
1937 -50 2 84 236
1938 162 2 84 245
1939 184 2 85 92
1940 160 2 85 104
1941 -84 2 85 120
1942 112 2 85 122
1943 -52 2 85 141
1944 32 2 85 145
1945 112 2 85 148
1946 76 2 85 171
1947 -168 2 85 182
1948 -64 2 85 186
1949 172 2 85 227
1950 82 2 85 235
1951 -76 2 85 236
1952 -174 2 85 242
1953 -60 2 85 245
1954 10 2 86 94
1955 64 2 86 132
1956 106 2 86 137
1957 -4 2 86 153
1958 -102 2 86 157
1959 154 2 86 160
1960 16 2 86 166
1961 16 2 86 170
1962 -28 2 86 172
1963 26 2 86 179
1964 -44 2 86 212
1965 -176 2 86 216
1966 -178 2 86 221
1967 108 2 86 228
1968 30 2 87 90
1969 6 2 87 91
1970 26 2 87 94
1971 170 2 87 115
1972 -106 2 87 125
1973 170 2 87 131
1974 -132 2 87 141
1975 -30 2 87 161
1976 14 2 87 167
1977 -82 2 87 174
1978 48 2 87 198
1979 84 2 87 216
1980 -72 2 87 219
1981 200 2 87 232
1982 92 2 87 241
1983 174 2 87 247
1984 -186 2 87 249
1985 54 2 88 118
1986 148 2 88 121
1987 2 2 88 124
1988 98 2 88 134
1989 154 2 88 147
1990 172 2 88 156
1991 -140 2 88 174
1992 -150 2 88 189
1993 -22 2 88 214
1994 -50 2 88 219
1995 -188 2 88 227
1996 154 2 88 239
1997 -10 2 89 97
1998 -110 2 89 101
1999 -112 2 89 119
2000 166 2 89 122
2001 148 2 89 123
2002 -140 2 89 130
2003 98 2 89 139
2004 -16 2 89 141
2005 -156 2 89 142
2006 66 2 89 162
2007 -50 2 89 180
2008 -134 2 89 189
2009 -194 2 89 197
2010 -150 2 89 211
2011 58 2 89 218
2012 -86 2 89 247
2013 184 2 89 248
2014 -108 2 90 116
2015 80 2 90 131
2016 -130 2 90 137
2017 -62 2 90 141
2018 -62 2 90 143
2019 -120 2 90 152
2020 92 2 90 162
2021 -30 2 90 182
2022 62 2 90 186
2023 50 2 90 192
2024 150 2 90 200
2025 -38 2 90 205
2026 168 2 90 215
2027 68 2 90 222
2028 -24 2 90 233
2029 -100 2 90 237
2030 162 2 91 94
2031 -156 2 91 109
2032 110 2 91 119
2033 -156 2 91 120
2034 -74 2 91 121
2035 104 2 91 126
2036 92 2 91 128
2037 -38 2 91 133
2038 192 2 91 150
2039 -82 2 91 157
2040 94 2 91 170
2041 94 2 91 173
2042 -10 2 91 234
2043 136 2 92 98
2044 -186 2 92 112
2045 -62 2 92 130
2046 98 2 92 137
2047 110 2 92 145
2048 62 2 92 159
2049 -98 2 92 169
2050 118 2 92 184
2051 42 2 92 187
2052 -2 2 92 200
2053 58 2 92 223
2054 180 2 92 232
2055 36 2 93 117
2056 -90 2 93 122
2057 26 2 93 124
2058 20 2 93 140
2059 94 2 93 147
2060 -172 2 93 150
2061 8 2 93 153
2062 -94 2 93 161
2063 118 2 93 164
2064 74 2 93 166
2065 -176 2 93 175
2066 -146 2 93 181
2067 -40 2 93 187
2068 -168 2 93 188
2069 -20 2 93 194
2070 -94 2 93 210
2071 80 2 93 229
2072 -42 2 93 239
2073 -48 2 93 245
2074 -144 2 94 96
2075 -126 2 94 126
2076 -140 2 94 131
2077 194 2 94 135
2078 -188 2 94 154
2079 174 2 94 168
2080 84 2 94 174
2081 -148 2 94 190
2082 -102 2 94 204
2083 180 2 94 215
2084 110 2 94 218
2085 -44 2 94 226
2086 -18 2 94 231
2087 -98 2 94 240
2088 -2 2 95 98
2089 -50 2 95 101
2090 -60 2 95 105
2091 -86 2 95 131
2092 -134 2 95 137
2093 -154 2 95 142
2094 -136 2 95 155
2095 66 2 95 160
2096 12 2 95 166
2097 -30 2 95 175
2098 -126 2 95 176
2099 152 2 95 195
2100 88 2 95 196
2101 -192 2 95 200
2102 80 2 95 219
2103 -34 2 95 227
2104 -56 2 95 233
2105 -142 2 96 98
2106 166 2 96 108
2107 64 2 96 145
2108 92 2 96 153
2109 -116 2 96 159
2110 -106 2 96 165
2111 -132 2 96 168
2112 20 2 96 180
2113 20 2 96 185
2114 -132 2 96 187
2115 -24 2 96 193
2116 -186 2 96 197
2117 -128 2 96 205
2118 22 2 96 206
2119 76 2 96 207
2120 114 2 96 225
2121 16 2 96 235
2122 152 2 96 249
2123 -54 2 97 99
2124 -72 2 97 111
2125 -166 2 97 113
2126 158 2 97 117
2127 20 2 97 128
2128 -140 2 97 146
2129 -176 2 97 154
2130 90 2 97 156
2131 36 2 97 162
2132 -164 2 97 166
2133 -102 2 97 184
2134 -90 2 97 187
2135 -126 2 97 195
2136 176 2 97 231
2137 192 2 97 240
2138 -158 2 97 250
2139 -70 2 98 102
2140 178 2 98 104
2141 -106 2 98 105
2142 -178 2 98 109
2143 -62 2 98 115
2144 -92 2 98 116
2145 -28 2 98 149
2146 -92 2 98 151
2147 -78 2 98 154
2148 -6 2 98 171
2149 188 2 98 173
2150 170 2 98 175
2151 38 2 98 190
2152 -94 2 98 202
2153 -164 2 98 217
2154 -192 2 98 221
2155 72 2 98 223
2156 -120 2 98 233
2157 -98 2 98 237
2158 -22 2 98 239
2159 -38 2 98 241
2160 176 2 99 118
2161 -188 2 99 123
2162 -46 2 99 146
2163 182 2 99 147
2164 12 2 99 154
2165 -188 2 99 177
2166 -4 2 99 180
2167 -44 2 99 181
2168 128 2 99 189
2169 -102 2 99 197
2170 140 2 99 198
2171 -70 2 99 200
2172 -20 2 99 216
2173 146 2 99 226
2174 -110 2 99 227
2175 106 2 99 248
2176 134 2 100 114
2177 -184 2 100 120
2178 -176 2 100 161
2179 -92 2 100 162
2180 -194 2 100 169
2181 -192 2 100 177
2182 -120 2 100 201
2183 -72 2 100 204
2184 172 2 100 216
2185 -150 2 100 217
2186 -48 2 100 222
2187 -88 2 100 237
2188 -182 2 100 240
2189 16 2 101 102
2190 -150 2 101 142
2191 194 2 101 146
2192 58 2 101 163
2193 156 2 101 174
2194 176 2 101 177
2195 -40 2 101 179
2196 84 2 101 187
2197 -94 2 101 189
2198 118 2 101 191
2199 -144 2 101 196
2200 -80 2 101 198
2201 -110 2 101 199
2202 -162 2 101 206
2203 18 2 101 209
2204 -118 2 101 233
2205 170 2 101 234
2206 18 2 101 245
2207 -54 2 102 128
2208 -182 2 102 135
2209 -184 2 102 144
2210 192 2 102 158
2211 108 2 102 165
2212 136 2 102 169
2213 146 2 102 179
2214 -34 2 102 202
2215 -72 2 102 247
2216 120 2 103 104
2217 140 2 103 119
2218 -126 2 103 138
2219 -100 2 103 143
2220 -156 2 103 164
2221 36 2 103 203
2222 -192 2 103 223
2223 -38 2 103 245
2224 -102 2 103 246
2225 -92 2 103 250
2226 116 2 104 119
2227 24 2 104 133
2228 200 2 104 134
2229 -52 2 104 137
2230 -70 2 104 139
2231 58 2 104 141
2232 86 2 104 142
2233 70 2 104 148
2234 -40 2 104 167
2235 -64 2 104 178
2236 -70 2 104 201
2237 -92 2 104 228
2238 -150 2 104 235
2239 100 2 104 239
2240 -100 2 105 120
2241 184 2 105 122
2242 -118 2 105 130
2243 66 2 105 135
2244 86 2 105 142
2245 -64 2 105 145
2246 16 2 105 146
2247 -146 2 105 153
2248 -134 2 105 156
2249 -128 2 105 174
2250 156 2 105 190
2251 44 2 105 193
2252 -24 2 105 203
2253 -96 2 105 219
2254 -12 2 105 222
2255 -88 2 105 225
2256 -22 2 105 227
2257 -8 2 105 232
2258 66 2 105 243
2259 136 2 106 108
2260 120 2 106 118
2261 -136 2 106 124
2262 144 2 106 142
2263 -152 2 106 144
2264 200 2 106 148
2265 -146 2 106 186
2266 -164 2 106 187
2267 -192 2 106 189
2268 -58 2 106 196
2269 -136 2 106 200
2270 22 2 106 201
2271 -114 2 106 204
2272 130 2 106 209
2273 40 2 106 228
2274 200 2 106 230
2275 -108 2 106 246
2276 -138 2 107 125
2277 176 2 107 151
2278 142 2 107 174
2279 -194 2 107 187
2280 186 2 107 194
2281 -18 2 107 208
2282 -24 2 107 218
2283 -56 2 107 219
2284 -20 2 107 220
2285 -126 2 107 228
2286 24 2 107 230
2287 -42 2 107 237
2288 162 2 108 117
2289 152 2 108 129
2290 -178 2 108 148
2291 -110 2 108 159
2292 -34 2 108 164
2293 182 2 108 174
2294 -62 2 108 200
2295 148 2 108 209
2296 -124 2 108 219
2297 110 2 108 224
2298 -150 2 108 232
2299 180 2 108 239
2300 126 2 108 244
2301 -120 2 108 246
2302 174 2 108 248
2303 44 2 109 111
2304 -114 2 109 115
2305 -194 2 109 121
2306 172 2 109 124
2307 -106 2 109 156
2308 18 2 109 164
2309 -176 2 109 166
2310 -154 2 109 172
2311 -2 2 109 180
2312 106 2 109 222
2313 186 2 109 229
2314 18 2 109 244
2315 -170 2 110 119
2316 48 2 110 121
2317 -182 2 110 131
2318 -22 2 110 142
2319 -168 2 110 177
2320 188 2 110 187
2321 96 2 110 213
2322 -164 2 110 215
2323 166 2 110 219
2324 200 2 110 228
2325 26 2 110 229
2326 -14 2 110 247
2327 -108 2 111 114
2328 22 2 111 126
2329 154 2 111 141
2330 -100 2 111 144
2331 -8 2 111 157
2332 -26 2 111 159
2333 148 2 111 165
2334 70 2 111 183
2335 -188 2 111 218
2336 -168 2 111 219
2337 -58 2 111 232
2338 -72 2 111 237
2339 -90 2 111 247
2340 -138 2 112 119
2341 -184 2 112 136
2342 -94 2 112 142
2343 -162 2 112 148
2344 -36 2 112 153
2345 -26 2 112 167
2346 -12 2 112 173
2347 184 2 112 180
2348 136 2 112 192
2349 170 2 112 197
2350 134 2 112 199
2351 -156 2 112 205
2352 -14 2 112 208
2353 130 2 112 210
2354 -196 2 112 216
2355 -136 2 112 220
2356 20 2 112 224
2357 -168 2 112 236
2358 100 2 113 143
2359 -118 2 113 148
2360 166 2 113 158
2361 -154 2 113 160
2362 148 2 113 169
2363 -146 2 113 174
2364 150 2 113 183
2365 -182 2 113 188
2366 196 2 113 191
2367 90 2 113 197
2368 56 2 113 208
2369 -18 2 113 216
2370 -154 2 113 217
2371 -36 2 113 231
2372 -54 2 113 244
2373 92 2 113 247
2374 200 2 114 116
2375 -174 2 114 129
2376 -142 2 114 131
2377 44 2 114 142
2378 144 2 114 146
2379 28 2 114 151
2380 46 2 114 156
2381 42 2 114 170
2382 52 2 114 178
2383 -156 2 114 183
2384 -154 2 114 185
2385 -96 2 114 187
2386 198 2 114 195
2387 184 2 114 225
2388 -138 2 114 249
2389 -38 2 115 116
2390 58 2 115 119
2391 134 2 115 120
2392 124 2 115 122
2393 98 2 115 129
2394 30 2 115 133
2395 -14 2 115 142
2396 -178 2 115 144
2397 94 2 115 182
2398 -74 2 115 210
2399 2 2 115 220
2400 104 2 115 224
2401 6 2 115 241
2402 -142 2 115 243
2403 84 2 116 124
2404 -198 2 116 130
2405 -104 2 116 137
2406 152 2 116 151
2407 -12 2 116 152
2408 -32 2 116 187
2409 82 2 116 191
2410 50 2 116 208
2411 -166 2 116 209
2412 -140 2 116 218
2413 -104 2 116 226
2414 122 2 116 228
2415 -190 2 116 234
2416 -70 2 117 118
2417 44 2 117 127
2418 6 2 117 130
2419 112 2 117 134
2420 38 2 117 148
2421 46 2 117 175
2422 -130 2 117 200
2423 84 2 117 213
2424 -92 2 117 220
2425 184 2 117 225
2426 -110 2 117 232
2427 56 2 117 233
2428 130 2 118 128
2429 170 2 118 131
2430 112 2 118 133
2431 6 2 118 139
2432 -52 2 118 142
2433 38 2 118 156
2434 -66 2 118 173
2435 -110 2 118 179
2436 -54 2 118 202
2437 124 2 118 219
2438 -8 2 118 231
2439 -152 2 118 233
2440 194 2 118 243
2441 10 2 118 247
2442 -4 2 119 125
2443 22 2 119 134
2444 194 2 119 136
2445 -130 2 119 163
2446 -46 2 119 166
2447 174 2 119 173
2448 150 2 119 184
2449 -130 2 119 187
2450 -180 2 119 189
2451 120 2 119 195
2452 120 2 119 201
2453 132 2 119 210
2454 -10 2 119 211
2455 54 2 119 222
2456 152 2 119 230
2457 -26 2 119 245
2458 -110 2 120 122
2459 116 2 120 125
2460 90 2 120 135
2461 -88 2 120 137
2462 -198 2 120 146
2463 174 2 120 154
2464 18 2 120 175
2465 -30 2 120 196
2466 -158 2 120 197
2467 42 2 120 198
2468 16 2 120 200
2469 -104 2 120 207
2470 -86 2 120 214
2471 106 2 120 227
2472 -48 2 120 228
2473 96 2 121 123
2474 88 2 121 137
2475 -24 2 121 140
2476 -146 2 121 146
2477 16 2 121 147
2478 -166 2 121 156
2479 136 2 121 160
2480 -98 2 121 167
2481 -52 2 121 176
2482 -6 2 121 190
2483 -132 2 121 196
2484 60 2 121 200
2485 -144 2 121 201
2486 150 2 121 210
2487 -116 2 121 226
2488 -74 2 121 229
2489 -78 2 121 230
2490 134 2 121 238
2491 50 2 121 239
2492 -88 2 121 248
2493 -142 2 122 127
2494 14 2 122 133
2495 198 2 122 136
2496 -10 2 122 147
2497 -54 2 122 155
2498 46 2 122 160
2499 120 2 122 163
2500 -154 2 122 167
2501 -136 2 122 177
2502 -150 2 122 191
2503 -16 2 122 200
2504 158 2 122 211
2505 -168 2 122 215
2506 -166 2 122 229
2507 126 2 122 237
2508 58 2 122 242
2509 -66 2 122 244
2510 -126 2 122 246
2511 -18 2 123 136
2512 -132 2 123 140
2513 186 2 123 176
2514 -20 2 123 190
2515 148 2 123 194
2516 -28 2 123 210
2517 84 2 123 231
2518 154 2 124 131
2519 64 2 124 142
2520 -88 2 124 158
2521 38 2 124 168
2522 124 2 124 174
2523 170 2 124 190
2524 -150 2 124 192
2525 8 2 124 197
2526 -26 2 124 198
2527 -178 2 124 200
2528 112 2 124 203
2529 138 2 124 212
2530 4 2 124 219
2531 192 2 124 220
2532 162 2 124 245
2533 200 2 125 146
2534 -94 2 125 149
2535 -88 2 125 152
2536 -72 2 125 155
2537 -78 2 125 172
2538 156 2 125 175
2539 24 2 125 177
2540 178 2 125 178
2541 110 2 125 215
2542 66 2 126 142
2543 154 2 126 166
2544 -156 2 126 170
2545 158 2 126 171
2546 -160 2 126 196
2547 192 2 126 213
2548 -134 2 126 214
2549 176 2 126 215
2550 140 2 126 216
2551 -180 2 126 233
2552 -28 2 127 140
2553 -194 2 127 142
2554 -122 2 127 179
2555 80 2 127 182
2556 -158 2 127 201
2557 -20 2 127 208
2558 96 2 127 216
2559 22 2 127 238
2560 -130 2 127 242
2561 -192 2 128 134
2562 56 2 128 137
2563 4 2 128 138
2564 -50 2 128 139
2565 -58 2 128 141
2566 -98 2 128 148
2567 -38 2 128 154
2568 186 2 128 163
2569 -190 2 128 181
2570 146 2 128 205
2571 138 2 128 209
2572 -32 2 128 210
2573 24 2 128 246
2574 -106 2 128 248
2575 -76 2 129 132
2576 12 2 129 136
2577 116 2 129 139
2578 -6 2 129 141
2579 8 2 129 161
2580 186 2 129 172
2581 -150 2 129 183
2582 -22 2 129 186
2583 -80 2 129 197
2584 -142 2 129 205
2585 -70 2 129 206
2586 -108 2 129 245
2587 160 2 130 134
2588 -26 2 130 160
2589 -6 2 130 182
2590 -20 2 130 191
2591 -170 2 130 192
2592 -192 2 130 196
2593 54 2 130 208
2594 168 2 130 218
2595 12 2 130 219
2596 -26 2 130 220
2597 -186 2 130 226
2598 -126 2 130 242
2599 58 2 130 249
2600 -112 2 131 146
2601 14 2 131 171
2602 -196 2 131 175
2603 -26 2 131 184
2604 128 2 131 194
2605 122 2 131 195
2606 98 2 131 204
2607 -140 2 131 208
2608 -180 2 131 217
2609 102 2 131 226
2610 -18 2 131 229
2611 100 2 131 234
2612 40 2 131 244
2613 -60 2 132 140
2614 -152 2 132 143
2615 -118 2 132 152
2616 -18 2 132 156
2617 -96 2 132 196
2618 -12 2 132 209
2619 88 2 132 210
2620 114 2 132 214
2621 -30 2 132 224
2622 -58 2 132 229
2623 152 2 132 235
2624 -134 2 132 245
2625 154 2 132 248
2626 160 2 133 145
2627 -178 2 133 149
2628 32 2 133 168
2629 126 2 133 174
2630 -132 2 133 175
2631 14 2 133 196
2632 100 2 133 210
2633 -108 2 133 215
2634 48 2 133 217
2635 146 2 133 247
2636 -144 2 133 248
2637 -154 2 134 163
2638 26 2 134 165
2639 -104 2 134 169
2640 160 2 134 190
2641 120 2 134 199
2642 -190 2 134 200
2643 128 2 134 202
2644 -180 2 134 205
2645 -158 2 134 207
2646 18 2 134 212
2647 6 2 134 236
2648 -192 2 134 238
2649 44 2 134 240
2650 122 2 134 244
2651 166 2 134 250
2652 -94 2 135 202
2653 -156 2 135 205
2654 -4 2 135 226
2655 106 2 135 238
2656 -20 2 135 246
2657 -176 2 136 144
2658 -92 2 136 161
2659 30 2 136 182
2660 -188 2 136 193
2661 -60 2 136 221
2662 46 2 136 227
2663 80 2 137 140
2664 6 2 137 170
2665 122 2 137 171
2666 -142 2 137 198
2667 96 2 137 223
2668 -42 2 138 168
2669 4 2 138 173
2670 108 2 138 186
2671 -14 2 138 192
2672 -68 2 138 199
2673 84 2 138 213
2674 -100 2 138 215
2675 124 2 138 222
2676 -170 2 139 140
2677 -20 2 139 142
2678 -168 2 139 164
2679 84 2 139 182
2680 -110 2 139 183
2681 2 2 139 194
2682 30 2 139 204
2683 182 2 139 213
2684 130 2 139 218
2685 -174 2 139 241
2686 76 2 139 249
2687 80 2 140 149
2688 -138 2 140 156
2689 94 2 140 188
2690 -150 2 140 203
2691 178 2 140 206
2692 -48 2 140 208
2693 44 2 140 231
2694 -190 2 141 145
2695 14 2 141 153
2696 114 2 141 168
2697 54 2 141 170
2698 104 2 141 174
2699 66 2 141 193
2700 -76 2 141 194
2701 104 2 141 196
2702 -86 2 141 200
2703 78 2 141 201
2704 -124 2 141 202
2705 134 2 141 210
2706 120 2 141 236
2707 -128 2 142 175
2708 80 2 142 178
2709 96 2 142 179
2710 42 2 142 192
2711 -88 2 142 200
2712 -194 2 142 201
2713 74 2 142 219
2714 -174 2 142 225
2715 -102 2 142 236
2716 -100 2 142 239
2717 134 2 142 241
2718 148 2 142 245
2719 196 2 143 146
2720 -116 2 143 154
2721 84 2 143 167
2722 10 2 143 176
2723 38 2 143 183
2724 -96 2 143 193
2725 22 2 143 194
2726 -64 2 143 209
2727 -168 2 143 224
2728 52 2 143 227
2729 -184 2 143 231
2730 -198 2 143 236
2731 -16 2 143 239
2732 -114 2 143 244
2733 -156 2 143 246
2734 106 2 144 154
2735 170 2 144 178
2736 -168 2 144 182
2737 52 2 144 188
2738 24 2 144 190
2739 -168 2 144 195
2740 178 2 144 196
2741 194 2 144 197
2742 -88 2 144 198
2743 -66 2 144 204
2744 176 2 144 213
2745 -56 2 144 221
2746 -178 2 144 223
2747 -124 2 144 225
2748 -156 2 144 227
2749 -66 2 144 232
2750 150 2 144 236
2751 158 2 144 242
2752 -90 2 144 246
2753 136 2 144 249
2754 -70 2 145 155
2755 100 2 145 158
2756 -174 2 145 160
2757 -124 2 145 162
2758 42 2 145 173
2759 -82 2 145 198
2760 86 2 145 219
2761 10 2 145 233
2762 162 2 145 235
2763 40 2 145 237
2764 80 2 146 149
2765 134 2 146 164
2766 80 2 146 171
2767 110 2 146 181
2768 -10 2 146 206
2769 -132 2 146 215
2770 -80 2 146 229
2771 -84 2 146 232
2772 178 2 146 234
2773 -150 2 147 150
2774 78 2 147 175
2775 -128 2 147 177
2776 -76 2 147 179
2777 52 2 147 212
2778 80 2 147 218
2779 -140 2 147 244
2780 -98 2 147 245
2781 -122 2 147 247
2782 -72 2 148 149
2783 130 2 148 158
2784 26 2 148 177
2785 76 2 148 181
2786 -136 2 148 184
2787 186 2 148 192
2788 -190 2 148 193
2789 -56 2 148 200
2790 -104 2 148 205
2791 76 2 148 228
2792 -176 2 148 234
2793 -56 2 148 236
2794 -64 2 148 240
2795 -30 2 149 170
2796 -78 2 149 174
2797 -194 2 149 181
2798 -178 2 149 198
2799 -94 2 149 205
2800 96 2 149 210
2801 -100 2 149 230
2802 -88 2 149 235
2803 44 2 149 247
2804 -58 2 150 156
2805 68 2 150 159
2806 124 2 150 160
2807 -80 2 150 161
2808 182 2 150 229
2809 -152 2 150 232
2810 -110 2 150 246
2811 46 2 151 163
2812 122 2 151 174
2813 120 2 151 176
2814 66 2 151 183
2815 -22 2 151 195
2816 -22 2 151 209
2817 164 2 151 220
2818 118 2 151 230
2819 146 2 151 245
2820 128 2 152 159
2821 -64 2 152 160
2822 -168 2 152 188
2823 -78 2 152 199
2824 -198 2 152 209
2825 -36 2 152 211
2826 -194 2 152 220
2827 -36 2 152 230
2828 -56 2 152 234
2829 66 2 152 243
2830 138 2 153 164
2831 -120 2 153 175
2832 -130 2 153 181
2833 152 2 153 189
2834 98 2 153 190
2835 -54 2 153 213
2836 186 2 153 221
2837 -96 2 153 225
2838 -48 2 153 226
2839 134 2 153 230
2840 18 2 153 233
2841 82 2 153 236
2842 88 2 153 242
2843 4 2 154 156
2844 -170 2 154 176
2845 6 2 154 183
2846 182 2 154 188
2847 -140 2 154 189
2848 -46 2 154 202
2849 86 2 154 206
2850 -76 2 154 210
2851 56 2 154 236
2852 -4 2 154 237
2853 192 2 154 245
2854 34 2 155 182
2855 192 2 155 188
2856 -62 2 155 190
2857 106 2 155 199
2858 -114 2 155 205
2859 194 2 155 207
2860 2 2 155 211
2861 102 2 156 173
2862 -196 2 156 194
2863 52 2 156 211
2864 4 2 156 219
2865 -68 2 156 224
2866 198 2 156 225
2867 44 2 156 233
2868 168 2 157 174
2869 -174 2 157 176
2870 138 2 157 178
2871 -166 2 157 187
2872 174 2 157 197
2873 102 2 157 204
2874 144 2 157 210
2875 -114 2 157 213
2876 134 2 157 219
2877 -86 2 157 222
2878 184 2 157 234
2879 -170 2 157 235
2880 76 2 157 239
2881 2 2 157 242
2882 -186 2 157 245
2883 12 2 158 181
2884 -122 2 158 195
2885 162 2 158 211
2886 -112 2 158 224
2887 68 2 158 225
2888 -188 2 158 230
2889 -90 2 158 232
2890 -70 2 158 238
2891 -96 2 159 180
2892 62 2 159 191
2893 84 2 159 193
2894 142 2 159 197
2895 130 2 159 219
2896 98 2 159 235
2897 -166 2 160 167
2898 -56 2 160 177
2899 156 2 160 178
2900 -120 2 160 188
2901 -98 2 160 189
2902 -168 2 160 195
2903 -198 2 160 215
2904 -8 2 160 216
2905 -126 2 160 235
2906 30 2 160 249
2907 -154 2 161 176
2908 -120 2 161 200
2909 148 2 161 220
2910 -12 2 161 222
2911 196 2 161 237
2912 -116 2 161 247
2913 24 2 162 178
2914 14 2 162 182
2915 4 2 162 191
2916 156 2 162 193
2917 166 2 162 195
2918 -18 2 162 198
2919 -142 2 162 218
2920 -4 2 162 244
2921 178 2 162 249
2922 64 2 163 180
2923 -40 2 163 213
2924 8 2 163 218
2925 -118 2 163 233
2926 -82 2 163 246
2927 66 2 164 181
2928 168 2 164 195
2929 -104 2 164 205
2930 -38 2 164 216
2931 -144 2 164 230
2932 128 2 165 172
2933 130 2 165 182
2934 142 2 165 185
2935 -76 2 165 194
2936 114 2 165 207
2937 -188 2 165 209
2938 122 2 165 222
2939 -28 2 165 228
2940 -178 2 165 232
2941 156 2 166 192
2942 -64 2 166 221
2943 32 2 166 223
2944 -42 2 166 227
2945 -188 2 166 228
2946 -198 2 166 246
2947 -132 2 167 179
2948 -106 2 167 199
2949 46 2 167 205
2950 -2 2 167 207
2951 -86 2 167 231
2952 110 2 167 234
2953 138 2 167 238
2954 -126 2 167 239
2955 22 2 168 172
2956 108 2 168 190
2957 192 2 168 193
2958 -44 2 168 198
2959 -20 2 168 201
2960 56 2 168 218
2961 54 2 169 170
2962 -60 2 169 173
2963 -118 2 169 175
2964 168 2 169 182
2965 56 2 169 229
2966 -76 2 169 245
2967 12 2 170 175
2968 118 2 170 186
2969 -104 2 170 192
2970 42 2 170 196
2971 -126 2 170 221
2972 -38 2 170 223
2973 134 2 170 231
2974 162 2 170 233
2975 -134 2 170 241
2976 -122 2 171 177
2977 120 2 171 179
2978 -180 2 171 189
2979 -8 2 171 193
2980 152 2 171 204
2981 196 2 171 209
2982 94 2 171 231
2983 62 2 171 243
2984 104 2 172 197
2985 76 2 172 250
2986 166 2 173 182
2987 152 2 173 183
2988 4 2 173 184
2989 186 2 173 199
2990 112 2 173 207
2991 -106 2 173 211
2992 -28 2 173 244
2993 -24 2 173 246
2994 36 2 174 178
2995 -122 2 174 180
2996 -56 2 174 194
2997 -196 2 174 196
2998 46 2 174 198
2999 -102 2 174 241
3000 -82 2 174 243
3001 168 2 175 195
3002 154 2 175 217
3003 160 2 175 226
3004 54 2 175 227
3005 132 2 175 230
3006 4 2 175 234
3007 92 2 175 247
3008 -68 2 176 181
3009 -24 2 176 192
3010 74 2 176 193
3011 126 2 176 195
3012 154 2 176 201
3013 130 2 176 209
3014 -146 2 176 220
3015 136 2 176 228
3016 32 2 176 231
3017 42 2 176 236
3018 168 2 176 247
3019 86 2 177 189
3020 -46 2 177 192
3021 198 2 177 198
3022 168 2 177 213
3023 136 2 177 231
3024 -50 2 177 234
3025 198 2 178 181
3026 110 2 178 186
3027 76 2 178 193
3028 16 2 178 198
3029 -44 2 178 201
3030 78 2 178 209
3031 40 2 178 210
3032 48 2 178 219
3033 -6 2 178 234
3034 28 2 179 182
3035 126 2 179 198
3036 -156 2 179 211
3037 138 2 179 216
3038 -110 2 179 248
3039 -184 2 180 207
3040 -44 2 180 211
3041 94 2 180 214
3042 2 2 180 216
3043 138 2 180 228
3044 10 2 180 230
3045 84 2 180 231
3046 -50 2 180 235
3047 14 2 180 243
3048 116 2 181 197
3049 192 2 181 202
3050 44 2 181 214
3051 -138 2 181 223
3052 -38 2 181 224
3053 100 2 181 227
3054 148 2 181 229
3055 162 2 182 184
3056 2 2 182 185
3057 172 2 182 189
3058 -46 2 182 191
3059 -144 2 182 196
3060 -34 2 182 200
3061 50 2 182 208
3062 190 2 182 220
3063 66 2 182 222
3064 -184 2 182 225
3065 50 2 182 248
3066 124 2 183 191
3067 -190 2 183 192
3068 -58 2 183 193
3069 108 2 183 201
3070 -76 2 183 202
3071 -176 2 183 224
3072 66 2 183 225
3073 -188 2 183 227
3074 16 2 183 241
3075 60 2 184 186
3076 -60 2 184 191
3077 32 2 184 196
3078 -118 2 184 204
3079 -152 2 184 219
3080 166 2 184 226
3081 -42 2 184 235
3082 160 2 184 245
3083 -164 2 184 246
3084 126 2 185 194
3085 50 2 185 205
3086 -22 2 185 209
3087 150 2 185 210
3088 26 2 185 211
3089 44 2 185 229
3090 -162 2 185 230
3091 -36 2 185 233
3092 126 2 185 239
3093 -38 2 186 202
3094 138 2 186 204
3095 188 2 186 206
3096 162 2 186 214
3097 -192 2 186 242
3098 146 2 187 195
3099 -92 2 187 231
3100 44 2 187 237
3101 102 2 187 245
3102 -164 2 188 194
3103 18 2 188 212
3104 134 2 188 222
3105 -176 2 189 191
3106 182 2 189 205
3107 -114 2 189 221
3108 -180 2 189 227
3109 -86 2 190 192
3110 8 2 190 210
3111 136 2 190 223
3112 84 2 190 228
3113 122 2 190 238
3114 -34 2 191 197
3115 -2 2 191 200
3116 -66 2 191 205
3117 146 2 191 225
3118 -6 2 191 241
3119 44 2 192 194
3120 194 2 192 199
3121 -66 2 192 203
3122 -174 2 192 210
3123 4 2 192 229
3124 -144 2 192 241
3125 68 2 192 249
3126 -198 2 193 196
3127 -114 2 193 232
3128 116 2 193 243
3129 -4 2 194 217
3130 4 2 194 221
3131 -14 2 194 232
3132 132 2 194 250
3133 -128 2 195 201
3134 90 2 195 229
3135 30 2 195 233
3136 60 2 195 235
3137 86 2 196 201
3138 -22 2 196 205
3139 -74 2 196 206
3140 12 2 196 211
3141 -26 2 196 216
3142 58 2 197 204
3143 188 2 197 209
3144 -134 2 197 227
3145 -92 2 197 235
3146 72 2 197 237
3147 -26 2 198 203
3148 -90 2 198 214
3149 200 2 198 230
3150 76 2 198 232
3151 -20 2 199 217
3152 -130 2 200 201
3153 194 2 200 204
3154 -178 2 200 206
3155 94 2 200 209
3156 14 2 200 218
3157 150 2 200 233
3158 14 2 201 228
3159 172 2 201 229
3160 42 2 201 238
3161 82 2 202 203
3162 -22 2 202 208
3163 58 2 202 219
3164 34 2 202 222
3165 14 2 202 227
3166 120 2 202 239
3167 120 2 203 226
3168 -110 2 203 230
3169 -48 2 203 239
3170 100 2 204 205
3171 -100 2 204 209
3172 -106 2 204 210
3173 -46 2 204 214
3174 -26 2 204 228
3175 172 2 204 237
3176 -40 2 204 245
3177 94 2 205 215
3178 -154 2 205 218
3179 158 2 205 220
3180 -160 2 205 226
3181 48 2 205 240
3182 134 2 205 249
3183 -70 2 206 233
3184 198 2 206 237
3185 -108 2 207 210
3186 156 2 207 212
3187 148 2 207 214
3188 130 2 207 222
3189 -88 2 207 235
3190 -4 2 208 216
3191 -22 2 208 217
3192 4 2 208 228
3193 -118 2 208 229
3194 -142 2 208 232
3195 -156 2 209 223
3196 -68 2 209 227
3197 -22 2 209 232
3198 -4 2 209 238
3199 168 2 209 247
3200 -102 2 209 249
3201 -124 2 210 214
3202 -42 2 210 215
3203 192 2 210 217
3204 154 2 210 235
3205 118 2 210 239
3206 108 2 211 227
3207 -102 2 211 229
3208 -84 2 212 215
3209 -104 2 212 225
3210 4 2 212 235
3211 -106 2 213 233
3212 -6 2 213 247
3213 48 2 214 216
3214 -22 2 214 218
3215 -50 2 214 237
3216 124 2 214 246
3217 60 2 215 224
3218 142 2 215 233
3219 -4 2 215 238
3220 -94 2 215 240
3221 134 2 215 242
3222 118 2 215 244
3223 22 2 216 227
3224 130 2 217 226
3225 -26 2 217 235
3226 -60 2 217 240
3227 -194 2 218 226
3228 -38 2 218 229
3229 40 2 218 240
3230 128 2 219 224
3231 4 2 219 226
3232 62 2 219 233
3233 -176 2 219 235
3234 56 2 220 235
3235 176 2 220 236
3236 -22 2 220 239
3237 -178 2 220 240
3238 176 2 221 222
3239 148 2 221 223
3240 -72 2 221 224
3241 146 2 221 236
3242 14 2 222 227
3243 -2 2 222 235
3244 52 2 222 245
3245 -156 2 223 230
3246 40 2 223 235
3247 -10 2 223 241
3248 -150 2 223 246
3249 160 2 224 227
3250 96 2 224 233
3251 -26 2 224 239
3252 150 2 224 241
3253 22 2 225 237
3254 32 2 225 238
3255 132 2 226 232
3256 -82 2 226 239
3257 -68 2 227 236
3258 60 2 227 240
3259 18 2 227 243
3260 164 2 227 246
3261 -196 2 229 240
3262 104 2 229 242
3263 -72 2 229 247
3264 140 2 229 249
3265 -14 2 230 243
3266 -146 2 231 234
3267 -82 2 232 238
3268 102 2 233 237
3269 42 2 233 238
3270 -106 2 234 243
3271 -86 2 234 245
3272 156 2 236 240
3273 168 2 236 244
3274 -138 2 236 245
3275 106 2 236 249
3276 -48 2 237 243
3277 74 2 237 244
3278 120 2 237 250
3279 108 2 238 240
3280 172 2 239 249
3281 -22 2 240 241
3282 62 2 240 244
3283 -108 2 242 243
3284 -96 2 243 250
3285 188 2 246 247
