250 3339 0
0
1 -132 1 1
2 347 1 2
3 -103 1 3
4 336 1 4
5 152 1 5
6 -302 1 6
7 328 1 7
8 485 1 8
9 -683 1 9
10 108 1 10
11 581 1 11
12 -3 1 12
13 172 1 13
14 230 1 14
15 -63 1 15
16 -132 1 16
17 245 1 17
18 -232 1 18
19 -120 1 19
20 -50 1 20
21 35 1 21
22 333 1 22
23 -242 1 23
24 -457 1 24
25 -11 1 25
26 214 1 26
27 -25 1 27
28 -163 1 28
29 66 1 29
30 33 1 30
31 332 1 31
32 564 1 32
33 195 1 33
34 -88 1 34
35 -235 1 35
36 108 1 36
37 -471 1 37
38 -512 1 38
39 141 1 39
40 200 1 40
41 567 1 41
42 95 1 42
43 -584 1 43
44 417 1 44
45 -92 1 45
46 185 1 46
47 -359 1 47
48 203 1 48
49 -320 1 49
50 -59 1 50
51 -359 1 51
52 411 1 52
53 -784 1 53
54 241 1 54
55 -650 1 55
56 -235 1 56
57 32 1 57
58 -119 1 58
59 -129 1 59
60 444 1 60
61 -87 1 61
62 415 1 62
63 119 1 63
64 -180 1 64
65 -416 1 65
66 -744 1 66
67 705 1 67
68 -498 1 68
69 -100 1 69
70 25 1 70
71 -57 1 71
72 -129 1 72
73 24 1 73
74 44 1 74
75 403 1 75
76 151 1 76
77 52 1 77
78 168 1 78
79 -150 1 79
80 341 1 80
81 -86 1 81
82 181 1 82
83 -13 1 83
84 -3 1 84
85 -680 1 85
86 105 1 86
87 -4 1 87
88 -298 1 88
89 67 1 89
90 -337 1 90
91 239 1 91
92 -119 1 92
93 -43 1 93
94 220 1 94
95 214 1 95
96 -272 1 96
97 87 1 97
98 -76 1 98
99 571 1 99
100 -249 1 100
101 -164 1 101
102 174 1 102
103 225 1 103
104 -453 1 104
105 -110 1 105
106 130 1 106
107 163 1 107
108 163 1 108
109 678 1 109
110 -550 1 110
111 -532 1 111
112 353 1 112
113 296 1 113
114 -161 1 114
115 43 1 115
116 501 1 116
117 118 1 117
118 772 1 118
119 -440 1 119
120 110 1 120
121 720 1 121
122 43 1 122
123 -187 1 123
124 -275 1 124
125 -63 1 125
126 -144 1 126
127 -34 1 127
128 451 1 128
129 -75 1 129
130 273 1 130
131 149 1 131
132 -109 1 132
133 53 1 133
134 -487 1 134
135 -18 1 135
136 157 1 136
137 60 1 137
138 -422 1 138
139 -221 1 139
140 310 1 140
141 206 1 141
142 -49 1 142
143 324 1 143
144 -124 1 144
145 -120 1 145
146 -99 1 146
147 -213 1 147
148 -211 1 148
149 94 1 149
150 362 1 150
151 374 1 151
152 106 1 152
153 190 1 153
154 340 1 154
155 -408 1 155
156 269 1 156
157 46 1 157
158 55 1 158
159 124 1 159
160 371 1 160
161 -245 1 161
162 98 1 162
163 -174 1 163
164 -310 1 164
165 -404 1 165
166 -95 1 166
167 80 1 167
168 62 1 168
169 -133 1 169
170 -258 1 170
171 -317 1 171
172 85 1 172
173 -78 1 173
174 -417 1 174
175 -499 1 175
176 54 1 176
177 291 1 177
178 -207 1 178
179 87 1 179
180 -99 1 180
181 -342 1 181
182 499 1 182
183 -110 1 183
184 1 1 184
185 691 1 185
186 -409 1 186
187 -13 1 187
188 -54 1 188
189 266 1 189
190 348 1 190
191 33 1 191
192 74 1 192
193 46 1 193
194 121 1 194
195 -472 1 195
196 219 1 196
197 -284 1 197
198 -180 1 198
199 588 1 199
200 174 1 200
201 208 1 201
202 366 1 202
203 33 1 203
204 -220 1 204
205 -349 1 205
206 -582 1 206
207 -32 1 207
208 281 1 208
209 102 1 209
210 439 1 210
211 239 1 211
212 -519 1 212
213 -119 1 213
214 113 1 214
215 -14 1 215
216 83 1 216
217 659 1 217
218 77 1 218
219 3 1 219
220 -52 1 220
221 230 1 221
222 -1082 1 222
223 615 1 223
224 -401 1 224
225 123 1 225
226 -82 1 226
227 112 1 227
228 -396 1 228
229 16 1 229
230 -360 1 230
231 357 1 231
232 88 1 232
233 -326 1 233
234 437 1 234
235 -163 1 235
236 154 1 236
237 70 1 237
238 121 1 238
239 545 1 239
240 -93 1 240
241 17 1 241
242 -200 1 242
243 -144 1 243
244 -479 1 244
245 -51 1 245
246 151 1 246
247 772 1 247
248 -469 1 248
249 -496 1 249
250 -119 1 250
251 -140 2 1 4
252 -120 2 1 23
253 108 2 1 24
254 -156 2 1 33
255 -52 2 1 35
256 178 2 1 39
257 -146 2 1 48
258 70 2 1 57
259 190 2 1 65
260 -178 2 1 67
261 12 2 1 97
262 -170 2 1 100
263 122 2 1 123
264 -164 2 1 130
265 170 2 1 142
266 86 2 1 144
267 -138 2 1 153
268 160 2 1 167
269 -56 2 1 181
270 22 2 1 182
271 172 2 1 188
272 166 2 1 197
273 128 2 1 212
274 6 2 2 3
275 -86 2 2 13
276 -176 2 2 17
277 62 2 2 19
278 -194 2 2 22
279 48 2 2 40
280 8 2 2 48
281 -28 2 2 50
282 -38 2 2 67
283 -156 2 2 70
284 108 2 2 85
285 200 2 2 106
286 146 2 2 122
287 -74 2 2 133
288 -56 2 2 155
289 -134 2 2 160
290 -176 2 2 176
291 -160 2 2 185
292 150 2 2 205
293 -96 2 2 218
294 26 2 2 224
295 146 2 2 226
296 110 2 2 231
297 100 2 2 241
298 -194 2 2 246
299 -182 2 2 247
300 -54 2 2 250
301 -60 2 3 7
302 22 2 3 17
303 122 2 3 22
304 -14 2 3 33
305 96 2 3 34
306 -164 2 3 44
307 -104 2 3 83
308 -66 2 3 101
309 -132 2 3 106
310 -44 2 3 116
311 -156 2 3 121
312 156 2 3 138
313 -176 2 3 148
314 -14 2 3 149
315 94 2 3 162
316 -56 2 3 164
317 150 2 3 165
318 70 2 3 170
319 138 2 3 174
320 -74 2 3 180
321 78 2 3 194
322 196 2 3 209
323 -100 2 3 228
324 200 2 3 242
325 38 2 3 250
326 70 2 4 43
327 -24 2 4 58
328 10 2 4 65
329 -98 2 4 86
330 -186 2 4 118
331 24 2 4 137
332 56 2 4 138
333 -160 2 4 164
334 -152 2 4 177
335 34 2 4 180
336 -26 2 4 183
337 184 2 4 187
338 -72 2 4 205
339 -150 2 4 208
340 40 2 4 209
341 -6 2 4 221
342 176 2 4 224
343 -156 2 4 231
344 -96 2 4 237
345 188 2 5 6
346 -148 2 5 8
347 -184 2 5 14
348 -162 2 5 24
349 196 2 5 26
350 -140 2 5 31
351 46 2 5 41
352 120 2 5 56
353 -176 2 5 76
354 26 2 5 103
355 -16 2 5 105
356 38 2 5 134
357 80 2 5 138
358 154 2 5 139
359 20 2 5 140
360 -38 2 5 145
361 102 2 5 155
362 80 2 5 164
363 -120 2 5 178
364 -44 2 5 179
365 46 2 5 180
366 -64 2 5 187
367 18 2 5 195
368 -178 2 5 203
369 -52 2 5 213
370 -96 2 5 240
371 -36 2 6 13
372 58 2 6 24
373 -166 2 6 31
374 -150 2 6 33
375 -164 2 6 37
376 24 2 6 48
377 192 2 6 66
378 2 2 6 75
379 44 2 6 110
380 172 2 6 128
381 188 2 6 137
382 102 2 6 142
383 156 2 6 149
384 -96 2 6 153
385 88 2 6 157
386 -146 2 6 177
387 58 2 6 178
388 -36 2 6 202
389 -114 2 6 206
390 108 2 6 219
391 -70 2 6 224
392 -34 2 6 237
393 54 2 6 248
394 182 2 6 249
395 4 2 7 23
396 -184 2 7 27
397 -110 2 7 43
398 2 2 7 53
399 122 2 7 77
400 -122 2 7 87
401 90 2 7 97
402 -148 2 7 130
403 28 2 7 131
404 -100 2 7 136
405 -100 2 7 170
406 44 2 7 174
407 -112 2 7 185
408 -196 2 7 187
409 186 2 7 199
410 -194 2 8 11
411 138 2 8 15
412 190 2 8 19
413 -138 2 8 32
414 -160 2 8 34
415 -164 2 8 60
416 -20 2 8 61
417 -144 2 8 65
418 -184 2 8 67
419 64 2 8 69
420 -56 2 8 72
421 -140 2 8 81
422 -168 2 8 89
423 -152 2 8 104
424 110 2 8 115
425 -6 2 8 124
426 -36 2 8 134
427 -182 2 8 136
428 -152 2 8 167
429 196 2 8 169
430 92 2 8 177
431 148 2 8 198
432 86 2 8 211
433 -192 2 8 217
434 76 2 8 232
435 4 2 8 240
436 162 2 8 250
437 -90 2 9 11
438 2 2 9 21
439 138 2 9 25
440 190 2 9 36
441 114 2 9 37
442 -34 2 9 47
443 138 2 9 61
444 -132 2 9 74
445 134 2 9 81
446 60 2 9 83
447 120 2 9 88
448 -16 2 9 92
449 -114 2 9 97
450 152 2 9 99
451 -130 2 9 113
452 178 2 9 124
453 142 2 9 125
454 -106 2 9 145
455 122 2 9 148
456 174 2 9 149
457 180 2 9 160
458 58 2 9 180
459 -94 2 9 192
460 -124 2 9 195
461 56 2 9 205
462 10 2 9 206
463 -172 2 9 207
464 -88 2 9 225
465 58 2 9 230
466 198 2 9 233
467 -72 2 9 243
468 186 2 9 244
469 128 2 9 248
470 -48 2 10 11
471 166 2 10 49
472 -154 2 10 57
473 -174 2 10 76
474 -68 2 10 78
475 70 2 10 81
476 78 2 10 92
477 140 2 10 108
478 132 2 10 133
479 -128 2 10 134
480 -128 2 10 148
481 -142 2 10 151
482 162 2 10 162
483 -154 2 10 173
484 22 2 10 186
485 136 2 10 195
486 -32 2 10 198
487 -142 2 10 211
488 162 2 10 235
489 48 2 10 242
490 -162 2 10 248
491 -50 2 11 13
492 -130 2 11 14
493 12 2 11 23
494 -158 2 11 31
495 -116 2 11 34
496 -182 2 11 47
497 -4 2 11 60
498 -18 2 11 62
499 178 2 11 81
500 122 2 11 83
501 -8 2 11 84
502 -176 2 11 87
503 -176 2 11 96
504 -64 2 11 105
505 -130 2 11 112
506 136 2 11 131
507 -94 2 11 146
508 -92 2 11 170
509 -194 2 11 173
510 100 2 11 196
511 114 2 11 211
512 146 2 11 214
513 180 2 11 216
514 -192 2 11 217
515 16 2 11 231
516 -50 2 11 243
517 90 2 12 20
518 146 2 12 24
519 -100 2 12 29
520 -160 2 12 36
521 -146 2 12 50
522 86 2 12 58
523 192 2 12 65
524 160 2 12 81
525 -60 2 12 92
526 -84 2 12 97
527 -108 2 12 117
528 52 2 12 119
529 52 2 12 120
530 -98 2 12 128
531 154 2 12 136
532 68 2 12 143
533 60 2 12 145
534 -84 2 12 159
535 -130 2 12 167
536 30 2 12 172
537 78 2 12 186
538 -118 2 12 191
539 -186 2 12 198
540 132 2 12 214
541 180 2 12 221
542 -150 2 12 227
543 -150 2 12 239
544 100 2 12 248
545 132 2 13 23
546 168 2 13 25
547 -190 2 13 26
548 -64 2 13 37
549 46 2 13 70
550 -20 2 13 79
551 -88 2 13 80
552 32 2 13 99
553 -64 2 13 106
554 -72 2 13 108
555 -120 2 13 109
556 66 2 13 125
557 192 2 13 137
558 46 2 13 172
559 182 2 13 175
560 -188 2 13 190
561 -34 2 13 192
562 -168 2 13 201
563 -18 2 13 202
564 -10 2 13 211
565 -76 2 14 16
566 -48 2 14 34
567 46 2 14 37
568 -48 2 14 48
569 36 2 14 53
570 -52 2 14 65
571 22 2 14 104
572 66 2 14 108
573 -100 2 14 109
574 -2 2 14 123
575 108 2 14 124
576 44 2 14 145
577 40 2 14 177
578 68 2 14 181
579 -186 2 14 189
580 124 2 14 223
581 -136 2 14 238
582 -88 2 14 239
583 36 2 14 247
584 -70 2 15 32
585 62 2 15 36
586 -84 2 15 47
587 56 2 15 56
588 20 2 15 63
589 -28 2 15 71
590 -78 2 15 72
591 -132 2 15 81
592 -82 2 15 86
593 -168 2 15 93
594 -162 2 15 115
595 -68 2 15 122
596 126 2 15 140
597 -8 2 15 143
598 166 2 15 155
599 -58 2 15 160
600 174 2 15 179
601 102 2 15 182
602 -172 2 15 185
603 190 2 15 188
604 -160 2 15 193
605 164 2 15 199
606 128 2 15 203
607 70 2 15 218
608 -182 2 16 19
609 166 2 16 27
610 124 2 16 29
611 -118 2 16 32
612 70 2 16 38
613 -180 2 16 43
614 162 2 16 47
615 -14 2 16 58
616 164 2 16 61
617 -76 2 16 73
618 24 2 16 96
619 -4 2 16 101
620 -182 2 16 107
621 114 2 16 128
622 -128 2 16 132
623 188 2 16 147
624 -92 2 16 153
625 24 2 16 157
626 -116 2 16 159
627 198 2 16 161
628 136 2 16 166
629 -160 2 16 174
630 160 2 16 181
631 -60 2 16 197
632 190 2 16 206
633 -68 2 16 228
634 156 2 17 24
635 -118 2 17 44
636 -24 2 17 47
637 -176 2 17 50
638 -4 2 17 54
639 76 2 17 57
640 72 2 17 82
641 88 2 17 88
642 96 2 17 89
643 -86 2 17 103
644 -112 2 17 120
645 -20 2 17 140
646 -66 2 17 157
647 190 2 17 162
648 82 2 17 173
649 200 2 17 184
650 -98 2 17 185
651 -80 2 17 198
652 -184 2 17 210
653 -90 2 17 223
654 -6 2 17 227
655 -172 2 17 241
656 -60 2 17 243
657 174 2 18 23
658 -72 2 18 39
659 -84 2 18 45
660 -52 2 18 52
661 156 2 18 55
662 -82 2 18 59
663 -66 2 18 60
664 -194 2 18 75
665 -14 2 18 84
666 -146 2 18 87
667 -50 2 18 88
668 160 2 18 94
669 58 2 18 103
670 76 2 18 104
671 118 2 18 110
672 34 2 18 124
673 172 2 18 134
674 46 2 18 151
675 -186 2 18 153
676 -176 2 18 159
677 64 2 18 162
678 58 2 18 171
679 168 2 18 180
680 166 2 18 212
681 136 2 18 242
682 -106 2 19 22
683 -2 2 19 27
684 48 2 19 30
685 138 2 19 48
686 -32 2 19 69
687 102 2 19 77
688 30 2 19 83
689 92 2 19 92
690 56 2 19 112
691 -190 2 19 115
692 -196 2 19 138
693 134 2 19 140
694 -148 2 19 143
695 192 2 19 174
696 -194 2 19 196
697 160 2 19 204
698 -88 2 19 208
699 176 2 19 235
700 -20 2 19 243
701 170 2 19 244
702 -152 2 19 246
703 -194 2 20 34
704 44 2 20 36
705 128 2 20 41
706 74 2 20 60
707 64 2 20 70
708 -64 2 20 108
709 -86 2 20 115
710 90 2 20 119
711 -116 2 20 127
712 -146 2 20 152
713 -34 2 20 154
714 60 2 20 159
715 62 2 20 174
716 186 2 20 224
717 126 2 20 229
718 -102 2 20 235
719 -82 2 20 249
720 -176 2 21 22
721 94 2 21 34
722 72 2 21 53
723 -20 2 21 65
724 194 2 21 92
725 38 2 21 111
726 -166 2 21 120
727 122 2 21 124
728 -158 2 21 127
729 138 2 21 150
730 -136 2 21 157
731 -174 2 21 159
732 -66 2 21 187
733 182 2 21 197
734 -192 2 21 204
735 74 2 21 206
736 102 2 21 249
737 -54 2 22 27
738 56 2 22 73
739 -156 2 22 78
740 186 2 22 83
741 14 2 22 84
742 138 2 22 86
743 -88 2 22 95
744 82 2 22 104
745 14 2 22 123
746 -32 2 22 128
747 -62 2 22 136
748 -176 2 22 143
749 -144 2 22 159
750 -166 2 22 179
751 134 2 22 207
752 -132 2 22 216
753 104 2 22 222
754 -106 2 22 228
755 -12 2 22 232
756 134 2 22 238
757 144 2 22 244
758 -190 2 22 245
759 -50 2 23 39
760 -46 2 23 45
761 -36 2 23 55
762 104 2 23 74
763 180 2 23 87
764 -130 2 23 95
765 -6 2 23 97
766 42 2 23 111
767 -50 2 23 114
768 164 2 23 115
769 -98 2 23 123
770 -50 2 23 154
771 -72 2 23 171
772 122 2 23 175
773 196 2 23 186
774 46 2 23 200
775 -64 2 23 208
776 84 2 23 209
777 -136 2 23 210
778 -60 2 23 212
779 -48 2 23 214
780 198 2 23 216
781 96 2 23 222
782 130 2 23 232
783 -126 2 23 239
784 -40 2 23 241
785 -68 2 23 243
786 134 2 24 25
787 102 2 24 27
788 188 2 24 34
789 126 2 24 35
790 -148 2 24 41
791 -56 2 24 48
792 64 2 24 63
793 60 2 24 90
794 142 2 24 93
795 -130 2 24 100
796 194 2 24 105
797 -98 2 24 106
798 -194 2 24 108
799 -30 2 24 127
800 -38 2 24 133
801 162 2 24 138
802 162 2 24 146
803 70 2 24 147
804 -74 2 24 166
805 -96 2 24 172
806 -24 2 24 197
807 96 2 24 199
808 16 2 24 202
809 -116 2 24 217
810 128 2 24 219
811 -44 2 24 223
812 -86 2 24 225
813 42 2 24 232
814 56 2 24 240
815 -98 2 25 32
816 -96 2 25 34
817 -76 2 25 37
818 -190 2 25 39
819 90 2 25 54
820 -126 2 25 55
821 -100 2 25 66
822 -54 2 25 75
823 -168 2 25 84
824 100 2 25 91
825 -136 2 25 94
826 64 2 25 101
827 150 2 25 124
828 192 2 25 127
829 -122 2 25 153
830 70 2 25 163
831 -192 2 25 171
832 -34 2 25 174
833 194 2 25 176
834 -190 2 25 183
835 110 2 25 192
836 70 2 25 198
837 178 2 25 204
838 -2 2 25 206
839 -52 2 25 239
840 130 2 26 50
841 -168 2 26 61
842 46 2 26 63
843 -180 2 26 64
844 102 2 26 76
845 18 2 26 89
846 -160 2 26 104
847 -14 2 26 112
848 18 2 26 114
849 146 2 26 115
850 -84 2 26 125
851 24 2 26 126
852 42 2 26 136
853 108 2 26 157
854 -26 2 26 198
855 -56 2 26 203
856 -58 2 26 213
857 -26 2 26 217
858 -96 2 26 219
859 -192 2 26 221
860 -140 2 26 229
861 114 2 26 232
862 -70 2 26 238
863 88 2 26 245
864 -76 2 27 32
865 20 2 27 43
866 -148 2 27 60
867 -116 2 27 66
868 12 2 27 68
869 -180 2 27 82
870 -24 2 27 108
871 118 2 27 138
872 78 2 27 148
873 118 2 27 159
874 158 2 27 171
875 12 2 27 179
876 112 2 27 186
877 -66 2 27 188
878 -120 2 27 189
879 -100 2 27 202
880 90 2 27 209
881 200 2 27 218
882 -122 2 27 235
883 132 2 27 238
884 4 2 27 239
885 -80 2 27 245
886 -48 2 28 33
887 88 2 28 35
888 188 2 28 38
889 156 2 28 39
890 -94 2 28 40
891 -98 2 28 99
892 154 2 28 104
893 -130 2 28 105
894 -24 2 28 111
895 52 2 28 120
896 -36 2 28 129
897 -40 2 28 148
898 -122 2 28 162
899 -146 2 28 169
900 90 2 28 195
901 160 2 28 198
902 106 2 28 204
903 70 2 28 225
904 -60 2 29 31
905 110 2 29 33
906 104 2 29 50
907 -58 2 29 67
908 142 2 29 68
909 -144 2 29 76
910 -14 2 29 92
911 10 2 29 104
912 168 2 29 107
913 66 2 29 113
914 -32 2 29 125
915 -140 2 29 143
916 -174 2 29 154
917 -118 2 29 160
918 162 2 29 162
919 54 2 29 175
920 176 2 29 177
921 -14 2 29 191
922 -194 2 29 209
923 138 2 29 214
924 34 2 29 222
925 -104 2 29 223
926 48 2 29 224
927 130 2 29 225
928 -156 2 29 239
929 -96 2 29 248
930 -194 2 29 249
931 -168 2 30 32
932 102 2 30 65
933 -150 2 30 71
934 194 2 30 88
935 -78 2 30 101
936 88 2 30 105
937 -128 2 30 106
938 122 2 30 107
939 -68 2 30 108
940 94 2 30 113
941 -108 2 30 151
942 -150 2 30 160
943 142 2 30 161
944 -34 2 30 166
945 90 2 30 175
946 -64 2 30 181
947 128 2 30 204
948 -98 2 30 213
949 100 2 30 239
950 38 2 30 245
951 -166 2 30 247
952 124 2 31 38
953 -156 2 31 54
954 16 2 31 57
955 -108 2 31 63
956 124 2 31 88
957 58 2 31 97
958 -48 2 31 100
959 -178 2 31 103
960 -98 2 31 105
961 -70 2 31 115
962 126 2 31 120
963 110 2 31 135
964 180 2 31 143
965 68 2 31 154
966 -66 2 31 158
967 -56 2 31 160
968 -80 2 31 165
969 134 2 31 173
970 -70 2 31 189
971 -74 2 31 191
972 96 2 31 200
973 8 2 31 206
974 98 2 31 213
975 -74 2 31 216
976 -124 2 31 223
977 -176 2 31 238
978 188 2 31 248
979 -92 2 31 249
980 128 2 32 52
981 76 2 32 67
982 -146 2 32 71
983 106 2 32 105
984 140 2 32 111
985 -194 2 32 116
986 -6 2 32 117
987 -144 2 32 140
988 90 2 32 145
989 28 2 32 153
990 -158 2 32 216
991 134 2 32 218
992 -32 2 32 224
993 -138 2 32 233
994 -176 2 32 247
995 -168 2 32 250
996 -28 2 33 41
997 -168 2 33 75
998 26 2 33 85
999 162 2 33 88
1000 50 2 33 92
1001 -188 2 33 107
1002 24 2 33 109
1003 -100 2 33 130
1004 -54 2 33 138
1005 -170 2 33 141
1006 148 2 33 158
1007 146 2 33 162
1008 40 2 33 164
1009 58 2 33 168
1010 98 2 33 186
1011 -144 2 33 198
1012 -146 2 33 199
1013 152 2 33 206
1014 106 2 33 207
1015 -144 2 33 239
1016 -192 2 34 62
1017 28 2 34 63
1018 126 2 34 73
1019 148 2 34 80
1020 -92 2 34 93
1021 132 2 34 97
1022 178 2 34 98
1023 84 2 34 123
1024 -40 2 34 127
1025 42 2 34 129
1026 -50 2 34 137
1027 -102 2 34 146
1028 -166 2 34 147
1029 -92 2 34 166
1030 200 2 34 183
1031 118 2 34 198
1032 8 2 34 216
1033 -24 2 34 224
1034 116 2 34 225
1035 -10 2 34 243
1036 140 2 35 69
1037 96 2 35 74
1038 -82 2 35 76
1039 -120 2 35 83
1040 70 2 35 96
1041 -74 2 35 120
1042 148 2 35 135
1043 158 2 35 146
1044 -52 2 35 147
1045 110 2 35 148
1046 -152 2 35 150
1047 46 2 35 165
1048 -118 2 35 179
1049 136 2 35 221
1050 124 2 35 224
1051 -122 2 35 232
1052 -152 2 36 46
1053 120 2 36 59
1054 -170 2 36 75
1055 68 2 36 76
1056 66 2 36 78
1057 24 2 36 94
1058 -34 2 36 110
1059 32 2 36 118
1060 188 2 36 119
1061 -198 2 36 124
1062 -94 2 36 136
1063 -124 2 36 152
1064 -48 2 36 180
1065 18 2 36 185
1066 110 2 36 198
1067 -190 2 36 202
1068 -40 2 36 210
1069 -64 2 36 215
1070 -36 2 36 221
1071 -78 2 36 223
1072 198 2 36 228
1073 52 2 36 243
1074 72 2 37 40
1075 170 2 37 43
1076 -58 2 37 48
1077 182 2 37 53
1078 -6 2 37 56
1079 194 2 37 65
1080 -140 2 37 83
1081 -190 2 37 84
1082 -84 2 37 113
1083 192 2 37 119
1084 -106 2 37 125
1085 94 2 37 132
1086 -138 2 37 144
1087 162 2 37 149
1088 80 2 37 159
1089 -82 2 37 160
1090 -16 2 37 162
1091 120 2 37 166
1092 -8 2 37 168
1093 138 2 37 169
1094 130 2 37 175
1095 130 2 37 220
1096 4 2 37 231
1097 184 2 37 246
1098 62 2 37 248
1099 182 2 38 43
1100 86 2 38 46
1101 -52 2 38 53
1102 50 2 38 91
1103 194 2 38 94
1104 48 2 38 112
1105 -98 2 38 114
1106 -50 2 38 120
1107 -128 2 38 128
1108 106 2 38 139
1109 174 2 38 147
1110 188 2 38 165
1111 -114 2 38 166
1112 112 2 38 170
1113 64 2 38 178
1114 -42 2 38 203
1115 -60 2 38 212
1116 66 2 38 244
1117 -84 2 38 250
1118 -112 2 39 47
1119 -136 2 39 63
1120 14 2 39 69
1121 -128 2 39 74
1122 -76 2 39 103
1123 -140 2 39 107
1124 -104 2 39 112
1125 -4 2 39 121
1126 126 2 39 122
1127 -84 2 39 140
1128 118 2 39 169
1129 174 2 39 178
1130 78 2 39 179
1131 -50 2 39 198
1132 60 2 39 200
1133 62 2 39 211
1134 -14 2 39 218
1135 -88 2 39 227
1136 -184 2 40 57
1137 -6 2 40 60
1138 -34 2 40 76
1139 -124 2 40 77
1140 -16 2 40 85
1141 -76 2 40 86
1142 102 2 40 104
1143 -126 2 40 129
1144 -92 2 40 157
1145 -138 2 40 160
1146 154 2 40 170
1147 102 2 40 173
1148 -136 2 40 196
1149 114 2 40 202
1150 -28 2 40 203
1151 -18 2 40 211
1152 -8 2 40 218
1153 84 2 40 222
1154 -10 2 40 241
1155 14 2 40 244
1156 -90 2 41 49
1157 -142 2 41 57
1158 -90 2 41 72
1159 -158 2 41 95
1160 -108 2 41 97
1161 -170 2 41 104
1162 -70 2 41 108
1163 -198 2 41 118
1164 -128 2 41 120
1165 140 2 41 121
1166 78 2 41 131
1167 -188 2 41 147
1168 -76 2 41 151
1169 172 2 41 153
1170 170 2 41 164
1171 30 2 41 180
1172 -104 2 41 183
1173 6 2 41 196
1174 -186 2 41 199
1175 -152 2 41 204
1176 146 2 41 218
1177 -90 2 41 222
1178 128 2 41 230
1179 -68 2 41 246
1180 16 2 41 247
1181 40 2 42 69
1182 -56 2 42 80
1183 -84 2 42 108
1184 12 2 42 111
1185 -174 2 42 151
1186 -2 2 42 153
1187 -154 2 42 168
1188 56 2 42 174
1189 -50 2 42 185
1190 182 2 42 192
1191 40 2 42 202
1192 2 2 43 56
1193 -196 2 43 79
1194 158 2 43 89
1195 58 2 43 96
1196 130 2 43 97
1197 60 2 43 121
1198 96 2 43 131
1199 196 2 43 135
1200 -38 2 43 143
1201 -40 2 43 144
1202 122 2 43 151
1203 66 2 43 154
1204 90 2 43 158
1205 -100 2 43 159
1206 84 2 43 173
1207 194 2 43 186
1208 144 2 43 189
1209 -60 2 43 199
1210 26 2 43 213
1211 -168 2 43 218
1212 -4 2 43 222
1213 196 2 43 235
1214 126 2 44 45
1215 -20 2 44 48
1216 -84 2 44 58
1217 48 2 44 74
1218 -74 2 44 87
1219 102 2 44 95
1220 -22 2 44 96
1221 156 2 44 105
1222 -86 2 44 135
1223 -164 2 44 136
1224 164 2 44 155
1225 128 2 44 172
1226 40 2 44 185
1227 -146 2 44 189
1228 -196 2 44 190
1229 -158 2 44 194
1230 -154 2 44 203
1231 -198 2 44 211
1232 -138 2 44 213
1233 104 2 44 215
1234 20 2 44 250
1235 178 2 45 98
1236 -182 2 45 114
1237 92 2 45 120
1238 -146 2 45 123
1239 188 2 45 125
1240 -98 2 45 126
1241 -54 2 45 137
1242 -124 2 45 164
1243 18 2 45 167
1244 160 2 45 170
1245 40 2 45 195
1246 138 2 45 201
1247 -188 2 45 216
1248 -12 2 45 235
1249 178 2 45 236
1250 -134 2 46 56
1251 124 2 46 75
1252 96 2 46 76
1253 -164 2 46 79
1254 122 2 46 81
1255 -62 2 46 100
1256 28 2 46 112
1257 -44 2 46 114
1258 -192 2 46 116
1259 -28 2 46 124
1260 -166 2 46 129
1261 -52 2 46 158
1262 -108 2 46 172
1263 -114 2 46 176
1264 -186 2 46 184
1265 148 2 46 186
1266 -12 2 46 203
1267 96 2 46 226
1268 92 2 46 236
1269 56 2 46 241
1270 196 2 46 250
1271 200 2 47 51
1272 -88 2 47 53
1273 164 2 47 80
1274 40 2 47 116
1275 66 2 47 124
1276 2 2 47 127
1277 -12 2 47 129
1278 -164 2 47 133
1279 34 2 47 156
1280 -8 2 47 164
1281 174 2 47 167
1282 -170 2 47 168
1283 56 2 47 171
1284 166 2 47 175
1285 -28 2 47 181
1286 100 2 47 191
1287 -84 2 47 195
1288 154 2 47 196
1289 -58 2 47 204
1290 -86 2 47 208
1291 188 2 47 222
1292 168 2 47 225
1293 16 2 47 247
1294 162 2 47 250
1295 -132 2 48 60
1296 -168 2 48 70
1297 -74 2 48 73
1298 -114 2 48 94
1299 -4 2 48 95
1300 -2 2 48 119
1301 -90 2 48 138
1302 150 2 48 141
1303 76 2 48 181
1304 110 2 48 200
1305 120 2 49 67
1306 148 2 49 85
1307 -6 2 49 89
1308 -92 2 49 107
1309 156 2 49 132
1310 138 2 49 137
1311 148 2 49 139
1312 -190 2 49 154
1313 68 2 49 158
1314 -166 2 49 190
1315 80 2 49 203
1316 -40 2 49 209
1317 -24 2 49 219
1318 20 2 49 226
1319 -66 2 49 228
1320 -18 2 49 229
1321 106 2 49 241
1322 182 2 49 244
1323 -52 2 50 52
1324 -96 2 50 55
1325 -146 2 50 67
1326 -180 2 50 78
1327 200 2 50 82
1328 134 2 50 83
1329 118 2 50 87
1330 -12 2 50 90
1331 -36 2 50 100
1332 46 2 50 104
1333 -172 2 50 107
1334 -60 2 50 110
1335 -8 2 50 111
1336 182 2 50 117
1337 178 2 50 119
1338 182 2 50 132
1339 -96 2 50 136
1340 -120 2 50 156
1341 -32 2 50 160
1342 144 2 50 167
1343 74 2 50 198
1344 68 2 50 201
1345 -58 2 50 215
1346 140 2 50 224
1347 -164 2 50 247
1348 94 2 51 53
1349 22 2 51 57
1350 -138 2 51 81
1351 24 2 51 94
1352 166 2 51 122
1353 70 2 51 146
1354 188 2 51 148
1355 -78 2 51 162
1356 132 2 51 174
1357 136 2 51 181
1358 -176 2 51 194
1359 -168 2 51 196
1360 60 2 51 200
1361 6 2 51 227
1362 180 2 51 236
1363 -30 2 52 53
1364 -44 2 52 63
1365 -94 2 52 102
1366 6 2 52 110
1367 -158 2 52 112
1368 -152 2 52 117
1369 -76 2 52 142
1370 -158 2 52 157
1371 -168 2 52 166
1372 -86 2 52 200
1373 -190 2 52 201
1374 194 2 52 206
1375 54 2 52 209
1376 160 2 52 213
1377 -10 2 52 222
1378 -10 2 52 225
1379 14 2 52 233
1380 -22 2 52 235
1381 -66 2 52 241
1382 -54 2 52 244
1383 44 2 52 248
1384 -148 2 53 73
1385 198 2 53 79
1386 198 2 53 90
1387 60 2 53 110
1388 -30 2 53 112
1389 140 2 53 114
1390 192 2 53 118
1391 140 2 53 119
1392 186 2 53 130
1393 -80 2 53 149
1394 56 2 53 153
1395 88 2 53 168
1396 -28 2 53 178
1397 28 2 53 180
1398 -44 2 53 185
1399 -78 2 53 186
1400 146 2 53 189
1401 134 2 53 210
1402 196 2 53 212
1403 -62 2 53 218
1404 96 2 53 223
1405 38 2 53 228
1406 -74 2 53 245
1407 -50 2 54 59
1408 -184 2 54 74
1409 -42 2 54 97
1410 -12 2 54 98
1411 -50 2 54 101
1412 -22 2 54 119
1413 130 2 54 122
1414 178 2 54 127
1415 -30 2 54 146
1416 -188 2 54 162
1417 188 2 54 173
1418 -46 2 54 180
1419 94 2 54 195
1420 26 2 54 206
1421 -44 2 54 208
1422 -160 2 54 212
1423 -118 2 54 220
1424 48 2 54 229
1425 -180 2 54 232
1426 50 2 54 246
1427 188 2 55 56
1428 6 2 55 71
1429 -24 2 55 78
1430 56 2 55 96
1431 -138 2 55 99
1432 194 2 55 103
1433 174 2 55 106
1434 180 2 55 110
1435 -126 2 55 121
1436 12 2 55 124
1437 196 2 55 139
1438 -4 2 55 142
1439 158 2 55 153
1440 118 2 55 164
1441 90 2 55 172
1442 86 2 55 175
1443 198 2 55 180
1444 76 2 55 187
1445 -90 2 55 198
1446 110 2 55 218
1447 -136 2 55 234
1448 -76 2 55 244
1449 154 2 55 246
1450 6 2 56 66
1451 -46 2 56 87
1452 186 2 56 90
1453 -66 2 56 107
1454 -190 2 56 115
1455 186 2 56 120
1456 -176 2 56 121
1457 94 2 56 125
1458 -164 2 56 133
1459 98 2 56 135
1460 90 2 56 136
1461 80 2 56 161
1462 -46 2 56 180
1463 144 2 56 181
1464 -142 2 56 204
1465 120 2 56 222
1466 136 2 56 238
1467 -66 2 56 243
1468 22 2 57 71
1469 -100 2 57 73
1470 -170 2 57 94
1471 80 2 57 102
1472 132 2 57 138
1473 124 2 57 161
1474 -64 2 57 168
1475 62 2 57 172
1476 30 2 57 173
1477 194 2 57 174
1478 -100 2 57 183
1479 -46 2 57 195
1480 -50 2 57 200
1481 28 2 57 203
1482 -48 2 57 215
1483 14 2 57 218
1484 124 2 57 241
1485 122 2 58 70
1486 62 2 58 72
1487 74 2 58 84
1488 60 2 58 85
1489 142 2 58 95
1490 94 2 58 113
1491 174 2 58 132
1492 -134 2 58 133
1493 -126 2 58 139
1494 14 2 58 140
1495 172 2 58 152
1496 -4 2 58 157
1497 182 2 58 158
1498 -24 2 58 161
1499 -196 2 58 162
1500 -94 2 58 175
1501 22 2 58 177
1502 -138 2 58 180
1503 198 2 58 193
1504 122 2 58 195
1505 130 2 58 200
1506 -86 2 58 207
1507 -120 2 58 208
1508 -182 2 58 209
1509 114 2 58 229
1510 -110 2 58 231
1511 -194 2 58 237
1512 132 2 59 83
1513 -70 2 59 117
1514 -154 2 59 118
1515 198 2 59 123
1516 -86 2 59 124
1517 116 2 59 138
1518 -170 2 59 140
1519 -12 2 59 162
1520 156 2 59 178
1521 116 2 59 180
1522 -140 2 59 185
1523 -2 2 59 203
1524 12 2 59 205
1525 -142 2 59 209
1526 196 2 59 216
1527 188 2 59 233
1528 -28 2 59 235
1529 -40 2 59 244
1530 -80 2 60 62
1531 36 2 60 64
1532 68 2 60 73
1533 -116 2 60 75
1534 126 2 60 78
1535 -172 2 60 82
1536 -28 2 60 83
1537 62 2 60 88
1538 -138 2 60 103
1539 74 2 60 124
1540 -136 2 60 125
1541 -140 2 60 137
1542 170 2 60 141
1543 -182 2 60 154
1544 200 2 60 196
1545 -62 2 60 208
1546 42 2 60 219
1547 120 2 60 222
1548 76 2 60 228
1549 -104 2 60 232
1550 64 2 60 235
1551 -186 2 60 236
1552 -136 2 60 244
1553 48 2 61 63
1554 24 2 61 74
1555 2 2 61 90
1556 36 2 61 124
1557 -116 2 61 146
1558 -128 2 61 170
1559 34 2 61 172
1560 60 2 61 201
1561 -90 2 61 211
1562 62 2 61 219
1563 122 2 61 234
1564 6 2 61 243
1565 134 2 62 64
1566 -108 2 62 65
1567 -88 2 62 72
1568 -36 2 62 80
1569 -70 2 62 84
1570 44 2 62 88
1571 166 2 62 101
1572 -134 2 62 107
1573 -120 2 62 113
1574 -8 2 62 125
1575 -30 2 62 126
1576 20 2 62 133
1577 -122 2 62 146
1578 -106 2 62 147
1579 -116 2 62 148
1580 116 2 62 150
1581 -122 2 62 155
1582 -190 2 62 156
1583 -180 2 62 161
1584 -4 2 62 166
1585 66 2 62 169
1586 34 2 62 173
1587 -22 2 62 185
1588 42 2 62 186
1589 144 2 62 197
1590 102 2 62 208
1591 92 2 62 209
1592 150 2 62 212
1593 -172 2 62 221
1594 56 2 62 237
1595 -184 2 62 246
1596 106 2 62 247
1597 156 2 63 90
1598 -70 2 63 100
1599 -120 2 63 109
1600 -122 2 63 113
1601 -8 2 63 115
1602 -138 2 63 116
1603 4 2 63 127
1604 168 2 63 130
1605 38 2 63 134
1606 24 2 63 144
1607 -16 2 63 146
1608 156 2 63 147
1609 -56 2 63 153
1610 -18 2 63 168
1611 -128 2 63 184
1612 18 2 63 207
1613 -90 2 63 210
1614 -14 2 63 217
1615 64 2 63 222
1616 120 2 63 232
1617 -124 2 63 237
1618 56 2 64 67
1619 50 2 64 80
1620 -104 2 64 82
1621 126 2 64 100
1622 136 2 64 103
1623 40 2 64 106
1624 74 2 64 108
1625 100 2 64 117
1626 50 2 64 123
1627 118 2 64 134
1628 176 2 64 144
1629 128 2 64 146
1630 186 2 64 152
1631 72 2 64 167
1632 -44 2 64 173
1633 -150 2 64 174
1634 -190 2 64 196
1635 -192 2 64 200
1636 -120 2 64 205
1637 92 2 64 224
1638 -190 2 64 237
1639 -28 2 64 243
1640 -16 2 64 244
1641 118 2 65 76
1642 120 2 65 98
1643 186 2 65 139
1644 114 2 65 144
1645 -180 2 65 182
1646 176 2 65 186
1647 -74 2 65 201
1648 -18 2 65 217
1649 26 2 65 231
1650 136 2 66 76
1651 120 2 66 82
1652 128 2 66 86
1653 132 2 66 96
1654 132 2 66 110
1655 -30 2 66 128
1656 84 2 66 129
1657 100 2 66 147
1658 148 2 66 148
1659 62 2 66 151
1660 116 2 66 153
1661 46 2 66 164
1662 184 2 66 166
1663 180 2 66 170
1664 -96 2 66 178
1665 -44 2 66 186
1666 108 2 66 188
1667 -130 2 66 191
1668 -6 2 66 198
1669 184 2 66 203
1670 -62 2 66 205
1671 164 2 66 207
1672 -198 2 66 214
1673 172 2 66 230
1674 -156 2 66 247
1675 32 2 66 248
1676 -158 2 67 70
1677 -198 2 67 81
1678 -196 2 67 88
1679 -168 2 67 95
1680 -38 2 67 100
1681 -90 2 67 101
1682 -48 2 67 116
1683 -28 2 67 120
1684 -148 2 67 121
1685 -138 2 67 126
1686 -152 2 67 129
1687 140 2 67 158
1688 -14 2 67 164
1689 -30 2 67 169
1690 184 2 67 185
1691 66 2 67 196
1692 138 2 67 215
1693 -180 2 67 223
1694 32 2 68 74
1695 138 2 68 87
1696 -86 2 68 104
1697 -116 2 68 115
1698 176 2 68 124
1699 -150 2 68 153
1700 66 2 68 160
1701 -24 2 68 163
1702 -20 2 68 164
1703 166 2 68 168
1704 164 2 68 170
1705 102 2 68 171
1706 122 2 68 172
1707 56 2 68 173
1708 156 2 68 181
1709 -162 2 68 189
1710 64 2 68 191
1711 68 2 68 200
1712 196 2 68 221
1713 -174 2 68 223
1714 -30 2 68 232
1715 98 2 68 245
1716 -160 2 69 76
1717 -14 2 69 77
1718 -92 2 69 83
1719 24 2 69 96
1720 -60 2 69 101
1721 -158 2 69 102
1722 130 2 69 123
1723 -116 2 69 135
1724 -84 2 69 142
1725 184 2 69 187
1726 20 2 69 203
1727 142 2 69 222
1728 158 2 69 226
1729 4 2 70 79
1730 -36 2 70 80
1731 -166 2 70 118
1732 122 2 70 143
1733 190 2 70 180
1734 134 2 70 181
1735 -96 2 70 182
1736 6 2 70 188
1737 -2 2 70 200
1738 -162 2 70 217
1739 52 2 70 224
1740 44 2 70 225
1741 110 2 70 250
1742 -70 2 71 111
1743 110 2 71 113
1744 50 2 71 120
1745 152 2 71 126
1746 -142 2 71 128
1747 200 2 71 134
1748 166 2 71 143
1749 -66 2 71 159
1750 -132 2 71 160
1751 -20 2 71 168
1752 120 2 71 170
1753 -110 2 71 175
1754 120 2 71 178
1755 -4 2 71 192
1756 -110 2 71 193
1757 110 2 71 208
1758 -108 2 71 213
1759 106 2 71 227
1760 -18 2 71 244
1761 56 2 71 250
1762 136 2 72 122
1763 -4 2 72 139
1764 -160 2 72 144
1765 46 2 72 163
1766 194 2 72 164
1767 162 2 72 173
1768 -50 2 72 176
1769 -134 2 72 177
1770 150 2 72 199
1771 106 2 72 208
1772 -198 2 72 221
1773 94 2 72 237
1774 174 2 72 242
1775 -8 2 72 243
1776 82 2 73 90
1777 12 2 73 105
1778 180 2 73 111
1779 -12 2 73 127
1780 -112 2 73 141
1781 188 2 73 143
1782 -190 2 73 157
1783 -186 2 73 158
1784 -198 2 73 159
1785 106 2 73 163
1786 170 2 73 165
1787 -86 2 73 177
1788 148 2 73 178
1789 -24 2 73 182
1790 150 2 73 185
1791 12 2 73 187
1792 -86 2 73 192
1793 74 2 73 195
1794 70 2 73 198
1795 -104 2 73 203
1796 68 2 73 215
1797 -120 2 73 218
1798 -118 2 73 223
1799 -132 2 73 228
1800 46 2 73 235
1801 116 2 73 237
1802 46 2 73 239
1803 152 2 74 89
1804 -2 2 74 93
1805 -52 2 74 99
1806 -146 2 74 110
1807 -28 2 74 118
1808 28 2 74 119
1809 -66 2 74 125
1810 198 2 74 129
1811 92 2 74 145
1812 -164 2 74 147
1813 46 2 74 163
1814 -2 2 74 166
1815 -112 2 74 172
1816 -22 2 74 219
1817 116 2 74 221
1818 -18 2 74 229
1819 186 2 74 242
1820 -6 2 74 243
1821 -148 2 74 248
1822 68 2 75 77
1823 70 2 75 84
1824 146 2 75 108
1825 -160 2 75 115
1826 -6 2 75 118
1827 18 2 75 124
1828 104 2 75 125
1829 188 2 75 132
1830 -6 2 75 144
1831 56 2 75 146
1832 8 2 75 158
1833 -118 2 75 162
1834 154 2 75 174
1835 14 2 75 180
1836 -156 2 75 181
1837 -138 2 75 190
1838 -66 2 75 194
1839 -110 2 75 197
1840 156 2 75 202
1841 30 2 75 207
1842 -168 2 75 216
1843 -24 2 75 224
1844 -150 2 75 228
1845 -150 2 75 231
1846 -32 2 75 244
1847 42 2 75 247
1848 130 2 76 85
1849 -54 2 76 98
1850 164 2 76 107
1851 144 2 76 111
1852 -108 2 76 141
1853 28 2 76 158
1854 -174 2 76 172
1855 -82 2 76 180
1856 -26 2 76 192
1857 -180 2 76 199
1858 -124 2 76 207
1859 68 2 76 223
1860 162 2 76 237
1861 -150 2 77 98
1862 -114 2 77 135
1863 130 2 77 137
1864 -40 2 77 179
1865 174 2 77 182
1866 -22 2 77 185
1867 -54 2 77 197
1868 -108 2 77 203
1869 72 2 77 205
1870 166 2 77 206
1871 46 2 77 210
1872 -144 2 77 218
1873 -90 2 77 223
1874 -124 2 77 229
1875 16 2 78 93
1876 164 2 78 95
1877 -158 2 78 102
1878 -144 2 78 125
1879 32 2 78 131
1880 70 2 78 174
1881 -78 2 78 178
1882 -28 2 78 181
1883 130 2 78 193
1884 -74 2 78 207
1885 20 2 78 221
1886 -196 2 78 234
1887 146 2 78 249
1888 -24 2 79 82
1889 36 2 79 90
1890 -172 2 79 101
1891 200 2 79 114
1892 -84 2 79 116
1893 192 2 79 119
1894 -196 2 79 121
1895 42 2 79 127
1896 34 2 79 128
1897 150 2 79 141
1898 24 2 79 148
1899 160 2 79 153
1900 -48 2 79 154
1901 -68 2 79 166
1902 -38 2 79 174
1903 178 2 79 176
1904 -58 2 79 183
1905 32 2 79 191
1906 176 2 79 193
1907 -14 2 79 194
1908 -186 2 79 224
1909 142 2 79 245
1910 -70 2 80 84
1911 30 2 80 98
1912 -110 2 80 101
1913 48 2 80 103
1914 -154 2 80 105
1915 -176 2 80 109
1916 -168 2 80 116
1917 -158 2 80 120
1918 34 2 80 143
1919 -146 2 80 149
1920 106 2 80 159
1921 -164 2 80 175
1922 -58 2 80 185
1923 96 2 80 194
1924 -148 2 80 198
1925 168 2 80 205
1926 106 2 80 213
1927 -110 2 80 238
1928 46 2 80 247
1929 -20 2 81 84
1930 -186 2 81 88
1931 -98 2 81 99
1932 -184 2 81 111
1933 -158 2 81 120
1934 -36 2 81 122
1935 -78 2 81 124
1936 146 2 81 127
1937 86 2 81 131
1938 100 2 81 139
1939 126 2 81 140
1940 -20 2 81 142
1941 98 2 81 148
1942 -30 2 81 154
1943 10 2 81 157
1944 82 2 81 164
1945 124 2 81 176
1946 -192 2 81 186
1947 22 2 81 192
1948 192 2 81 200
1949 98 2 81 203
1950 -188 2 81 219
1951 66 2 81 220
1952 198 2 81 243
1953 -132 2 81 246
1954 90 2 81 248
1955 76 2 82 89
1956 -50 2 82 91
1957 -18 2 82 100
1958 50 2 82 106
1959 -98 2 82 113
1960 -124 2 82 118
1961 6 2 82 120
1962 112 2 82 126
1963 -8 2 82 129
1964 -136 2 82 142
1965 144 2 82 143
1966 -16 2 82 156
1967 170 2 82 158
1968 196 2 82 159
1969 -76 2 82 164
1970 -44 2 82 165
1971 -84 2 82 198
1972 -190 2 82 209
1973 12 2 82 210
1974 58 2 82 211
1975 -124 2 82 229
1976 -130 2 82 250
1977 -12 2 83 120
1978 58 2 83 133
1979 -22 2 83 135
1980 -166 2 83 136
1981 146 2 83 151
1982 24 2 83 163
1983 36 2 83 175
1984 -174 2 83 184
1985 -28 2 83 188
1986 46 2 83 204
1987 -2 2 83 222
1988 -60 2 83 230
1989 -90 2 84 94
1990 -74 2 84 112
1991 -166 2 84 116
1992 150 2 84 125
1993 18 2 84 143
1994 82 2 84 156
1995 4 2 84 175
1996 132 2 84 181
1997 118 2 84 184
1998 -178 2 84 194
1999 190 2 84 205
2000 130 2 84 211
2001 -40 2 84 220
2002 134 2 84 223
2003 -182 2 84 226
2004 160 2 84 243
2005 180 2 85 91
2006 132 2 85 93
2007 -170 2 85 97
2008 120 2 85 109
2009 106 2 85 113
2010 148 2 85 115
2011 134 2 85 116
2012 184 2 85 125
2013 68 2 85 166
2014 -30 2 85 176
2015 28 2 85 182
2016 -132 2 85 199
2017 136 2 85 223
2018 -122 2 86 109
2019 -84 2 86 130
2020 -52 2 86 134
2021 -30 2 86 150
2022 38 2 86 151
2023 6 2 86 172
2024 -6 2 86 177
2025 128 2 86 180
2026 172 2 86 187
2027 -80 2 86 191
2028 -178 2 86 195
2029 138 2 86 202
2030 -158 2 86 219
2031 76 2 86 238
2032 174 2 86 240
2033 -180 2 86 243
2034 12 2 86 246
2035 -74 2 86 248
2036 22 2 87 89
2037 -158 2 87 99
2038 60 2 87 100
2039 38 2 87 104
2040 162 2 87 110
2041 106 2 87 114
2042 134 2 87 117
2043 -154 2 87 195
2044 40 2 87 199
2045 -66 2 87 235
2046 126 2 87 240
2047 -174 2 87 247
2048 -30 2 88 108
2049 6 2 88 132
2050 -42 2 88 134
2051 100 2 88 164
2052 176 2 88 203
2053 -46 2 88 211
2054 166 2 88 228
2055 -96 2 88 231
2056 -178 2 89 98
2057 -192 2 89 103
2058 -24 2 89 115
2059 -50 2 89 116
2060 14 2 89 119
2061 -156 2 89 122
2062 -130 2 89 125
2063 36 2 89 126
2064 86 2 89 142
2065 198 2 89 160
2066 20 2 89 163
2067 -4 2 89 166
2068 42 2 89 181
2069 142 2 89 194
2070 -176 2 89 206
2071 -112 2 89 224
2072 158 2 89 230
2073 -28 2 89 234
2074 -128 2 89 236
2075 74 2 90 99
2076 4 2 90 125
2077 -40 2 90 148
2078 -132 2 90 161
2079 152 2 90 163
2080 -6 2 90 166
2081 -60 2 90 177
2082 -138 2 90 199
2083 70 2 90 212
2084 28 2 90 218
2085 172 2 90 241
2086 -158 2 90 248
2087 -76 2 91 100
2088 46 2 91 106
2089 -52 2 91 123
2090 20 2 91 125
2091 -30 2 91 133
2092 -80 2 91 149
2093 144 2 91 159
2094 -74 2 91 162
2095 -116 2 91 167
2096 8 2 91 176
2097 -108 2 91 197
2098 -120 2 91 210
2099 -100 2 91 220
2100 -60 2 91 221
2101 -2 2 91 232
2102 -158 2 91 250
2103 -80 2 92 115
2104 30 2 92 119
2105 74 2 92 134
2106 -120 2 92 136
2107 168 2 92 153
2108 -110 2 92 172
2109 -82 2 92 196
2110 150 2 92 197
2111 -44 2 92 198
2112 154 2 92 219
2113 -86 2 92 221
2114 -38 2 92 227
2115 -102 2 92 239
2116 -148 2 93 98
2117 166 2 93 104
2118 156 2 93 108
2119 -58 2 93 111
2120 106 2 93 115
2121 24 2 93 129
2122 -154 2 93 130
2123 196 2 93 136
2124 156 2 93 142
2125 -144 2 93 152
2126 68 2 93 159
2127 -12 2 93 173
2128 -156 2 93 192
2129 -152 2 93 199
2130 48 2 93 212
2131 44 2 93 217
2132 -148 2 93 223
2133 66 2 93 235
2134 -110 2 94 101
2135 -164 2 94 111
2136 -62 2 94 118
2137 -12 2 94 129
2138 -192 2 94 142
2139 -32 2 94 143
2140 54 2 94 144
2141 -146 2 94 145
2142 16 2 94 164
2143 -60 2 94 168
2144 160 2 94 185
2145 80 2 94 200
2146 128 2 94 209
2147 -132 2 94 224
2148 140 2 94 249
2149 -40 2 95 99
2150 -118 2 95 100
2151 12 2 95 107
2152 -134 2 95 128
2153 -162 2 95 139
2154 -186 2 95 145
2155 6 2 95 158
2156 14 2 95 164
2157 90 2 95 170
2158 -130 2 95 177
2159 122 2 95 179
2160 82 2 95 195
2161 180 2 95 206
2162 -140 2 95 207
2163 -100 2 95 214
2164 34 2 95 215
2165 150 2 95 222
2166 -66 2 95 223
2167 114 2 95 231
2168 130 2 95 238
2169 -146 2 95 247
2170 22 2 96 98
2171 -24 2 96 102
2172 90 2 96 145
2173 -20 2 96 165
2174 -54 2 96 172
2175 -136 2 96 181
2176 138 2 96 186
2177 -112 2 96 189
2178 120 2 96 194
2179 122 2 96 202
2180 92 2 96 207
2181 128 2 96 209
2182 -168 2 96 210
2183 -88 2 96 213
2184 -12 2 96 214
2185 -70 2 96 217
2186 162 2 96 227
2187 200 2 96 228
2188 -12 2 96 238
2189 -172 2 97 102
2190 198 2 97 104
2191 168 2 97 110
2192 176 2 97 113
2193 -54 2 97 122
2194 -146 2 97 137
2195 -184 2 97 155
2196 -84 2 97 167
2197 34 2 97 183
2198 72 2 97 196
2199 -16 2 97 212
2200 110 2 97 231
2201 -108 2 97 239
2202 -66 2 97 240
2203 8 2 98 106
2204 118 2 98 111
2205 -196 2 98 121
2206 -158 2 98 130
2207 12 2 98 141
2208 -136 2 98 148
2209 174 2 98 150
2210 100 2 98 162
2211 -164 2 98 170
2212 6 2 98 176
2213 -60 2 98 180
2214 150 2 98 209
2215 110 2 98 210
2216 198 2 98 235
2217 -100 2 98 236
2218 104 2 98 244
2219 152 2 99 106
2220 46 2 99 112
2221 -156 2 99 115
2222 -106 2 99 118
2223 118 2 99 126
2224 -194 2 99 131
2225 -174 2 99 134
2226 20 2 99 137
2227 -192 2 99 139
2228 -98 2 99 150
2229 148 2 99 165
2230 78 2 99 167
2231 -4 2 99 176
2232 -102 2 99 177
2233 -28 2 99 192
2234 182 2 99 197
2235 -122 2 99 202
2236 -164 2 99 211
2237 8 2 99 214
2238 -4 2 99 230
2239 -182 2 99 234
2240 -186 2 99 237
2241 156 2 99 240
2242 -12 2 99 248
2243 120 2 100 103
2244 -106 2 100 107
2245 26 2 100 108
2246 170 2 100 111
2247 126 2 100 115
2248 -164 2 100 116
2249 66 2 100 140
2250 -46 2 100 147
2251 180 2 100 173
2252 110 2 100 176
2253 126 2 100 186
2254 -190 2 100 191
2255 26 2 100 194
2256 122 2 100 207
2257 172 2 100 212
2258 108 2 100 214
2259 172 2 100 221
2260 36 2 100 222
2261 -14 2 100 228
2262 -24 2 100 236
2263 188 2 100 242
2264 -126 2 100 243
2265 188 2 101 106
2266 194 2 101 122
2267 134 2 101 123
2268 170 2 101 128
2269 -156 2 101 135
2270 4 2 101 136
2271 92 2 101 141
2272 150 2 101 145
2273 -144 2 101 150
2274 164 2 101 164
2275 -192 2 101 168
2276 190 2 101 174
2277 -48 2 101 177
2278 150 2 101 216
2279 -88 2 101 219
2280 94 2 101 228
2281 -126 2 101 240
2282 46 2 101 241
2283 16 2 101 248
2284 100 2 102 111
2285 -34 2 102 119
2286 -104 2 102 122
2287 52 2 102 126
2288 128 2 102 129
2289 96 2 102 158
2290 46 2 102 166
2291 122 2 102 183
2292 -70 2 102 196
2293 96 2 102 206
2294 -92 2 102 210
2295 -162 2 102 227
2296 -142 2 103 109
2297 -52 2 103 131
2298 56 2 103 143
2299 -108 2 103 153
2300 -28 2 103 154
2301 32 2 103 188
2302 98 2 103 243
2303 -186 2 103 247
2304 -32 2 103 249
2305 20 2 104 105
2306 -70 2 104 111
2307 -168 2 104 113
2308 -16 2 104 126
2309 76 2 104 142
2310 144 2 104 166
2311 102 2 104 169
2312 -178 2 104 171
2313 150 2 104 175
2314 140 2 104 183
2315 -146 2 104 186
2316 -82 2 104 188
2317 -192 2 104 193
2318 162 2 104 198
2319 168 2 104 201
2320 -84 2 104 211
2321 164 2 104 215
2322 196 2 104 238
2323 194 2 104 243
2324 52 2 105 107
2325 60 2 105 108
2326 50 2 105 112
2327 -156 2 105 123
2328 108 2 105 184
2329 -118 2 105 206
2330 58 2 105 228
2331 106 2 105 234
2332 -160 2 105 241
2333 108 2 105 245
2334 -2 2 105 248
2335 -44 2 106 108
2336 -24 2 106 111
2337 -38 2 106 128
2338 132 2 106 135
2339 110 2 106 144
2340 -72 2 106 145
2341 132 2 106 157
2342 -154 2 106 163
2343 82 2 106 171
2344 -162 2 106 176
2345 14 2 106 187
2346 -198 2 106 189
2347 78 2 106 197
2348 -130 2 106 202
2349 -54 2 106 203
2350 -140 2 106 208
2351 -54 2 106 210
2352 -146 2 106 223
2353 66 2 106 224
2354 6 2 106 230
2355 -100 2 106 231
2356 -54 2 107 113
2357 90 2 107 146
2358 -20 2 107 153
2359 -148 2 107 155
2360 134 2 107 161
2361 160 2 107 183
2362 66 2 107 187
2363 8 2 107 236
2364 -12 2 108 120
2365 14 2 108 135
2366 184 2 108 147
2367 -68 2 108 150
2368 -62 2 108 163
2369 -58 2 108 181
2370 -118 2 108 182
2371 154 2 108 201
2372 -124 2 108 202
2373 -194 2 108 214
2374 -184 2 108 218
2375 124 2 108 223
2376 120 2 109 115
2377 70 2 109 127
2378 -8 2 109 135
2379 -194 2 109 143
2380 62 2 109 152
2381 -36 2 109 155
2382 -86 2 109 160
2383 -98 2 109 207
2384 -152 2 109 209
2385 -70 2 109 234
2386 -10 2 109 236
2387 136 2 109 237
2388 -200 2 109 241
2389 -64 2 109 243
2390 -190 2 109 250
2391 -172 2 110 117
2392 -24 2 110 135
2393 -10 2 110 136
2394 196 2 110 147
2395 144 2 110 167
2396 -106 2 110 177
2397 98 2 110 180
2398 144 2 110 186
2399 -8 2 110 200
2400 176 2 110 217
2401 32 2 110 250
2402 158 2 111 126
2403 152 2 111 146
2404 64 2 111 159
2405 -14 2 111 161
2406 62 2 111 195
2407 198 2 111 203
2408 -100 2 111 211
2409 90 2 111 218
2410 -84 2 111 221
2411 196 2 111 248
2412 -150 2 112 116
2413 -188 2 112 119
2414 -2 2 112 120
2415 192 2 112 121
2416 -158 2 112 129
2417 132 2 112 134
2418 -90 2 112 141
2419 -84 2 112 146
2420 -72 2 112 172
2421 -4 2 112 193
2422 -162 2 113 118
2423 -122 2 113 139
2424 -112 2 113 150
2425 -196 2 113 151
2426 156 2 113 159
2427 -146 2 113 163
2428 -28 2 113 184
2429 -118 2 113 186
2430 36 2 113 209
2431 -134 2 113 211
2432 184 2 113 212
2433 180 2 113 213
2434 12 2 114 116
2435 -26 2 114 124
2436 14 2 114 135
2437 -110 2 114 203
2438 -4 2 114 209
2439 -184 2 114 214
2440 152 2 114 218
2441 174 2 114 234
2442 184 2 114 240
2443 20 2 114 246
2444 -120 2 115 116
2445 96 2 115 117
2446 86 2 115 121
2447 -66 2 115 123
2448 150 2 115 145
2449 62 2 115 147
2450 100 2 115 150
2451 68 2 115 156
2452 116 2 115 160
2453 166 2 115 165
2454 26 2 115 176
2455 -54 2 115 178
2456 8 2 115 204
2457 -116 2 115 209
2458 26 2 115 234
2459 -148 2 115 235
2460 -164 2 115 250
2461 90 2 116 118
2462 20 2 116 165
2463 -20 2 116 173
2464 42 2 116 209
2465 102 2 116 238
2466 96 2 116 243
2467 148 2 117 119
2468 162 2 117 123
2469 -110 2 117 126
2470 -62 2 117 144
2471 160 2 117 155
2472 -172 2 117 159
2473 14 2 117 161
2474 -144 2 117 162
2475 -122 2 117 163
2476 -158 2 117 181
2477 64 2 117 186
2478 64 2 117 204
2479 18 2 117 206
2480 -92 2 117 217
2481 -144 2 117 232
2482 116 2 117 239
2483 -6 2 117 245
2484 24 2 117 246
2485 -8 2 118 120
2486 -72 2 118 140
2487 -158 2 118 149
2488 2 2 118 154
2489 -94 2 118 165
2490 164 2 118 193
2491 -94 2 118 195
2492 -120 2 118 202
2493 -154 2 118 215
2494 -114 2 118 217
2495 -4 2 118 235
2496 -14 2 118 241
2497 82 2 119 133
2498 100 2 119 134
2499 -24 2 119 136
2500 -128 2 119 141
2501 -76 2 119 146
2502 -166 2 119 158
2503 -138 2 119 159
2504 -14 2 119 199
2505 -56 2 119 202
2506 170 2 119 208
2507 140 2 119 212
2508 102 2 119 218
2509 36 2 119 220
2510 -114 2 119 225
2511 -40 2 119 248
2512 62 2 120 121
2513 182 2 120 138
2514 88 2 120 140
2515 -32 2 120 141
2516 166 2 120 181
2517 -138 2 120 182
2518 -102 2 120 188
2519 -118 2 120 208
2520 6 2 120 223
2521 -18 2 120 231
2522 28 2 120 232
2523 -46 2 121 127
2524 100 2 121 133
2525 -160 2 121 137
2526 -190 2 121 155
2527 20 2 121 196
2528 20 2 121 203
2529 -162 2 121 204
2530 -138 2 121 226
2531 -12 2 121 233
2532 -184 2 121 234
2533 -130 2 121 246
2534 -96 2 121 247
2535 -106 2 122 124
2536 84 2 122 125
2537 184 2 122 131
2538 -112 2 122 141
2539 -196 2 122 153
2540 -156 2 122 156
2541 -48 2 122 170
2542 -90 2 122 175
2543 -62 2 122 180
2544 72 2 122 183
2545 76 2 122 195
2546 118 2 122 208
2547 68 2 122 211
2548 -134 2 122 213
2549 -164 2 122 217
2550 -72 2 122 218
2551 -126 2 122 223
2552 164 2 122 227
2553 -66 2 122 235
2554 -108 2 123 128
2555 118 2 123 134
2556 -136 2 123 140
2557 154 2 123 142
2558 14 2 123 162
2559 72 2 123 163
2560 8 2 123 164
2561 -18 2 123 173
2562 -74 2 123 177
2563 -132 2 123 183
2564 -98 2 123 206
2565 160 2 123 230
2566 114 2 123 231
2567 116 2 123 239
2568 -190 2 123 241
2569 -92 2 124 143
2570 98 2 124 164
2571 -18 2 124 176
2572 -170 2 124 203
2573 140 2 124 228
2574 146 2 124 238
2575 -98 2 125 129
2576 16 2 125 160
2577 -148 2 125 168
2578 -10 2 125 170
2579 -60 2 125 211
2580 170 2 125 215
2581 -62 2 125 227
2582 176 2 125 232
2583 -188 2 125 239
2584 36 2 126 142
2585 6 2 126 143
2586 -14 2 126 152
2587 -164 2 126 162
2588 -188 2 126 170
2589 60 2 126 194
2590 -38 2 126 198
2591 160 2 126 207
2592 -162 2 126 214
2593 98 2 126 217
2594 82 2 126 219
2595 30 2 126 231
2596 122 2 126 233
2597 -40 2 127 129
2598 128 2 127 130
2599 40 2 127 134
2600 148 2 127 138
2601 130 2 127 139
2602 -26 2 127 152
2603 -24 2 127 158
2604 72 2 127 166
2605 -96 2 127 167
2606 -136 2 127 179
2607 -6 2 127 196
2608 120 2 127 199
2609 -182 2 127 201
2610 26 2 127 217
2611 -74 2 127 219
2612 -78 2 127 228
2613 -166 2 127 235
2614 -18 2 128 138
2615 -70 2 128 162
2616 -120 2 128 167
2617 -154 2 128 177
2618 -60 2 128 188
2619 -198 2 128 217
2620 22 2 128 237
2621 -192 2 128 239
2622 108 2 128 249
2623 156 2 129 155
2624 28 2 129 189
2625 198 2 129 193
2626 186 2 129 198
2627 -74 2 129 204
2628 -18 2 129 212
2629 74 2 129 221
2630 -68 2 129 236
2631 -60 2 130 132
2632 188 2 130 136
2633 -82 2 130 149
2634 4 2 130 154
2635 -52 2 130 179
2636 172 2 130 185
2637 72 2 130 193
2638 -54 2 130 200
2639 -42 2 130 211
2640 -186 2 130 228
2641 10 2 130 233
2642 -190 2 130 241
2643 -6 2 131 151
2644 -172 2 131 152
2645 -2 2 131 171
2646 -120 2 131 177
2647 -64 2 131 190
2648 -128 2 131 191
2649 -82 2 131 208
2650 -180 2 131 212
2651 116 2 131 218
2652 -182 2 131 232
2653 92 2 131 246
2654 150 2 131 249
2655 -114 2 131 250
2656 130 2 132 148
2657 -140 2 132 150
2658 -36 2 132 168
2659 -190 2 132 171
2660 -170 2 132 174
2661 -148 2 132 198
2662 -40 2 132 200
2663 18 2 132 210
2664 152 2 132 211
2665 168 2 132 232
2666 -138 2 132 233
2667 172 2 133 142
2668 -166 2 133 157
2669 200 2 133 159
2670 136 2 133 164
2671 -116 2 133 169
2672 -10 2 133 188
2673 -118 2 133 219
2674 172 2 133 221
2675 -164 2 133 248
2676 -122 2 134 146
2677 -8 2 134 164
2678 194 2 134 166
2679 60 2 134 180
2680 -72 2 134 181
2681 -2 2 134 191
2682 176 2 134 195
2683 38 2 134 201
2684 36 2 134 207
2685 196 2 134 213
2686 102 2 134 214
2687 -110 2 134 218
2688 -112 2 134 229
2689 -40 2 135 144
2690 -36 2 135 154
2691 -170 2 135 167
2692 198 2 135 191
2693 -134 2 135 196
2694 -160 2 135 197
2695 -148 2 135 212
2696 192 2 135 216
2697 194 2 135 220
2698 12 2 135 224
2699 -58 2 135 243
2700 -174 2 136 140
2701 -16 2 136 158
2702 158 2 136 171
2703 40 2 136 184
2704 12 2 136 196
2705 18 2 136 200
2706 154 2 136 210
2707 26 2 136 211
2708 -172 2 136 216
2709 -16 2 136 225
2710 -42 2 137 144
2711 88 2 137 165
2712 -118 2 137 185
2713 82 2 137 187
2714 120 2 137 196
2715 -64 2 137 214
2716 -184 2 137 221
2717 30 2 137 232
2718 -118 2 137 242
2719 -56 2 137 250
2720 -62 2 138 157
2721 -156 2 138 182
2722 -34 2 138 190
2723 196 2 138 205
2724 116 2 138 214
2725 -118 2 138 226
2726 -66 2 138 234
2727 176 2 138 241
2728 -178 2 139 147
2729 48 2 139 149
2730 -96 2 139 151
2731 -48 2 139 157
2732 106 2 139 172
2733 -2 2 139 175
2734 86 2 139 222
2735 112 2 139 232
2736 -48 2 140 141
2737 34 2 140 162
2738 -122 2 140 181
2739 88 2 140 187
2740 46 2 140 195
2741 -104 2 140 215
2742 -124 2 140 225
2743 -164 2 140 246
2744 -116 2 141 151
2745 -158 2 141 155
2746 -80 2 141 157
2747 -196 2 141 160
2748 126 2 141 170
2749 26 2 141 171
2750 48 2 141 176
2751 84 2 141 177
2752 46 2 141 188
2753 -94 2 141 202
2754 56 2 141 204
2755 140 2 141 218
2756 108 2 141 219
2757 -176 2 141 231
2758 -132 2 142 158
2759 -62 2 142 165
2760 -36 2 142 168
2761 -142 2 142 173
2762 128 2 142 188
2763 130 2 142 190
2764 26 2 142 217
2765 -168 2 142 221
2766 -86 2 142 237
2767 -94 2 143 148
2768 80 2 143 160
2769 -80 2 143 161
2770 -100 2 143 165
2771 8 2 143 172
2772 130 2 143 182
2773 52 2 143 183
2774 -46 2 143 184
2775 -168 2 143 195
2776 78 2 143 209
2777 -112 2 143 217
2778 -172 2 143 221
2779 -136 2 143 230
2780 -146 2 143 239
2781 -96 2 143 247
2782 -56 2 144 154
2783 38 2 144 167
2784 -8 2 144 188
2785 -26 2 144 198
2786 146 2 144 212
2787 -36 2 144 213
2788 -110 2 144 246
2789 152 2 144 248
2790 72 2 144 249
2791 -48 2 145 147
2792 -56 2 145 164
2793 156 2 145 177
2794 38 2 145 196
2795 -18 2 145 197
2796 4 2 145 203
2797 -172 2 145 223
2798 -122 2 145 242
2799 128 2 145 243
2800 116 2 145 244
2801 86 2 145 245
2802 -112 2 146 160
2803 -22 2 146 167
2804 52 2 146 168
2805 -154 2 146 170
2806 78 2 146 189
2807 140 2 146 194
2808 50 2 146 202
2809 -28 2 146 209
2810 176 2 146 215
2811 108 2 146 220
2812 -28 2 146 221
2813 -116 2 146 231
2814 174 2 147 155
2815 -104 2 147 197
2816 -2 2 147 200
2817 -76 2 147 214
2818 -26 2 147 216
2819 172 2 147 218
2820 50 2 147 220
2821 88 2 147 222
2822 -32 2 147 245
2823 66 2 148 181
2824 124 2 148 195
2825 64 2 148 235
2826 124 2 149 160
2827 -46 2 149 165
2828 34 2 149 166
2829 -78 2 149 172
2830 62 2 149 186
2831 -52 2 149 189
2832 -24 2 149 204
2833 -154 2 149 221
2834 154 2 149 233
2835 -188 2 149 237
2836 4 2 150 158
2837 -98 2 150 173
2838 -60 2 150 180
2839 -66 2 150 187
2840 -182 2 150 191
2841 104 2 150 192
2842 -162 2 150 193
2843 142 2 150 212
2844 -190 2 150 227
2845 -104 2 151 169
2846 4 2 151 177
2847 -94 2 151 184
2848 -186 2 151 185
2849 138 2 151 207
2850 -134 2 151 215
2851 178 2 151 231
2852 -62 2 151 233
2853 -170 2 151 234
2854 182 2 151 250
2855 90 2 152 159
2856 -196 2 152 179
2857 60 2 152 182
2858 4 2 152 183
2859 -24 2 152 197
2860 96 2 152 207
2861 -68 2 152 220
2862 -80 2 152 228
2863 38 2 152 231
2864 -74 2 152 239
2865 148 2 152 247
2866 22 2 153 157
2867 6 2 153 166
2868 126 2 153 196
2869 -140 2 153 210
2870 58 2 153 235
2871 -144 2 153 245
2872 82 2 154 190
2873 -54 2 154 203
2874 -136 2 154 217
2875 116 2 154 235
2876 -90 2 155 159
2877 140 2 155 168
2878 180 2 155 171
2879 -122 2 155 172
2880 -142 2 155 182
2881 112 2 155 195
2882 152 2 155 197
2883 152 2 155 200
2884 136 2 155 222
2885 162 2 155 235
2886 108 2 155 244
2887 192 2 156 164
2888 64 2 156 177
2889 74 2 156 192
2890 -156 2 156 205
2891 -110 2 156 210
2892 -134 2 156 214
2893 -44 2 156 216
2894 -110 2 156 238
2895 -184 2 156 242
2896 24 2 156 244
2897 144 2 156 247
2898 -10 2 157 165
2899 162 2 157 166
2900 80 2 157 169
2901 -10 2 157 182
2902 -64 2 157 189
2903 150 2 157 206
2904 -12 2 157 229
2905 114 2 157 233
2906 96 2 157 237
2907 20 2 157 244
2908 80 2 158 160
2909 68 2 158 163
2910 -126 2 158 190
2911 -16 2 158 201
2912 -138 2 158 207
2913 -38 2 158 213
2914 -174 2 158 219
2915 -64 2 158 235
2916 144 2 159 163
2917 126 2 159 167
2918 44 2 159 195
2919 -66 2 159 199
2920 -92 2 159 200
2921 -46 2 159 210
2922 -182 2 159 250
2923 96 2 160 169
2924 -6 2 160 194
2925 -148 2 160 214
2926 -122 2 160 231
2927 -128 2 160 247
2928 -32 2 161 162
2929 -10 2 161 193
2930 38 2 161 197
2931 186 2 161 221
2932 46 2 161 233
2933 -126 2 162 174
2934 12 2 162 177
2935 176 2 162 182
2936 -4 2 162 192
2937 138 2 162 201
2938 -174 2 162 203
2939 -86 2 162 215
2940 -150 2 162 220
2941 152 2 162 230
2942 114 2 162 250
2943 172 2 163 177
2944 -26 2 163 180
2945 64 2 163 192
2946 108 2 163 208
2947 -184 2 163 209
2948 130 2 163 212
2949 -128 2 163 229
2950 -28 2 163 233
2951 128 2 164 167
2952 -140 2 164 177
2953 -194 2 164 182
2954 22 2 164 194
2955 -156 2 164 197
2956 4 2 164 219
2957 48 2 164 227
2958 114 2 164 228
2959 6 2 164 230
2960 -48 2 164 231
2961 -184 2 164 234
2962 -88 2 164 236
2963 126 2 164 239
2964 -48 2 164 242
2965 94 2 164 248
2966 134 2 165 168
2967 188 2 165 178
2968 86 2 165 180
2969 -74 2 165 204
2970 110 2 165 207
2971 -86 2 165 235
2972 -174 2 165 238
2973 34 2 165 239
2974 70 2 165 247
2975 184 2 166 167
2976 -106 2 166 184
2977 -80 2 166 200
2978 -166 2 166 205
2979 -24 2 166 208
2980 34 2 166 223
2981 -154 2 166 225
2982 -98 2 166 228
2983 94 2 167 176
2984 -198 2 167 178
2985 46 2 167 179
2986 -192 2 167 182
2987 -82 2 167 199
2988 -148 2 167 218
2989 -56 2 167 231
2990 -14 2 168 177
2991 88 2 168 191
2992 -38 2 168 192
2993 96 2 168 205
2994 88 2 168 212
2995 102 2 168 223
2996 -138 2 168 231
2997 -190 2 168 232
2998 78 2 168 240
2999 32 2 168 246
3000 -50 2 168 247
3001 90 2 168 248
3002 188 2 169 170
3003 72 2 169 174
3004 52 2 169 186
3005 -146 2 169 192
3006 188 2 169 197
3007 -98 2 169 199
3008 -122 2 169 206
3009 -72 2 169 213
3010 -86 2 169 215
3011 144 2 169 233
3012 -158 2 169 239
3013 -96 2 169 243
3014 -2 2 170 172
3015 158 2 170 203
3016 -156 2 170 208
3017 -28 2 170 221
3018 122 2 170 224
3019 -58 2 170 238
3020 196 2 171 172
3021 -110 2 171 178
3022 -96 2 171 186
3023 -12 2 171 194
3024 -68 2 171 207
3025 -86 2 171 216
3026 176 2 171 222
3027 76 2 171 223
3028 124 2 171 235
3029 126 2 171 239
3030 122 2 171 243
3031 -48 2 172 180
3032 176 2 172 187
3033 -130 2 172 196
3034 -68 2 172 207
3035 -148 2 173 186
3036 -142 2 173 223
3037 76 2 173 232
3038 96 2 174 179
3039 -134 2 174 184
3040 -24 2 174 193
3041 80 2 174 195
3042 -100 2 174 212
3043 100 2 174 214
3044 190 2 174 229
3045 144 2 175 178
3046 140 2 175 181
3047 -144 2 175 185
3048 -42 2 175 193
3049 88 2 175 204
3050 12 2 175 207
3051 -24 2 175 209
3052 -94 2 175 216
3053 192 2 175 227
3054 82 2 175 235
3055 124 2 175 243
3056 -40 2 175 250
3057 -98 2 176 188
3058 4 2 176 190
3059 -60 2 176 193
3060 -166 2 176 210
3061 76 2 176 220
3062 138 2 176 227
3063 -154 2 176 231
3064 -82 2 176 244
3065 70 2 177 179
3066 -64 2 177 183
3067 -160 2 177 188
3068 120 2 177 190
3069 28 2 177 204
3070 -8 2 177 210
3071 -84 2 177 212
3072 24 2 177 228
3073 142 2 177 241
3074 40 2 178 183
3075 -120 2 178 184
3076 -72 2 178 190
3077 68 2 178 196
3078 -102 2 178 199
3079 138 2 178 206
3080 114 2 178 221
3081 -142 2 178 232
3082 108 2 178 235
3083 14 2 178 249
3084 2 2 179 229
3085 76 2 179 230
3086 56 2 179 231
3087 40 2 179 241
3088 -160 2 179 242
3089 -34 2 179 247
3090 200 2 180 183
3091 -164 2 180 194
3092 -180 2 180 199
3093 -180 2 180 210
3094 -42 2 180 218
3095 144 2 181 186
3096 198 2 181 190
3097 -42 2 181 199
3098 -86 2 181 202
3099 -162 2 181 213
3100 -116 2 181 216
3101 150 2 181 226
3102 56 2 181 231
3103 -24 2 182 188
3104 32 2 182 195
3105 -34 2 182 214
3106 -184 2 182 216
3107 -20 2 182 225
3108 -22 2 182 234
3109 -168 2 182 238
3110 -20 2 182 245
3111 -120 2 183 187
3112 36 2 183 188
3113 -148 2 183 196
3114 54 2 183 206
3115 152 2 183 244
3116 -104 2 183 249
3117 -100 2 184 203
3118 196 2 184 216
3119 68 2 184 221
3120 148 2 184 226
3121 196 2 184 227
3122 116 2 184 241
3123 -76 2 184 244
3124 64 2 185 186
3125 -198 2 185 190
3126 -198 2 185 218
3127 30 2 185 219
3128 -106 2 185 220
3129 -188 2 185 223
3130 -184 2 185 227
3131 -30 2 186 194
3132 -164 2 186 196
3133 -56 2 186 206
3134 30 2 186 214
3135 -34 2 187 203
3136 -118 2 187 212
3137 84 2 187 214
3138 4 2 187 221
3139 82 2 187 222
3140 -150 2 187 225
3141 -22 2 187 235
3142 -72 2 187 239
3143 -106 2 187 240
3144 -198 2 187 241
3145 92 2 187 244
3146 -78 2 187 250
3147 114 2 188 191
3148 -74 2 188 214
3149 -100 2 188 216
3150 -152 2 188 235
3151 144 2 188 242
3152 96 2 188 248
3153 184 2 189 191
3154 40 2 189 195
3155 -172 2 189 201
3156 -108 2 189 215
3157 14 2 189 219
3158 124 2 189 234
3159 32 2 189 236
3160 68 2 189 246
3161 2 2 190 201
3162 -190 2 190 207
3163 140 2 190 249
3164 -90 2 191 196
3165 54 2 191 203
3166 94 2 191 205
3167 -8 2 191 210
3168 104 2 191 213
3169 -150 2 191 226
3170 106 2 191 239
3171 -38 2 191 241
3172 -88 2 192 215
3173 -178 2 193 200
3174 158 2 193 211
3175 -112 2 193 219
3176 -166 2 193 221
3177 136 2 193 229
3178 -104 2 193 236
3179 -60 2 193 245
3180 60 2 193 249
3181 82 2 194 198
3182 -100 2 194 208
3183 -76 2 194 212
3184 -144 2 194 216
3185 116 2 194 218
3186 6 2 195 197
3187 194 2 195 205
3188 194 2 195 216
3189 98 2 195 221
3190 154 2 195 238
3191 -190 2 195 239
3192 -112 2 195 247
3193 -78 2 196 207
3194 166 2 196 208
3195 118 2 196 212
3196 -172 2 196 228
3197 58 2 196 243
3198 172 2 197 205
3199 34 2 197 225
3200 -22 2 197 226
3201 16 2 197 232
3202 -100 2 197 238
3203 -8 2 198 207
3204 194 2 198 208
3205 94 2 198 216
3206 112 2 198 217
3207 80 2 198 222
3208 76 2 198 227
3209 -126 2 198 235
3210 -62 2 198 241
3211 -78 2 198 242
3212 122 2 199 204
3213 -98 2 199 209
3214 -38 2 199 223
3215 -166 2 199 235
3216 -186 2 199 236
3217 80 2 199 239
3218 -68 2 199 244
3219 -46 2 200 203
3220 -184 2 200 218
3221 -152 2 200 224
3222 -194 2 200 225
3223 34 2 201 212
3224 -154 2 201 229
3225 -158 2 201 238
3226 -102 2 201 241
3227 -96 2 202 210
3228 90 2 202 211
3229 -74 2 202 226
3230 -174 2 202 227
3231 -38 2 202 234
3232 -40 2 203 205
3233 182 2 203 217
3234 46 2 203 222
3235 -26 2 203 227
3236 50 2 203 250
3237 42 2 204 206
3238 196 2 204 228
3239 130 2 204 243
3240 116 2 204 245
3241 -150 2 204 247
3242 24 2 205 212
3243 -110 2 205 221
3244 168 2 206 219
3245 124 2 206 227
3246 -56 2 206 228
3247 -22 2 206 247
3248 138 2 206 248
3249 158 2 207 212
3250 2 2 207 214
3251 -42 2 207 229
3252 -166 2 207 232
3253 -190 2 207 239
3254 188 2 207 248
3255 140 2 207 250
3256 -194 2 208 209
3257 -76 2 208 212
3258 -130 2 208 218
3259 -2 2 208 246
3260 -120 2 209 217
3261 196 2 209 235
3262 150 2 209 237
3263 82 2 210 229
3264 92 2 210 230
3265 112 2 210 236
3266 -158 2 211 223
3267 -4 2 211 238
3268 20 2 211 239
3269 -108 2 211 244
3270 -84 2 211 250
3271 4 2 212 217
3272 -84 2 212 230
3273 120 2 212 231
3274 188 2 213 220
3275 158 2 213 228
3276 -70 2 213 238
3277 76 2 213 249
3278 66 2 214 220
3279 -152 2 214 221
3280 152 2 214 222
3281 -10 2 214 243
3282 180 2 214 248
3283 64 2 215 223
3284 40 2 215 233
3285 -164 2 216 217
3286 130 2 216 226
3287 146 2 216 227
3288 -56 2 217 237
3289 -196 2 217 240
3290 -8 2 217 248
3291 164 2 217 250
3292 -64 2 218 238
3293 148 2 219 228
3294 -196 2 220 231
3295 -110 2 220 238
3296 70 2 220 241
3297 8 2 220 246
3298 132 2 222 249
3299 154 2 222 250
3300 -8 2 223 229
3301 198 2 224 228
3302 174 2 224 237
3303 118 2 224 244
3304 -144 2 225 235
3305 148 2 225 238
3306 144 2 225 239
3307 -40 2 227 232
3308 -122 2 227 236
3309 -138 2 227 239
3310 -130 2 227 245
3311 -72 2 227 247
3312 96 2 228 230
3313 -36 2 228 234
3314 8 2 228 237
3315 140 2 228 240
3316 82 2 228 243
3317 54 2 229 240
3318 26 2 229 241
3319 70 2 229 249
3320 4 2 230 239
3321 -104 2 230 248
3322 -76 2 231 238
3323 26 2 231 241
3324 50 2 232 235
3325 -78 2 234 235
3326 114 2 234 236
3327 -150 2 234 243
3328 32 2 235 247
3329 -108 2 236 240
3330 -4 2 236 242
3331 104 2 236 249
3332 162 2 239 245
3333 -88 2 240 243
3334 168 2 241 244
3335 40 2 241 250
3336 -20 2 242 247
3337 58 2 242 248
3338 190 2 246 250
3339 -70 2 247 250
