250 3364 0
0
1 -200 1 1
2 -787 1 2
3 82 1 3
4 -439 1 4
5 -73 1 5
6 -476 1 6
7 418 1 7
8 526 1 8
9 231 1 9
10 -77 1 10
11 510 1 11
12 3 1 12
13 179 1 13
14 -326 1 14
15 -95 1 15
16 -558 1 16
17 -305 1 17
18 -248 1 18
19 -455 1 19
20 -33 1 20
21 402 1 21
22 -27 1 22
23 -157 1 23
24 -225 1 24
25 -146 1 25
26 -332 1 26
27 -92 1 27
28 185 1 28
29 54 1 29
30 161 1 30
31 110 1 31
32 -355 1 32
33 -157 1 33
34 -336 1 34
35 -188 1 35
36 602 1 36
37 -67 1 37
38 251 1 38
39 -45 1 39
40 79 1 40
41 -5 1 41
42 3 1 42
43 -616 1 43
44 114 1 44
45 90 1 45
46 -264 1 46
47 -110 1 47
48 -56 1 48
49 -220 1 49
50 456 1 50
51 -413 1 51
52 -220 1 52
53 10 1 53
54 15 1 54
55 79 1 55
56 -298 1 56
57 -146 1 57
58 335 1 58
59 -75 1 59
60 -40 1 60
61 -71 1 61
62 231 1 62
63 -479 1 63
64 126 1 64
65 14 1 65
66 -452 1 66
67 192 1 67
68 -41 1 68
69 791 1 69
70 69 1 70
71 433 1 71
72 -483 1 72
73 -65 1 73
74 -465 1 74
75 -523 1 75
76 -253 1 76
77 608 1 77
78 525 1 78
79 -434 1 79
80 615 1 80
81 -616 1 81
82 -284 1 82
83 141 1 83
84 -55 1 84
85 -535 1 85
86 97 1 86
87 -174 1 87
88 660 1 88
89 -475 1 89
90 164 1 90
91 176 1 91
92 -184 1 92
93 -184 1 93
94 487 1 94
95 52 1 95
96 302 1 96
97 -330 1 97
98 -92 1 98
99 73 1 99
100 -13 1 100
101 178 1 101
102 -166 1 102
103 374 1 103
104 280 1 104
105 -195 1 105
106 268 1 106
107 683 1 107
108 -375 1 108
109 68 1 109
110 221 1 110
111 230 1 111
112 -45 1 112
113 -77 1 113
114 -111 1 114
115 343 1 115
116 -197 1 116
117 755 1 117
118 -44 1 118
119 -168 1 119
120 -138 1 120
121 -80 1 121
122 226 1 122
123 -39 1 123
124 138 1 124
125 64 1 125
126 211 1 126
127 -139 1 127
128 -40 1 128
129 -487 1 129
130 -16 1 130
131 314 1 131
132 984 1 132
133 399 1 133
134 97 1 134
135 133 1 135
136 -295 1 136
137 -267 1 137
138 578 1 138
139 -193 1 139
140 40 1 140
141 512 1 141
142 35 1 142
143 -422 1 143
144 -86 1 144
145 -251 1 145
146 -265 1 146
147 1 1 147
148 139 1 148
149 -263 1 149
150 -8 1 150
151 237 1 151
152 157 1 152
153 -76 1 153
154 -39 1 154
155 -591 1 155
156 61 1 156
157 -42 1 157
158 18 1 158
159 71 1 159
160 -5 1 160
161 77 1 161
162 -26 1 162
163 76 1 163
164 -121 1 164
165 5 1 165
166 -231 1 166
167 -22 1 167
168 -398 1 168
169 45 1 169
170 -363 1 170
171 -728 1 171
172 90 1 172
173 -187 1 173
174 -306 1 174
175 -46 1 175
176 -837 1 176
177 -546 1 177
178 105 1 178
179 185 1 179
180 -430 1 180
181 600 1 181
182 -184 1 182
183 492 1 183
184 158 1 184
185 -5 1 185
186 464 1 186
187 -496 1 187
188 -284 1 188
189 37 1 189
190 42 1 190
191 -3 1 191
192 -186 1 192
193 -540 1 193
194 -349 1 194
195 -72 1 195
196 -355 1 196
197 -113 1 197
198 353 1 198
199 8 1 199
200 -430 1 200
201 -555 1 201
202 64 1 202
203 417 1 203
204 163 1 204
205 89 1 205
206 386 1 206
207 580 1 207
208 -547 1 208
209 173 1 209
210 94 1 210
211 269 1 211
212 125 1 212
213 400 1 213
214 -283 1 214
215 69 1 215
216 -182 1 216
217 -7 1 217
218 468 1 218
219 123 1 219
220 235 1 220
221 -73 1 221
222 27 1 222
223 -148 1 223
224 30 1 224
225 43 1 225
226 341 1 226
227 178 1 227
228 130 1 228
229 -87 1 229
230 -220 1 230
231 96 1 231
232 -123 1 232
233 242 1 233
234 -152 1 234
235 -248 1 235
236 86 1 236
237 -17 1 237
238 -170 1 238
239 235 1 239
240 -34 1 240
241 -395 1 241
242 -135 1 242
243 66 1 243
244 543 1 244
245 -57 1 245
246 -100 1 246
247 -136 1 247
248 -469 1 248
249 324 1 249
250 -393 1 250
251 -4 2 1 8
252 -80 2 1 11
253 20 2 1 14
254 180 2 1 23
255 -30 2 1 60
256 20 2 1 73
257 172 2 1 74
258 -146 2 1 76
259 -194 2 1 78
260 94 2 1 96
261 -150 2 1 100
262 -190 2 1 105
263 -50 2 1 107
264 -60 2 1 110
265 -104 2 1 114
266 180 2 1 124
267 158 2 1 125
268 184 2 1 131
269 124 2 1 154
270 -106 2 1 164
271 140 2 1 165
272 156 2 1 182
273 86 2 1 205
274 -22 2 2 8
275 -174 2 2 9
276 -108 2 2 14
277 148 2 2 37
278 -56 2 2 40
279 34 2 2 45
280 64 2 2 46
281 190 2 2 48
282 186 2 2 51
283 160 2 2 61
284 118 2 2 62
285 86 2 2 73
286 -102 2 2 80
287 152 2 2 83
288 -44 2 2 85
289 70 2 2 99
290 166 2 2 109
291 136 2 2 117
292 70 2 2 130
293 -32 2 2 135
294 4 2 2 152
295 -32 2 2 157
296 118 2 2 168
297 56 2 2 173
298 154 2 2 193
299 190 2 2 205
300 -142 2 2 210
301 -152 2 2 215
302 -76 2 2 219
303 92 2 2 223
304 152 2 2 224
305 168 2 2 241
306 138 2 3 10
307 -198 2 3 13
308 180 2 3 15
309 -164 2 3 16
310 -168 2 3 20
311 192 2 3 24
312 72 2 3 28
313 166 2 3 31
314 -166 2 3 42
315 4 2 3 46
316 -60 2 3 54
317 -78 2 3 62
318 -50 2 3 68
319 -112 2 3 78
320 -156 2 3 83
321 188 2 3 109
322 -36 2 3 111
323 156 2 3 112
324 -144 2 3 118
325 192 2 3 134
326 -142 2 3 142
327 192 2 3 143
328 -162 2 3 166
329 -196 2 3 186
330 16 2 3 195
331 -32 2 3 202
332 172 2 3 209
333 32 2 3 240
334 16 2 4 7
335 162 2 4 8
336 -174 2 4 12
337 166 2 4 20
338 32 2 4 31
339 -60 2 4 61
340 -184 2 4 78
341 -166 2 4 86
342 166 2 4 104
343 28 2 4 130
344 -34 2 4 136
345 200 2 4 144
346 160 2 4 157
347 148 2 4 163
348 74 2 4 173
349 -44 2 4 188
350 84 2 4 190
351 124 2 4 196
352 92 2 4 218
353 136 2 4 229
354 -48 2 4 239
355 172 2 5 6
356 -94 2 5 12
357 128 2 5 24
358 -10 2 5 33
359 88 2 5 37
360 150 2 5 46
361 -156 2 5 62
362 82 2 5 63
363 -6 2 5 85
364 102 2 5 93
365 -146 2 5 101
366 -108 2 5 103
367 -114 2 5 107
368 176 2 5 114
369 -74 2 5 129
370 196 2 5 143
371 -96 2 5 151
372 102 2 5 173
373 -196 2 5 183
374 -10 2 5 191
375 130 2 5 199
376 24 2 5 220
377 -194 2 5 229
378 86 2 6 13
379 194 2 6 19
380 12 2 6 25
381 164 2 6 42
382 140 2 6 52
383 158 2 6 55
384 104 2 6 63
385 -198 2 6 77
386 -32 2 6 80
387 -84 2 6 99
388 200 2 6 154
389 -188 2 6 155
390 178 2 6 171
391 182 2 6 180
392 104 2 6 184
393 -120 2 6 188
394 -174 2 6 190
395 -170 2 6 191
396 18 2 6 200
397 168 2 6 213
398 48 2 6 221
399 -74 2 6 225
400 64 2 6 234
401 -40 2 7 68
402 -172 2 7 71
403 -112 2 7 74
404 -182 2 7 78
405 82 2 7 79
406 -36 2 7 81
407 -112 2 7 82
408 136 2 7 90
409 -58 2 7 91
410 -76 2 7 119
411 26 2 7 121
412 -22 2 7 139
413 -60 2 7 156
414 -170 2 7 159
415 10 2 7 164
416 82 2 7 170
417 -46 2 7 197
418 6 2 7 207
419 -180 2 7 214
420 -120 2 7 222
421 94 2 7 235
422 98 2 7 243
423 -82 2 8 15
424 56 2 8 25
425 20 2 8 27
426 -138 2 8 41
427 172 2 8 44
428 -80 2 8 48
429 86 2 8 60
430 -8 2 8 68
431 -88 2 8 84
432 -102 2 8 98
433 -138 2 8 107
434 -190 2 8 108
435 -156 2 8 111
436 -190 2 8 115
437 -176 2 8 117
438 -56 2 8 121
439 130 2 8 130
440 -144 2 8 131
441 24 2 8 135
442 64 2 8 145
443 192 2 8 155
444 32 2 8 168
445 88 2 8 181
446 -142 2 8 184
447 -110 2 8 193
448 -112 2 8 195
449 -40 2 8 202
450 16 2 8 203
451 138 2 8 209
452 32 2 8 231
453 -168 2 8 238
454 -118 2 8 245
455 128 2 9 11
456 -162 2 9 18
457 188 2 9 22
458 28 2 9 33
459 -122 2 9 59
460 -154 2 9 71
461 134 2 9 74
462 -30 2 9 94
463 -192 2 9 98
464 122 2 9 106
465 -106 2 9 107
466 -186 2 9 109
467 -190 2 9 122
468 32 2 9 130
469 -132 2 9 149
470 -194 2 9 156
471 -118 2 9 157
472 -10 2 9 165
473 -44 2 9 166
474 40 2 9 193
475 188 2 9 196
476 38 2 9 200
477 194 2 9 201
478 98 2 9 210
479 158 2 9 215
480 146 2 9 233
481 12 2 9 241
482 -154 2 9 248
483 -24 2 10 38
484 -108 2 10 48
485 -8 2 10 68
486 -62 2 10 103
487 76 2 10 111
488 86 2 10 125
489 -26 2 10 127
490 90 2 10 136
491 168 2 10 158
492 -96 2 10 163
493 -36 2 10 174
494 82 2 10 206
495 -88 2 10 213
496 146 2 10 214
497 -158 2 10 228
498 -194 2 10 231
499 8 2 10 244
500 160 2 10 249
501 -60 2 11 18
502 76 2 11 20
503 -108 2 11 21
504 -130 2 11 26
505 -32 2 11 64
506 -40 2 11 69
507 -190 2 11 71
508 68 2 11 77
509 96 2 11 78
510 -186 2 11 89
511 -54 2 11 94
512 176 2 11 97
513 96 2 11 104
514 -148 2 11 106
515 94 2 11 130
516 -122 2 11 132
517 142 2 11 140
518 -152 2 11 155
519 14 2 11 156
520 -106 2 11 185
521 -190 2 11 208
522 -32 2 11 215
523 -134 2 11 221
524 -146 2 11 240
525 116 2 12 25
526 -8 2 12 35
527 -54 2 12 39
528 -114 2 12 48
529 -20 2 12 49
530 114 2 12 51
531 -18 2 12 55
532 -158 2 12 79
533 86 2 12 85
534 -62 2 12 89
535 48 2 12 96
536 -56 2 12 97
537 -72 2 12 122
538 -132 2 12 133
539 194 2 12 136
540 200 2 12 137
541 104 2 12 139
542 80 2 12 150
543 -12 2 12 171
544 -48 2 12 173
545 -106 2 12 175
546 160 2 12 188
547 -18 2 12 200
548 -90 2 12 202
549 88 2 12 205
550 170 2 12 206
551 90 2 12 220
552 -154 2 12 237
553 -66 2 12 249
554 -36 2 13 28
555 10 2 13 53
556 180 2 13 61
557 4 2 13 69
558 -106 2 13 73
559 -136 2 13 88
560 -182 2 13 101
561 -88 2 13 103
562 114 2 13 112
563 -188 2 13 134
564 32 2 13 139
565 -14 2 13 140
566 98 2 13 143
567 136 2 13 145
568 28 2 13 154
569 -30 2 13 161
570 -104 2 13 170
571 74 2 13 173
572 14 2 13 176
573 -168 2 13 186
574 182 2 13 192
575 -14 2 13 221
576 -30 2 13 244
577 -120 2 13 246
578 98 2 13 248
579 74 2 14 15
580 10 2 14 20
581 -40 2 14 22
582 -88 2 14 44
583 104 2 14 45
584 116 2 14 53
585 -8 2 14 54
586 58 2 14 58
587 -66 2 14 67
588 66 2 14 71
589 48 2 14 79
590 -196 2 14 83
591 130 2 14 105
592 56 2 14 136
593 178 2 14 148
594 126 2 14 172
595 124 2 14 176
596 70 2 14 188
597 -6 2 14 215
598 112 2 14 229
599 -160 2 14 234
600 32 2 14 250
601 66 2 15 23
602 78 2 15 67
603 -108 2 15 69
604 168 2 15 74
605 -176 2 15 88
606 -144 2 15 93
607 -94 2 15 95
608 -82 2 15 102
609 120 2 15 104
610 122 2 15 114
611 -22 2 15 136
612 24 2 15 137
613 186 2 15 144
614 -126 2 15 152
615 -150 2 15 157
616 162 2 15 159
617 20 2 15 170
618 20 2 15 172
619 118 2 15 182
620 148 2 15 187
621 -146 2 15 189
622 58 2 15 191
623 128 2 15 202
624 -164 2 15 203
625 -118 2 15 212
626 72 2 15 238
627 -92 2 15 245
628 -50 2 15 250
629 158 2 16 25
630 -128 2 16 31
631 -90 2 16 34
632 96 2 16 58
633 68 2 16 59
634 30 2 16 63
635 54 2 16 71
636 150 2 16 76
637 196 2 16 79
638 -134 2 16 90
639 -98 2 16 98
640 112 2 16 102
641 134 2 16 108
642 140 2 16 117
643 80 2 16 119
644 140 2 16 122
645 180 2 16 130
646 -16 2 16 138
647 10 2 16 139
648 -26 2 16 144
649 -38 2 16 150
650 -52 2 16 152
651 138 2 16 154
652 -172 2 16 177
653 124 2 16 178
654 -132 2 16 184
655 148 2 16 188
656 42 2 16 204
657 -60 2 16 216
658 136 2 16 223
659 86 2 16 231
660 -150 2 16 244
661 160 2 16 249
662 -6 2 16 250
663 118 2 17 48
664 150 2 17 52
665 82 2 17 59
666 -72 2 17 60
667 32 2 17 70
668 150 2 17 81
669 106 2 17 82
670 42 2 17 84
671 20 2 17 86
672 -14 2 17 94
673 138 2 17 98
674 -148 2 17 102
675 -194 2 17 107
676 44 2 17 130
677 56 2 17 134
678 -44 2 17 165
679 78 2 17 169
680 -104 2 17 174
681 16 2 17 177
682 -94 2 17 181
683 62 2 17 223
684 178 2 17 233
685 -90 2 17 246
686 98 2 17 250
687 36 2 18 38
688 182 2 18 45
689 -92 2 18 50
690 -32 2 18 51
691 4 2 18 56
692 58 2 18 73
693 194 2 18 83
694 40 2 18 88
695 -130 2 18 93
696 162 2 18 116
697 6 2 18 121
698 2 2 18 122
699 -144 2 18 135
700 26 2 18 152
701 90 2 18 155
702 152 2 18 159
703 -118 2 18 160
704 -194 2 18 169
705 132 2 18 176
706 112 2 18 182
707 154 2 18 185
708 174 2 18 209
709 -96 2 18 236
710 86 2 19 39
711 144 2 19 41
712 -156 2 19 45
713 130 2 19 51
714 6 2 19 61
715 18 2 19 82
716 -140 2 19 84
717 -164 2 19 88
718 -18 2 19 94
719 42 2 19 95
720 24 2 19 104
721 -156 2 19 121
722 14 2 19 137
723 82 2 19 143
724 12 2 19 151
725 46 2 19 153
726 60 2 19 157
727 82 2 19 168
728 -22 2 19 172
729 198 2 19 176
730 46 2 19 177
731 188 2 19 178
732 -148 2 19 180
733 -134 2 19 198
734 132 2 19 211
735 152 2 19 216
736 160 2 19 229
737 -142 2 19 246
738 174 2 19 248
739 -114 2 20 25
740 124 2 20 32
741 -52 2 20 37
742 -170 2 20 58
743 136 2 20 60
744 -70 2 20 84
745 148 2 20 85
746 108 2 20 103
747 66 2 20 106
748 -192 2 20 107
749 12 2 20 108
750 -38 2 20 134
751 -20 2 20 158
752 50 2 20 178
753 60 2 20 181
754 182 2 20 186
755 -196 2 20 189
756 200 2 20 195
757 -2 2 20 201
758 -186 2 20 202
759 56 2 20 208
760 172 2 20 211
761 -84 2 20 215
762 -128 2 20 244
763 -80 2 20 249
764 -166 2 21 49
765 -72 2 21 58
766 -64 2 21 69
767 -94 2 21 77
768 -142 2 21 81
769 -46 2 21 88
770 -96 2 21 124
771 -74 2 21 128
772 -172 2 21 135
773 -52 2 21 137
774 -150 2 21 151
775 -174 2 21 162
776 122 2 21 192
777 116 2 21 207
778 194 2 21 223
779 174 2 21 232
780 -48 2 22 46
781 184 2 22 49
782 -96 2 22 63
783 -118 2 22 80
784 54 2 22 81
785 -84 2 22 84
786 -118 2 22 86
787 20 2 22 96
788 90 2 22 106
789 -64 2 22 117
790 -164 2 22 139
791 94 2 22 147
792 190 2 22 154
793 126 2 22 160
794 -98 2 22 161
795 52 2 22 187
796 -78 2 22 229
797 -54 2 22 232
798 -62 2 22 235
799 80 2 22 238
800 128 2 23 49
801 52 2 23 58
802 -10 2 23 66
803 -58 2 23 67
804 118 2 23 75
805 -26 2 23 87
806 18 2 23 97
807 -60 2 23 106
808 -92 2 23 110
809 76 2 23 113
810 -194 2 23 118
811 108 2 23 120
812 -152 2 23 121
813 -122 2 23 128
814 178 2 23 133
815 -22 2 23 134
816 -136 2 23 138
817 170 2 23 143
818 92 2 23 150
819 128 2 23 159
820 178 2 23 164
821 -28 2 23 175
822 -70 2 23 179
823 90 2 23 181
824 -28 2 23 220
825 -178 2 23 223
826 6 2 23 226
827 -98 2 23 230
828 -66 2 24 40
829 122 2 24 41
830 22 2 24 60
831 -144 2 24 69
832 160 2 24 70
833 36 2 24 81
834 -192 2 24 95
835 -170 2 24 97
836 -120 2 24 110
837 90 2 24 111
838 -38 2 24 119
839 78 2 24 138
840 74 2 24 162
841 62 2 24 172
842 -170 2 24 176
843 -108 2 24 213
844 170 2 24 216
845 196 2 24 226
846 86 2 24 246
847 42 2 24 248
848 58 2 25 52
849 6 2 25 53
850 162 2 25 72
851 -162 2 25 76
852 -88 2 25 80
853 -74 2 25 123
854 -22 2 25 133
855 20 2 25 135
856 24 2 25 172
857 -186 2 25 184
858 170 2 25 192
859 -88 2 25 214
860 -156 2 25 221
861 82 2 25 223
862 -24 2 25 225
863 142 2 25 228
864 194 2 25 241
865 6 2 25 250
866 -24 2 26 33
867 178 2 26 67
868 66 2 26 68
869 -118 2 26 72
870 -140 2 26 96
871 194 2 26 102
872 64 2 26 105
873 -96 2 26 115
874 -98 2 26 122
875 100 2 26 129
876 166 2 26 136
877 56 2 26 147
878 146 2 26 158
879 -22 2 26 161
880 72 2 26 164
881 58 2 26 166
882 -160 2 26 179
883 96 2 26 184
884 14 2 26 192
885 122 2 26 201
886 10 2 26 215
887 -126 2 26 219
888 148 2 26 231
889 88 2 26 243
890 -114 2 27 30
891 50 2 27 31
892 60 2 27 34
893 -150 2 27 35
894 -82 2 27 38
895 56 2 27 39
896 164 2 27 75
897 124 2 27 76
898 198 2 27 84
899 -194 2 27 85
900 146 2 27 89
901 98 2 27 91
902 180 2 27 97
903 -120 2 27 98
904 54 2 27 104
905 22 2 27 130
906 74 2 27 145
907 192 2 27 169
908 62 2 27 171
909 70 2 27 177
910 -192 2 27 181
911 74 2 27 191
912 -104 2 27 193
913 -172 2 27 199
914 -40 2 27 210
915 38 2 27 214
916 -162 2 27 219
917 -36 2 27 223
918 -132 2 27 246
919 -92 2 28 50
920 14 2 28 56
921 -66 2 28 62
922 62 2 28 64
923 -56 2 28 65
924 22 2 28 74
925 -158 2 28 85
926 -68 2 28 88
927 -140 2 28 89
928 22 2 28 103
929 -70 2 28 104
930 -96 2 28 111
931 -54 2 28 113
932 -56 2 28 118
933 86 2 28 120
934 -86 2 28 124
935 8 2 28 127
936 72 2 28 139
937 114 2 28 140
938 170 2 28 157
939 -132 2 28 158
940 10 2 28 163
941 40 2 28 176
942 -176 2 28 189
943 20 2 28 201
944 182 2 28 203
945 -94 2 28 206
946 112 2 28 213
947 -46 2 28 230
948 50 2 28 245
949 -10 2 29 45
950 -24 2 29 53
951 -110 2 29 72
952 28 2 29 98
953 -108 2 29 120
954 -194 2 29 131
955 194 2 29 134
956 -52 2 29 147
957 94 2 29 155
958 -8 2 29 160
959 -124 2 29 178
960 -94 2 29 181
961 -8 2 29 183
962 162 2 29 193
963 86 2 29 217
964 -66 2 29 224
965 114 2 29 232
966 12 2 29 237
967 2 2 30 33
968 -14 2 30 48
969 30 2 30 54
970 -82 2 30 98
971 108 2 30 110
972 -184 2 30 117
973 44 2 30 119
974 114 2 30 120
975 60 2 30 129
976 56 2 30 142
977 -60 2 30 143
978 -16 2 30 160
979 -88 2 30 174
980 30 2 30 185
981 -158 2 30 205
982 -52 2 30 219
983 150 2 30 222
984 -2 2 30 223
985 -146 2 30 232
986 -104 2 31 32
987 102 2 31 33
988 34 2 31 43
989 -142 2 31 100
990 156 2 31 101
991 164 2 31 105
992 76 2 31 108
993 -96 2 31 115
994 -18 2 31 119
995 112 2 31 121
996 -140 2 31 126
997 -164 2 31 144
998 42 2 31 146
999 54 2 31 160
1000 110 2 31 165
1001 -118 2 31 168
1002 152 2 31 177
1003 -64 2 31 179
1004 -84 2 31 191
1005 124 2 31 212
1006 -80 2 31 214
1007 30 2 31 221
1008 -74 2 31 237
1009 -194 2 31 241
1010 -194 2 31 243
1011 -24 2 31 245
1012 -62 2 32 38
1013 154 2 32 46
1014 -88 2 32 58
1015 184 2 32 60
1016 -12 2 32 73
1017 -154 2 32 76
1018 128 2 32 115
1019 -98 2 32 125
1020 -148 2 32 132
1021 132 2 32 133
1022 6 2 32 135
1023 144 2 32 155
1024 -2 2 32 185
1025 74 2 32 196
1026 -156 2 32 203
1027 -14 2 32 213
1028 162 2 32 225
1029 126 2 32 227
1030 174 2 32 230
1031 140 2 32 240
1032 8 2 33 35
1033 -74 2 33 37
1034 18 2 33 46
1035 184 2 33 49
1036 -68 2 33 71
1037 -122 2 33 73
1038 66 2 33 81
1039 28 2 33 88
1040 -16 2 33 98
1041 -154 2 33 106
1042 192 2 33 123
1043 -44 2 33 154
1044 162 2 33 155
1045 -104 2 33 161
1046 180 2 33 177
1047 26 2 33 178
1048 6 2 33 191
1049 -10 2 33 201
1050 -120 2 33 206
1051 58 2 33 247
1052 -34 2 34 42
1053 -140 2 34 43
1054 192 2 34 48
1055 -16 2 34 53
1056 104 2 34 84
1057 -108 2 34 107
1058 -76 2 34 113
1059 -122 2 34 116
1060 70 2 34 118
1061 160 2 34 120
1062 -52 2 34 131
1063 198 2 34 142
1064 -174 2 34 153
1065 4 2 34 167
1066 -138 2 34 177
1067 38 2 34 196
1068 -18 2 34 199
1069 74 2 34 204
1070 172 2 34 214
1071 178 2 34 219
1072 106 2 34 238
1073 138 2 34 245
1074 146 2 34 248
1075 188 2 35 37
1076 110 2 35 96
1077 -16 2 35 115
1078 -40 2 35 122
1079 172 2 35 128
1080 -16 2 35 130
1081 -142 2 35 138
1082 46 2 35 145
1083 44 2 35 151
1084 52 2 35 155
1085 152 2 35 160
1086 36 2 35 163
1087 50 2 35 166
1088 136 2 35 177
1089 -34 2 35 182
1090 -22 2 35 184
1091 -136 2 35 194
1092 6 2 35 207
1093 156 2 35 216
1094 -152 2 35 231
1095 -22 2 35 234
1096 -42 2 35 239
1097 166 2 36 40
1098 -184 2 36 48
1099 -74 2 36 56
1100 -120 2 36 68
1101 -56 2 36 71
1102 12 2 36 73
1103 -172 2 36 87
1104 -66 2 36 105
1105 178 2 36 107
1106 -194 2 36 126
1107 72 2 36 137
1108 150 2 36 144
1109 -126 2 36 165
1110 -74 2 36 171
1111 110 2 36 190
1112 -168 2 36 194
1113 -22 2 36 195
1114 -176 2 36 215
1115 2 2 36 217
1116 -176 2 36 220
1117 134 2 36 222
1118 -68 2 36 232
1119 -52 2 36 233
1120 -188 2 36 241
1121 -112 2 36 245
1122 74 2 37 44
1123 -84 2 37 59
1124 -126 2 37 68
1125 198 2 37 73
1126 -144 2 37 84
1127 -146 2 37 94
1128 34 2 37 100
1129 184 2 37 110
1130 196 2 37 123
1131 -108 2 37 124
1132 14 2 37 128
1133 -122 2 37 132
1134 -70 2 37 139
1135 -72 2 37 160
1136 78 2 37 176
1137 190 2 37 186
1138 -106 2 37 188
1139 -64 2 37 196
1140 196 2 37 216
1141 -198 2 37 218
1142 4 2 37 224
1143 -128 2 37 230
1144 180 2 37 238
1145 -128 2 37 240
1146 -16 2 37 244
1147 100 2 38 48
1148 -36 2 38 54
1149 -194 2 38 91
1150 70 2 38 93
1151 -72 2 38 94
1152 104 2 38 106
1153 150 2 38 112
1154 -146 2 38 114
1155 -12 2 38 125
1156 176 2 38 132
1157 -196 2 38 158
1158 22 2 38 173
1159 -144 2 38 179
1160 -14 2 38 190
1161 132 2 38 191
1162 134 2 38 210
1163 -192 2 38 218
1164 -182 2 38 224
1165 -66 2 38 232
1166 148 2 38 235
1167 -38 2 38 243
1168 -114 2 38 247
1169 -56 2 39 40
1170 -130 2 39 49
1171 -108 2 39 67
1172 -184 2 39 69
1173 12 2 39 74
1174 110 2 39 105
1175 170 2 39 108
1176 -160 2 39 115
1177 80 2 39 150
1178 146 2 39 156
1179 -26 2 39 160
1180 118 2 39 168
1181 30 2 39 187
1182 170 2 40 43
1183 -114 2 40 44
1184 -26 2 40 61
1185 -110 2 40 78
1186 174 2 40 90
1187 200 2 40 92
1188 40 2 40 96
1189 -8 2 40 108
1190 -128 2 40 112
1191 -136 2 40 118
1192 -122 2 40 129
1193 144 2 40 142
1194 -8 2 40 148
1195 -64 2 40 153
1196 -148 2 40 167
1197 -142 2 40 172
1198 -46 2 40 175
1199 -108 2 40 186
1200 152 2 40 195
1201 96 2 40 225
1202 -104 2 40 227
1203 126 2 40 230
1204 -6 2 40 232
1205 -154 2 40 233
1206 176 2 40 236
1207 -56 2 41 43
1208 130 2 41 60
1209 -152 2 41 61
1210 152 2 41 63
1211 74 2 41 87
1212 -182 2 41 94
1213 -156 2 41 110
1214 132 2 41 112
1215 -128 2 41 113
1216 -152 2 41 125
1217 -104 2 41 140
1218 78 2 41 145
1219 116 2 41 155
1220 -196 2 41 158
1221 -98 2 41 159
1222 -126 2 41 160
1223 96 2 41 163
1224 142 2 41 165
1225 188 2 41 204
1226 -186 2 41 205
1227 178 2 41 207
1228 104 2 41 210
1229 -84 2 41 219
1230 -124 2 41 228
1231 108 2 41 234
1232 -48 2 41 242
1233 176 2 41 243
1234 104 2 42 62
1235 -156 2 42 63
1236 76 2 42 65
1237 6 2 42 66
1238 -76 2 42 70
1239 14 2 42 79
1240 -118 2 42 92
1241 174 2 42 93
1242 136 2 42 108
1243 -118 2 42 109
1244 126 2 42 110
1245 -168 2 42 115
1246 -62 2 42 116
1247 102 2 42 135
1248 -56 2 42 149
1249 -54 2 42 152
1250 70 2 42 155
1251 -116 2 42 156
1252 -150 2 42 173
1253 138 2 42 175
1254 98 2 42 193
1255 16 2 42 203
1256 -6 2 42 223
1257 50 2 42 227
1258 118 2 43 49
1259 128 2 43 52
1260 -78 2 43 62
1261 70 2 43 79
1262 -104 2 43 91
1263 174 2 43 115
1264 174 2 43 132
1265 -92 2 43 162
1266 188 2 43 173
1267 18 2 43 180
1268 174 2 43 191
1269 170 2 43 208
1270 98 2 43 216
1271 120 2 43 230
1272 94 2 43 234
1273 102 2 43 236
1274 -76 2 43 240
1275 72 2 43 242
1276 -126 2 43 244
1277 172 2 44 67
1278 -128 2 44 69
1279 104 2 44 76
1280 -34 2 44 85
1281 126 2 44 86
1282 104 2 44 98
1283 -68 2 44 148
1284 -182 2 44 151
1285 -80 2 44 153
1286 150 2 44 170
1287 146 2 44 180
1288 172 2 44 182
1289 92 2 44 189
1290 -64 2 44 194
1291 24 2 44 201
1292 -196 2 44 204
1293 -62 2 44 225
1294 -194 2 44 228
1295 -168 2 44 229
1296 -172 2 44 240
1297 -88 2 44 244
1298 22 2 44 245
1299 52 2 44 250
1300 106 2 45 75
1301 -192 2 45 77
1302 -138 2 45 86
1303 -166 2 45 90
1304 -198 2 45 109
1305 -60 2 45 126
1306 -152 2 45 132
1307 -44 2 45 144
1308 24 2 45 147
1309 118 2 45 149
1310 -34 2 45 159
1311 162 2 45 169
1312 194 2 45 171
1313 -84 2 45 172
1314 -118 2 45 180
1315 -18 2 45 184
1316 116 2 45 187
1317 114 2 45 189
1318 124 2 45 190
1319 96 2 45 195
1320 -196 2 45 203
1321 -60 2 45 207
1322 72 2 45 216
1323 82 2 46 50
1324 192 2 46 59
1325 -12 2 46 66
1326 112 2 46 76
1327 54 2 46 80
1328 -38 2 46 88
1329 120 2 46 93
1330 -160 2 46 99
1331 96 2 46 102
1332 -122 2 46 120
1333 -32 2 46 130
1334 -16 2 46 143
1335 -12 2 46 170
1336 -112 2 46 184
1337 -92 2 46 206
1338 84 2 46 227
1339 42 2 46 234
1340 198 2 47 53
1341 36 2 47 54
1342 -140 2 47 77
1343 148 2 47 93
1344 -58 2 47 109
1345 88 2 47 137
1346 70 2 47 139
1347 -40 2 47 153
1348 -36 2 47 182
1349 -40 2 47 183
1350 -88 2 47 207
1351 -192 2 47 210
1352 -36 2 47 223
1353 -68 2 47 232
1354 170 2 47 234
1355 32 2 47 240
1356 176 2 47 248
1357 178 2 48 53
1358 -122 2 48 59
1359 42 2 48 75
1360 94 2 48 80
1361 -74 2 48 103
1362 -66 2 48 105
1363 160 2 48 118
1364 -128 2 48 123
1365 30 2 48 135
1366 -114 2 48 141
1367 -22 2 48 144
1368 58 2 48 150
1369 -116 2 48 155
1370 190 2 48 156
1371 -36 2 48 161
1372 -158 2 48 169
1373 80 2 48 187
1374 54 2 48 203
1375 -38 2 48 225
1376 -108 2 49 52
1377 -58 2 49 55
1378 98 2 49 61
1379 -112 2 49 62
1380 -44 2 49 69
1381 198 2 49 103
1382 -194 2 49 106
1383 82 2 49 126
1384 -188 2 49 135
1385 136 2 49 137
1386 -90 2 49 141
1387 44 2 49 158
1388 142 2 49 169
1389 56 2 49 172
1390 88 2 49 179
1391 -16 2 49 196
1392 46 2 49 199
1393 -26 2 49 215
1394 -34 2 49 227
1395 122 2 49 237
1396 -104 2 50 54
1397 -86 2 50 63
1398 -12 2 50 75
1399 -174 2 50 84
1400 -172 2 50 98
1401 196 2 50 101
1402 -176 2 50 110
1403 200 2 50 115
1404 -14 2 50 117
1405 -98 2 50 134
1406 82 2 50 135
1407 136 2 50 136
1408 -70 2 50 137
1409 -198 2 50 141
1410 -62 2 50 152
1411 78 2 50 193
1412 -92 2 50 216
1413 -40 2 50 224
1414 -12 2 50 226
1415 -6 2 50 245
1416 -146 2 50 248
1417 -40 2 50 250
1418 -132 2 51 58
1419 -190 2 51 59
1420 -34 2 51 60
1421 -122 2 51 65
1422 -4 2 51 73
1423 196 2 51 81
1424 108 2 51 90
1425 -22 2 51 95
1426 154 2 51 112
1427 -20 2 51 116
1428 186 2 51 118
1429 124 2 51 125
1430 -10 2 51 142
1431 -30 2 51 143
1432 -68 2 51 148
1433 116 2 51 155
1434 -110 2 51 164
1435 158 2 51 168
1436 -180 2 51 182
1437 154 2 51 216
1438 -38 2 51 240
1439 192 2 51 245
1440 -122 2 52 59
1441 -44 2 52 79
1442 190 2 52 89
1443 -90 2 52 104
1444 104 2 52 113
1445 -154 2 52 128
1446 10 2 52 133
1447 -8 2 52 156
1448 -86 2 52 157
1449 -160 2 52 164
1450 122 2 52 178
1451 -74 2 52 190
1452 -50 2 52 199
1453 -98 2 52 205
1454 166 2 52 222
1455 -104 2 52 223
1456 116 2 52 228
1457 190 2 52 230
1458 164 2 52 235
1459 172 2 53 141
1460 2 2 53 153
1461 -194 2 53 167
1462 -188 2 53 172
1463 180 2 53 187
1464 -34 2 53 202
1465 -126 2 53 210
1466 -66 2 53 212
1467 -12 2 53 222
1468 -140 2 53 226
1469 -36 2 53 227
1470 86 2 53 230
1471 -196 2 53 235
1472 64 2 53 245
1473 200 2 54 69
1474 136 2 54 72
1475 -138 2 54 73
1476 -180 2 54 78
1477 16 2 54 81
1478 22 2 54 84
1479 -54 2 54 103
1480 128 2 54 114
1481 -84 2 54 131
1482 -28 2 54 138
1483 60 2 54 143
1484 -112 2 54 147
1485 -124 2 54 148
1486 20 2 54 149
1487 -56 2 54 152
1488 60 2 54 157
1489 -160 2 54 162
1490 138 2 54 171
1491 -170 2 54 184
1492 70 2 54 185
1493 66 2 54 196
1494 20 2 54 217
1495 54 2 54 228
1496 66 2 54 243
1497 162 2 54 247
1498 -196 2 55 62
1499 -56 2 55 65
1500 30 2 55 77
1501 24 2 55 89
1502 -132 2 55 104
1503 114 2 55 105
1504 -102 2 55 117
1505 -122 2 55 121
1506 126 2 55 153
1507 168 2 55 158
1508 -112 2 55 162
1509 174 2 55 171
1510 108 2 55 182
1511 134 2 55 193
1512 -124 2 55 195
1513 10 2 55 198
1514 -160 2 55 207
1515 -2 2 55 219
1516 -156 2 55 220
1517 -36 2 55 228
1518 166 2 55 232
1519 -6 2 55 247
1520 -90 2 55 249
1521 200 2 56 86
1522 -82 2 56 87
1523 -18 2 56 94
1524 46 2 56 97
1525 160 2 56 108
1526 -110 2 56 117
1527 164 2 56 118
1528 -2 2 56 151
1529 164 2 56 155
1530 58 2 56 156
1531 152 2 56 161
1532 90 2 56 164
1533 -190 2 56 165
1534 -192 2 56 172
1535 2 2 56 183
1536 28 2 56 188
1537 166 2 56 196
1538 86 2 56 197
1539 -130 2 56 211
1540 -120 2 56 218
1541 130 2 56 222
1542 152 2 56 235
1543 76 2 56 236
1544 112 2 56 241
1545 -96 2 56 245
1546 -194 2 56 246
1547 194 2 57 68
1548 8 2 57 90
1549 128 2 57 105
1550 8 2 57 127
1551 90 2 57 130
1552 -94 2 57 139
1553 -194 2 57 140
1554 188 2 57 146
1555 116 2 57 157
1556 -34 2 57 173
1557 -12 2 57 178
1558 -74 2 57 179
1559 -122 2 57 182
1560 -176 2 57 193
1561 126 2 57 203
1562 140 2 57 227
1563 -150 2 58 69
1564 -96 2 58 73
1565 -106 2 58 79
1566 134 2 58 80
1567 -186 2 58 87
1568 192 2 58 94
1569 90 2 58 101
1570 -166 2 58 119
1571 -34 2 58 129
1572 -120 2 58 161
1573 156 2 58 204
1574 -188 2 58 209
1575 182 2 58 214
1576 -54 2 58 217
1577 -94 2 58 248
1578 26 2 58 250
1579 -20 2 59 63
1580 138 2 59 65
1581 196 2 59 87
1582 -150 2 59 90
1583 154 2 59 94
1584 -176 2 59 107
1585 122 2 59 113
1586 112 2 59 136
1587 -20 2 59 156
1588 26 2 59 195
1589 26 2 59 197
1590 134 2 59 208
1591 -34 2 59 211
1592 118 2 59 212
1593 100 2 59 216
1594 -154 2 59 217
1595 -100 2 59 226
1596 -24 2 59 229
1597 -4 2 60 83
1598 166 2 60 92
1599 134 2 60 104
1600 150 2 60 106
1601 -28 2 60 137
1602 -142 2 60 150
1603 -4 2 60 163
1604 -182 2 60 183
1605 -126 2 60 186
1606 -74 2 60 194
1607 -132 2 60 201
1608 -100 2 60 210
1609 82 2 61 72
1610 -132 2 61 73
1611 -192 2 61 83
1612 -152 2 61 85
1613 12 2 61 100
1614 140 2 61 111
1615 114 2 61 120
1616 -184 2 61 167
1617 -12 2 61 187
1618 24 2 61 188
1619 138 2 61 213
1620 144 2 61 217
1621 -50 2 61 226
1622 170 2 61 227
1623 -166 2 61 230
1624 -154 2 62 64
1625 -64 2 62 88
1626 142 2 62 101
1627 172 2 62 113
1628 -182 2 62 114
1629 -188 2 62 116
1630 -6 2 62 122
1631 -138 2 62 127
1632 82 2 62 135
1633 132 2 62 139
1634 130 2 62 170
1635 174 2 62 179
1636 22 2 62 186
1637 -182 2 62 189
1638 -66 2 62 198
1639 108 2 62 214
1640 20 2 62 221
1641 68 2 62 231
1642 38 2 62 232
1643 -18 2 62 235
1644 -88 2 62 239
1645 -14 2 63 71
1646 182 2 63 73
1647 28 2 63 87
1648 108 2 63 89
1649 36 2 63 99
1650 -22 2 63 115
1651 172 2 63 123
1652 -106 2 63 129
1653 144 2 63 133
1654 40 2 63 137
1655 2 2 63 141
1656 -70 2 63 152
1657 198 2 63 165
1658 -68 2 63 166
1659 -112 2 63 196
1660 90 2 63 202
1661 -82 2 63 204
1662 102 2 63 212
1663 182 2 63 215
1664 50 2 63 228
1665 102 2 63 234
1666 -4 2 63 236
1667 -176 2 63 242
1668 166 2 63 243
1669 -92 2 64 67
1670 -94 2 64 69
1671 -158 2 64 94
1672 134 2 64 95
1673 -64 2 64 105
1674 66 2 64 125
1675 -178 2 64 132
1676 -84 2 64 134
1677 8 2 64 138
1678 148 2 64 169
1679 52 2 64 174
1680 -64 2 64 178
1681 146 2 64 204
1682 30 2 64 206
1683 -96 2 64 210
1684 -48 2 64 225
1685 166 2 64 235
1686 -12 2 65 76
1687 104 2 65 82
1688 22 2 65 94
1689 182 2 65 155
1690 -148 2 65 165
1691 10 2 65 183
1692 -176 2 65 206
1693 -60 2 65 231
1694 70 2 65 237
1695 132 2 66 85
1696 -134 2 66 89
1697 -38 2 66 93
1698 -36 2 66 109
1699 -48 2 66 129
1700 -26 2 66 143
1701 32 2 66 156
1702 186 2 66 158
1703 168 2 66 167
1704 78 2 66 168
1705 -32 2 66 180
1706 154 2 66 192
1707 -58 2 66 200
1708 170 2 66 201
1709 -26 2 66 204
1710 198 2 66 218
1711 188 2 66 224
1712 82 2 66 225
1713 50 2 66 226
1714 -120 2 66 230
1715 164 2 67 72
1716 -84 2 67 75
1717 -198 2 67 91
1718 -50 2 67 103
1719 -6 2 67 127
1720 98 2 67 135
1721 -120 2 67 142
1722 -124 2 67 162
1723 -72 2 67 163
1724 56 2 67 167
1725 -20 2 67 176
1726 -54 2 67 181
1727 -40 2 67 197
1728 36 2 67 202
1729 -158 2 67 212
1730 28 2 67 237
1731 -96 2 67 241
1732 30 2 67 245
1733 122 2 67 250
1734 70 2 68 79
1735 36 2 68 84
1736 160 2 68 105
1737 52 2 68 110
1738 18 2 68 115
1739 -140 2 68 117
1740 -108 2 68 118
1741 80 2 68 126
1742 94 2 68 140
1743 -6 2 68 148
1744 162 2 68 165
1745 28 2 68 180
1746 -4 2 68 188
1747 -184 2 68 192
1748 -68 2 68 203
1749 -40 2 68 213
1750 136 2 68 215
1751 -10 2 68 216
1752 -150 2 68 218
1753 48 2 68 239
1754 -164 2 69 76
1755 176 2 69 84
1756 -196 2 69 91
1757 156 2 69 108
1758 -196 2 69 117
1759 -126 2 69 125
1760 -86 2 69 132
1761 8 2 69 143
1762 126 2 69 151
1763 132 2 69 167
1764 -162 2 69 169
1765 -116 2 69 192
1766 -40 2 69 193
1767 -24 2 69 200
1768 -86 2 69 220
1769 -24 2 69 228
1770 -74 2 69 237
1771 -134 2 69 238
1772 156 2 70 77
1773 4 2 70 85
1774 -166 2 70 90
1775 -62 2 70 99
1776 -66 2 70 113
1777 2 2 70 128
1778 -196 2 70 133
1779 122 2 70 176
1780 120 2 70 187
1781 118 2 70 201
1782 -176 2 70 205
1783 -146 2 70 216
1784 36 2 70 235
1785 -192 2 71 89
1786 158 2 71 98
1787 -190 2 71 107
1788 158 2 71 120
1789 46 2 71 122
1790 -142 2 71 125
1791 -52 2 71 141
1792 48 2 71 142
1793 -24 2 71 145
1794 52 2 71 173
1795 -26 2 71 178
1796 138 2 71 183
1797 64 2 71 187
1798 -94 2 71 189
1799 52 2 71 193
1800 4 2 71 207
1801 68 2 71 211
1802 -54 2 71 226
1803 -132 2 71 236
1804 -148 2 71 246
1805 -66 2 71 247
1806 144 2 72 81
1807 -114 2 72 82
1808 84 2 72 83
1809 170 2 72 87
1810 50 2 72 104
1811 -40 2 72 108
1812 -160 2 72 109
1813 -92 2 72 124
1814 188 2 72 135
1815 -144 2 72 143
1816 -80 2 72 147
1817 150 2 72 171
1818 14 2 72 185
1819 90 2 72 191
1820 178 2 72 196
1821 10 2 72 216
1822 186 2 72 224
1823 16 2 72 228
1824 -102 2 73 74
1825 110 2 73 77
1826 -76 2 73 83
1827 -120 2 73 93
1828 200 2 73 106
1829 84 2 73 114
1830 -158 2 73 142
1831 10 2 73 175
1832 -32 2 73 176
1833 120 2 73 184
1834 108 2 73 189
1835 -96 2 73 196
1836 156 2 73 204
1837 178 2 73 214
1838 -180 2 73 224
1839 -100 2 73 226
1840 -24 2 73 229
1841 -88 2 73 236
1842 194 2 73 247
1843 194 2 74 91
1844 -102 2 74 95
1845 42 2 74 100
1846 126 2 74 107
1847 124 2 74 115
1848 64 2 74 152
1849 -128 2 74 170
1850 88 2 74 175
1851 -38 2 74 180
1852 -188 2 74 186
1853 148 2 74 194
1854 184 2 74 208
1855 76 2 74 212
1856 64 2 74 228
1857 110 2 74 241
1858 -128 2 74 249
1859 86 2 75 89
1860 80 2 75 96
1861 -58 2 75 105
1862 74 2 75 115
1863 -112 2 75 131
1864 -32 2 75 138
1865 194 2 75 151
1866 182 2 75 181
1867 18 2 75 185
1868 34 2 75 188
1869 -66 2 75 189
1870 146 2 75 192
1871 166 2 75 238
1872 -180 2 76 88
1873 126 2 76 92
1874 -142 2 76 93
1875 102 2 76 99
1876 -12 2 76 108
1877 -4 2 76 113
1878 192 2 76 128
1879 158 2 76 129
1880 -162 2 76 132
1881 166 2 76 134
1882 190 2 76 148
1883 -24 2 76 150
1884 132 2 76 156
1885 140 2 76 157
1886 -82 2 76 167
1887 134 2 76 170
1888 122 2 76 188
1889 -40 2 76 190
1890 -122 2 76 198
1891 -58 2 76 205
1892 -120 2 76 206
1893 -146 2 76 216
1894 172 2 76 233
1895 -22 2 76 239
1896 38 2 76 242
1897 96 2 76 244
1898 40 2 77 81
1899 -198 2 77 112
1900 -124 2 77 115
1901 -70 2 77 117
1902 140 2 77 140
1903 -150 2 77 141
1904 -32 2 77 148
1905 -52 2 77 161
1906 -188 2 77 163
1907 -152 2 77 165
1908 -176 2 77 172
1909 24 2 77 185
1910 178 2 77 187
1911 -192 2 77 190
1912 -4 2 77 215
1913 74 2 78 95
1914 60 2 78 100
1915 -116 2 78 101
1916 8 2 78 122
1917 -80 2 78 128
1918 -116 2 78 141
1919 -126 2 78 168
1920 180 2 78 171
1921 -188 2 78 176
1922 104 2 78 177
1923 -152 2 78 188
1924 -182 2 78 204
1925 64 2 78 210
1926 2 2 78 217
1927 -72 2 78 222
1928 -2 2 78 235
1929 184 2 78 248
1930 174 2 78 250
1931 60 2 79 88
1932 -6 2 79 118
1933 -26 2 79 119
1934 56 2 79 120
1935 162 2 79 121
1936 -10 2 79 129
1937 -20 2 79 138
1938 -6 2 79 148
1939 -106 2 79 171
1940 156 2 79 172
1941 122 2 79 175
1942 154 2 79 189
1943 -132 2 79 206
1944 114 2 79 232
1945 46 2 79 234
1946 132 2 79 243
1947 98 2 80 92
1948 -126 2 80 132
1949 74 2 80 139
1950 112 2 80 146
1951 100 2 80 147
1952 -184 2 80 151
1953 -116 2 80 156
1954 -130 2 80 159
1955 -62 2 80 163
1956 -164 2 80 169
1957 -172 2 80 171
1958 -116 2 80 172
1959 -90 2 80 184
1960 -136 2 80 186
1961 -188 2 80 193
1962 178 2 80 195
1963 -26 2 80 196
1964 -60 2 80 216
1965 -164 2 80 221
1966 58 2 81 86
1967 30 2 81 91
1968 -66 2 81 95
1969 102 2 81 101
1970 -88 2 81 104
1971 98 2 81 117
1972 -152 2 81 123
1973 -74 2 81 128
1974 178 2 81 144
1975 -100 2 81 147
1976 124 2 81 168
1977 140 2 81 171
1978 -4 2 81 183
1979 36 2 81 198
1980 182 2 81 214
1981 184 2 81 215
1982 58 2 81 234
1983 162 2 81 240
1984 -160 2 81 246
1985 166 2 82 84
1986 -2 2 82 88
1987 22 2 82 89
1988 84 2 82 93
1989 -130 2 82 94
1990 154 2 82 97
1991 86 2 82 101
1992 14 2 82 115
1993 60 2 82 125
1994 120 2 82 128
1995 142 2 82 136
1996 148 2 82 165
1997 122 2 82 180
1998 156 2 82 186
1999 -56 2 82 208
2000 -24 2 82 212
2001 -180 2 82 215
2002 -140 2 82 219
2003 -32 2 82 229
2004 54 2 82 230
2005 -20 2 82 238
2006 -136 2 82 239
2007 24 2 82 240
2008 -66 2 82 246
2009 -74 2 83 117
2010 14 2 83 135
2011 -30 2 83 146
2012 84 2 83 156
2013 -176 2 83 159
2014 118 2 83 166
2015 56 2 83 170
2016 -54 2 83 175
2017 10 2 83 206
2018 -116 2 83 209
2019 122 2 83 213
2020 -94 2 83 228
2021 138 2 83 230
2022 -86 2 83 236
2023 -182 2 84 95
2024 126 2 84 120
2025 -54 2 84 132
2026 194 2 84 162
2027 -70 2 84 197
2028 -38 2 84 203
2029 40 2 84 208
2030 -20 2 84 212
2031 38 2 84 237
2032 32 2 84 245
2033 164 2 85 87
2034 178 2 85 108
2035 -12 2 85 112
2036 -138 2 85 133
2037 190 2 85 142
2038 14 2 85 146
2039 196 2 85 174
2040 170 2 85 179
2041 -132 2 85 180
2042 40 2 85 183
2043 144 2 85 184
2044 176 2 85 187
2045 72 2 85 228
2046 -24 2 85 233
2047 90 2 85 242
2048 160 2 85 246
2049 -70 2 86 88
2050 -152 2 86 93
2051 -2 2 86 107
2052 -40 2 86 132
2053 -174 2 86 135
2054 -118 2 86 136
2055 -188 2 86 140
2056 138 2 86 167
2057 30 2 86 169
2058 192 2 86 172
2059 180 2 86 204
2060 -28 2 86 223
2061 56 2 86 231
2062 -148 2 87 90
2063 -68 2 87 110
2064 -12 2 87 112
2065 186 2 87 136
2066 102 2 87 145
2067 56 2 87 146
2068 80 2 87 151
2069 -46 2 87 163
2070 154 2 87 178
2071 188 2 87 194
2072 -110 2 87 205
2073 118 2 87 213
2074 -130 2 87 225
2075 -158 2 87 230
2076 -198 2 87 233
2077 168 2 87 234
2078 -42 2 88 98
2079 168 2 88 105
2080 -82 2 88 112
2081 60 2 88 117
2082 180 2 88 126
2083 -108 2 88 129
2084 -14 2 88 134
2085 -196 2 88 154
2086 -146 2 88 161
2087 34 2 88 162
2088 -102 2 88 181
2089 -188 2 88 216
2090 6 2 88 221
2091 -90 2 88 228
2092 16 2 88 243
2093 102 2 89 90
2094 98 2 89 95
2095 192 2 89 97
2096 -88 2 89 119
2097 56 2 89 127
2098 -82 2 89 131
2099 148 2 89 140
2100 142 2 89 142
2101 146 2 89 145
2102 68 2 89 147
2103 82 2 89 152
2104 186 2 89 171
2105 -22 2 89 180
2106 -188 2 89 194
2107 178 2 89 197
2108 -100 2 89 201
2109 78 2 89 214
2110 -80 2 89 226
2111 172 2 89 228
2112 24 2 90 97
2113 -48 2 90 99
2114 -118 2 90 105
2115 48 2 90 142
2116 -30 2 90 148
2117 90 2 90 177
2118 -18 2 90 178
2119 148 2 90 193
2120 30 2 90 194
2121 -162 2 90 206
2122 -90 2 90 220
2123 34 2 90 232
2124 82 2 91 136
2125 -188 2 91 149
2126 86 2 91 170
2127 68 2 91 174
2128 -30 2 91 179
2129 32 2 91 183
2130 -88 2 91 186
2131 58 2 91 191
2132 -112 2 91 205
2133 8 2 91 214
2134 98 2 91 225
2135 62 2 91 246
2136 28 2 92 93
2137 150 2 92 95
2138 -172 2 92 103
2139 60 2 92 107
2140 142 2 92 110
2141 54 2 92 120
2142 68 2 92 121
2143 -40 2 92 132
2144 -114 2 92 140
2145 40 2 92 151
2146 -68 2 92 168
2147 126 2 92 171
2148 70 2 92 182
2149 -160 2 92 186
2150 -134 2 92 198
2151 154 2 92 200
2152 -194 2 92 207
2153 86 2 92 208
2154 -86 2 92 222
2155 -114 2 92 224
2156 -28 2 93 95
2157 192 2 93 109
2158 -76 2 93 115
2159 114 2 93 124
2160 -2 2 93 128
2161 164 2 93 129
2162 192 2 93 130
2163 50 2 93 141
2164 22 2 93 142
2165 -80 2 93 152
2166 124 2 93 161
2167 -156 2 93 167
2168 150 2 93 182
2169 124 2 93 194
2170 -104 2 93 200
2171 -134 2 93 209
2172 4 2 93 212
2173 -188 2 93 232
2174 -6 2 94 101
2175 -118 2 94 103
2176 -174 2 94 119
2177 42 2 94 126
2178 56 2 94 130
2179 -196 2 94 154
2180 -130 2 94 168
2181 188 2 94 176
2182 -122 2 94 185
2183 -72 2 94 191
2184 -182 2 94 207
2185 -82 2 94 213
2186 -40 2 94 226
2187 106 2 94 235
2188 70 2 94 241
2189 140 2 94 244
2190 -50 2 95 132
2191 56 2 95 142
2192 18 2 95 156
2193 -186 2 95 161
2194 -170 2 95 169
2195 -32 2 95 172
2196 152 2 95 174
2197 130 2 95 182
2198 -22 2 95 186
2199 -180 2 95 213
2200 134 2 95 223
2201 88 2 95 236
2202 150 2 95 239
2203 166 2 95 243
2204 -170 2 95 247
2205 -178 2 96 101
2206 162 2 96 103
2207 -162 2 96 112
2208 -50 2 96 118
2209 -140 2 96 122
2210 -100 2 96 142
2211 96 2 96 155
2212 -24 2 96 168
2213 -178 2 96 178
2214 -160 2 96 182
2215 -66 2 96 187
2216 144 2 96 192
2217 112 2 96 193
2218 -114 2 96 195
2219 -124 2 96 211
2220 48 2 96 246
2221 -122 2 96 249
2222 44 2 97 101
2223 -104 2 97 126
2224 -140 2 97 133
2225 170 2 97 137
2226 66 2 97 139
2227 120 2 97 143
2228 -110 2 97 163
2229 100 2 97 165
2230 -98 2 97 169
2231 -42 2 97 170
2232 170 2 97 174
2233 130 2 97 175
2234 -174 2 97 186
2235 -150 2 97 188
2236 112 2 97 210
2237 -56 2 97 211
2238 -182 2 97 212
2239 196 2 97 220
2240 -160 2 97 221
2241 72 2 97 246
2242 132 2 97 247
2243 2 2 98 105
2244 -160 2 98 106
2245 92 2 98 112
2246 -76 2 98 117
2247 -80 2 98 133
2248 98 2 98 140
2249 74 2 98 145
2250 -162 2 98 164
2251 -8 2 98 169
2252 198 2 98 174
2253 96 2 98 179
2254 98 2 98 190
2255 94 2 98 194
2256 -64 2 98 198
2257 198 2 98 200
2258 180 2 98 202
2259 172 2 99 112
2260 110 2 99 119
2261 -44 2 99 123
2262 88 2 99 125
2263 -108 2 99 136
2264 -22 2 99 137
2265 108 2 99 161
2266 -38 2 99 163
2267 -32 2 99 169
2268 -82 2 99 196
2269 114 2 99 200
2270 40 2 99 201
2271 -150 2 99 203
2272 -198 2 99 209
2273 -162 2 99 225
2274 -110 2 99 227
2275 24 2 99 230
2276 172 2 99 235
2277 122 2 99 245
2278 -4 2 99 248
2279 -126 2 100 102
2280 -148 2 100 107
2281 -16 2 100 118
2282 -156 2 100 128
2283 132 2 100 129
2284 128 2 100 134
2285 90 2 100 137
2286 168 2 100 147
2287 -172 2 100 148
2288 164 2 100 149
2289 60 2 100 163
2290 -60 2 100 195
2291 86 2 100 227
2292 20 2 100 245
2293 50 2 101 102
2294 74 2 101 103
2295 -158 2 101 111
2296 70 2 101 120
2297 88 2 101 137
2298 76 2 101 142
2299 -146 2 101 149
2300 -190 2 101 152
2301 -134 2 101 156
2302 -196 2 101 183
2303 38 2 101 195
2304 72 2 101 201
2305 -198 2 101 205
2306 -132 2 101 212
2307 10 2 101 230
2308 -44 2 101 234
2309 162 2 101 237
2310 166 2 101 242
2311 -152 2 101 244
2312 -40 2 102 115
2313 134 2 102 121
2314 -74 2 102 127
2315 -152 2 102 134
2316 92 2 102 177
2317 104 2 102 187
2318 -44 2 102 194
2319 116 2 102 211
2320 -74 2 102 220
2321 174 2 102 236
2322 100 2 103 125
2323 -108 2 103 127
2324 176 2 103 129
2325 -92 2 103 130
2326 62 2 103 141
2327 146 2 103 162
2328 -180 2 103 163
2329 -140 2 103 167
2330 -140 2 103 171
2331 -136 2 103 178
2332 -54 2 103 183
2333 30 2 103 198
2334 -36 2 103 203
2335 20 2 103 207
2336 -198 2 103 210
2337 138 2 103 211
2338 -150 2 103 213
2339 -78 2 103 223
2340 -48 2 103 227
2341 134 2 103 232
2342 -164 2 103 236
2343 132 2 103 248
2344 28 2 104 107
2345 -92 2 104 108
2346 20 2 104 111
2347 -32 2 104 112
2348 -160 2 104 119
2349 -140 2 104 133
2350 -64 2 104 146
2351 50 2 104 165
2352 2 2 104 168
2353 -48 2 104 171
2354 58 2 104 175
2355 -24 2 104 181
2356 -132 2 104 196
2357 -52 2 104 202
2358 -174 2 104 207
2359 -114 2 104 215
2360 108 2 104 218
2361 -182 2 104 222
2362 176 2 104 230
2363 -42 2 104 242
2364 -10 2 104 248
2365 -60 2 105 133
2366 10 2 105 135
2367 134 2 105 137
2368 6 2 105 138
2369 -186 2 105 142
2370 178 2 105 168
2371 132 2 105 169
2372 -136 2 105 204
2373 -148 2 105 206
2374 -32 2 105 218
2375 30 2 105 234
2376 52 2 105 235
2377 150 2 105 242
2378 -136 2 105 243
2379 -82 2 105 245
2380 -182 2 106 110
2381 -170 2 106 134
2382 168 2 106 137
2383 122 2 106 152
2384 -90 2 106 154
2385 -58 2 106 155
2386 126 2 106 159
2387 -102 2 106 161
2388 -96 2 106 165
2389 -94 2 106 232
2390 -176 2 106 238
2391 -186 2 107 126
2392 114 2 107 132
2393 -32 2 107 136
2394 -56 2 107 156
2395 -50 2 107 157
2396 182 2 107 162
2397 142 2 107 167
2398 144 2 107 190
2399 -118 2 107 191
2400 -178 2 107 211
2401 -118 2 107 228
2402 52 2 107 230
2403 -126 2 107 231
2404 -110 2 107 235
2405 96 2 108 110
2406 -88 2 108 115
2407 -154 2 108 138
2408 -78 2 108 140
2409 150 2 108 149
2410 142 2 108 154
2411 102 2 108 157
2412 34 2 108 160
2413 -44 2 108 162
2414 -134 2 108 181
2415 180 2 108 184
2416 174 2 108 195
2417 30 2 108 205
2418 -172 2 108 218
2419 -146 2 108 235
2420 -92 2 108 239
2421 -126 2 108 243
2422 196 2 108 247
2423 -20 2 109 161
2424 -32 2 109 171
2425 112 2 109 173
2426 -174 2 109 178
2427 184 2 109 181
2428 -84 2 109 183
2429 -98 2 109 187
2430 50 2 109 188
2431 18 2 109 193
2432 -122 2 109 208
2433 -128 2 109 210
2434 170 2 109 221
2435 174 2 109 226
2436 20 2 109 229
2437 -122 2 109 236
2438 126 2 109 250
2439 200 2 110 120
2440 -146 2 110 127
2441 12 2 110 131
2442 174 2 110 132
2443 58 2 110 136
2444 -64 2 110 139
2445 126 2 110 140
2446 -56 2 110 156
2447 -26 2 110 157
2448 2 2 110 166
2449 -126 2 110 179
2450 -36 2 110 181
2451 -2 2 110 183
2452 -118 2 110 187
2453 -186 2 110 202
2454 88 2 110 206
2455 -70 2 110 210
2456 -8 2 110 214
2457 -118 2 110 242
2458 -144 2 111 137
2459 42 2 111 142
2460 -32 2 111 143
2461 -40 2 111 163
2462 84 2 111 171
2463 32 2 111 174
2464 -24 2 111 178
2465 10 2 111 184
2466 -108 2 111 185
2467 70 2 111 194
2468 4 2 111 196
2469 -134 2 111 201
2470 -150 2 111 207
2471 60 2 111 217
2472 -96 2 111 224
2473 86 2 111 235
2474 12 2 112 116
2475 38 2 112 118
2476 -20 2 112 120
2477 88 2 112 128
2478 -188 2 112 132
2479 -8 2 112 151
2480 38 2 112 162
2481 -196 2 112 171
2482 -152 2 112 174
2483 150 2 112 189
2484 154 2 112 200
2485 -124 2 112 202
2486 -86 2 112 206
2487 40 2 112 245
2488 -136 2 113 132
2489 80 2 113 146
2490 -120 2 113 155
2491 140 2 113 161
2492 -128 2 113 215
2493 14 2 113 216
2494 188 2 113 224
2495 -30 2 113 232
2496 58 2 114 118
2497 -52 2 114 121
2498 34 2 114 122
2499 -188 2 114 134
2500 66 2 114 137
2501 48 2 114 146
2502 14 2 114 172
2503 186 2 114 173
2504 16 2 114 177
2505 16 2 114 179
2506 -142 2 114 195
2507 -106 2 114 199
2508 104 2 114 203
2509 70 2 114 211
2510 154 2 114 217
2511 -102 2 114 243
2512 -32 2 114 245
2513 34 2 115 127
2514 -106 2 115 154
2515 -182 2 115 183
2516 26 2 115 191
2517 -26 2 115 218
2518 -186 2 115 221
2519 -158 2 115 222
2520 62 2 115 240
2521 170 2 115 242
2522 24 2 115 247
2523 70 2 116 146
2524 162 2 116 149
2525 -198 2 116 154
2526 78 2 116 159
2527 64 2 116 164
2528 100 2 116 166
2529 -56 2 116 167
2530 136 2 116 185
2531 200 2 116 189
2532 150 2 116 201
2533 104 2 116 222
2534 -72 2 116 226
2535 54 2 116 237
2536 -180 2 116 247
2537 40 2 117 126
2538 -62 2 117 137
2539 64 2 117 145
2540 -134 2 117 151
2541 -182 2 117 152
2542 -64 2 117 156
2543 158 2 117 161
2544 -112 2 117 185
2545 108 2 117 200
2546 -186 2 117 206
2547 -88 2 117 208
2548 -192 2 117 214
2549 -14 2 117 227
2550 -32 2 117 234
2551 -42 2 117 238
2552 -44 2 118 140
2553 76 2 118 143
2554 -190 2 118 154
2555 -180 2 118 171
2556 104 2 118 179
2557 24 2 118 182
2558 154 2 118 185
2559 160 2 118 191
2560 178 2 118 201
2561 -46 2 118 206
2562 140 2 118 208
2563 -66 2 118 211
2564 196 2 118 221
2565 -34 2 118 227
2566 -28 2 118 228
2567 -134 2 118 232
2568 -188 2 118 245
2569 -52 2 119 141
2570 -2 2 119 162
2571 174 2 119 173
2572 106 2 119 174
2573 52 2 119 181
2574 102 2 119 185
2575 68 2 119 186
2576 -6 2 119 216
2577 198 2 119 217
2578 -174 2 119 221
2579 172 2 119 225
2580 58 2 119 239
2581 152 2 119 245
2582 -160 2 120 129
2583 -8 2 120 132
2584 -116 2 120 136
2585 72 2 120 147
2586 48 2 120 150
2587 6 2 120 152
2588 -162 2 120 159
2589 -30 2 120 162
2590 -182 2 120 167
2591 52 2 120 176
2592 -118 2 120 178
2593 -168 2 120 191
2594 168 2 120 198
2595 -166 2 120 231
2596 90 2 120 233
2597 -46 2 120 247
2598 122 2 121 129
2599 -36 2 121 141
2600 96 2 121 154
2601 106 2 121 156
2602 8 2 121 158
2603 -124 2 121 172
2604 52 2 121 187
2605 -74 2 121 218
2606 -112 2 121 227
2607 62 2 121 228
2608 164 2 121 229
2609 -74 2 121 245
2610 -80 2 122 143
2611 118 2 122 148
2612 194 2 122 179
2613 -122 2 122 182
2614 86 2 122 194
2615 58 2 122 198
2616 -196 2 122 208
2617 -12 2 122 211
2618 -158 2 122 213
2619 -84 2 122 226
2620 -44 2 122 228
2621 104 2 122 245
2622 20 2 123 140
2623 18 2 123 152
2624 -186 2 123 169
2625 150 2 123 180
2626 46 2 123 197
2627 -182 2 123 215
2628 138 2 123 223
2629 -46 2 123 224
2630 -132 2 123 225
2631 -30 2 123 229
2632 -16 2 123 238
2633 82 2 123 243
2634 54 2 123 246
2635 140 2 124 130
2636 -58 2 124 139
2637 -6 2 124 142
2638 -176 2 124 156
2639 44 2 124 166
2640 -184 2 124 173
2641 4 2 124 208
2642 -168 2 124 213
2643 140 2 124 220
2644 58 2 124 241
2645 18 2 124 246
2646 42 2 125 171
2647 -22 2 125 181
2648 -136 2 125 199
2649 90 2 125 202
2650 -40 2 125 209
2651 -76 2 125 215
2652 -138 2 125 241
2653 2 2 126 131
2654 -116 2 126 142
2655 -170 2 126 144
2656 70 2 126 145
2657 10 2 126 152
2658 -116 2 126 175
2659 -86 2 126 187
2660 66 2 126 190
2661 -114 2 126 191
2662 134 2 126 194
2663 196 2 126 195
2664 -146 2 126 203
2665 188 2 126 208
2666 -58 2 126 212
2667 104 2 126 215
2668 -84 2 126 223
2669 24 2 126 234
2670 -106 2 126 235
2671 40 2 126 243
2672 138 2 127 128
2673 154 2 127 152
2674 -10 2 127 166
2675 170 2 127 169
2676 -170 2 127 200
2677 168 2 127 217
2678 -182 2 127 218
2679 70 2 127 227
2680 56 2 127 235
2681 164 2 127 240
2682 112 2 127 246
2683 146 2 128 129
2684 98 2 128 131
2685 26 2 128 133
2686 -196 2 128 140
2687 4 2 128 145
2688 176 2 128 163
2689 -88 2 128 168
2690 -152 2 128 170
2691 -66 2 128 183
2692 -112 2 128 192
2693 180 2 128 224
2694 178 2 129 141
2695 110 2 129 153
2696 -74 2 129 158
2697 114 2 129 165
2698 62 2 129 171
2699 -118 2 129 181
2700 -30 2 129 182
2701 182 2 129 214
2702 78 2 129 243
2703 28 2 129 244
2704 48 2 129 246
2705 150 2 130 134
2706 -174 2 130 142
2707 -166 2 130 151
2708 -88 2 130 164
2709 136 2 130 180
2710 -190 2 130 184
2711 -92 2 130 186
2712 -174 2 130 212
2713 -178 2 130 235
2714 -46 2 130 241
2715 -84 2 130 243
2716 80 2 131 136
2717 -68 2 131 137
2718 -94 2 131 140
2719 -8 2 131 144
2720 -16 2 131 151
2721 -110 2 131 152
2722 58 2 131 153
2723 -36 2 131 155
2724 20 2 131 169
2725 20 2 131 180
2726 -134 2 131 220
2727 34 2 131 244
2728 -2 2 131 247
2729 -166 2 132 135
2730 -168 2 132 137
2731 -134 2 132 153
2732 -74 2 132 168
2733 -124 2 132 173
2734 104 2 132 176
2735 186 2 132 201
2736 -86 2 132 203
2737 -180 2 132 207
2738 -190 2 132 239
2739 -162 2 132 244
2740 22 2 133 144
2741 36 2 133 150
2742 -50 2 133 173
2743 -144 2 133 183
2744 80 2 133 185
2745 -24 2 133 188
2746 20 2 133 196
2747 -54 2 133 206
2748 -164 2 133 219
2749 -102 2 133 245
2750 -90 2 134 136
2751 2 2 134 149
2752 -78 2 134 157
2753 -184 2 134 168
2754 -46 2 134 169
2755 -86 2 134 173
2756 -6 2 134 179
2757 -16 2 134 181
2758 -108 2 134 184
2759 96 2 134 195
2760 120 2 134 205
2761 194 2 134 206
2762 14 2 134 210
2763 162 2 134 219
2764 -56 2 134 234
2765 -44 2 134 236
2766 -174 2 135 141
2767 90 2 135 162
2768 -122 2 135 181
2769 -60 2 135 192
2770 98 2 135 193
2771 114 2 135 200
2772 2 2 135 202
2773 -136 2 135 214
2774 12 2 135 217
2775 130 2 135 237
2776 -176 2 136 142
2777 86 2 136 145
2778 198 2 136 148
2779 -34 2 136 167
2780 -136 2 136 173
2781 14 2 136 197
2782 -158 2 136 204
2783 -110 2 136 239
2784 124 2 136 241
2785 114 2 137 140
2786 26 2 137 159
2787 -108 2 137 172
2788 -40 2 137 173
2789 -48 2 137 192
2790 -108 2 137 202
2791 22 2 137 241
2792 22 2 138 155
2793 28 2 138 164
2794 150 2 138 171
2795 -190 2 138 178
2796 -150 2 138 186
2797 52 2 138 206
2798 -16 2 138 215
2799 -120 2 138 227
2800 -150 2 138 228
2801 -14 2 138 233
2802 -190 2 138 243
2803 -142 2 138 249
2804 34 2 139 191
2805 144 2 139 192
2806 22 2 139 193
2807 -46 2 139 200
2808 -184 2 139 206
2809 20 2 139 217
2810 118 2 139 235
2811 190 2 139 241
2812 -174 2 140 151
2813 -176 2 140 156
2814 -80 2 140 165
2815 82 2 140 173
2816 64 2 140 191
2817 58 2 140 205
2818 -70 2 140 206
2819 40 2 140 208
2820 152 2 140 210
2821 132 2 140 220
2822 128 2 140 234
2823 -136 2 140 235
2824 -60 2 140 237
2825 -120 2 140 243
2826 110 2 140 248
2827 -66 2 141 143
2828 -112 2 141 146
2829 -10 2 141 179
2830 68 2 141 209
2831 -38 2 141 227
2832 -184 2 141 243
2833 -164 2 141 245
2834 -44 2 142 150
2835 -130 2 142 164
2836 186 2 142 208
2837 6 2 142 209
2838 78 2 142 215
2839 -48 2 143 149
2840 28 2 143 157
2841 40 2 143 166
2842 192 2 143 170
2843 -44 2 143 171
2844 -92 2 143 198
2845 4 2 143 209
2846 -136 2 143 211
2847 156 2 143 238
2848 196 2 143 246
2849 -94 2 144 150
2850 24 2 144 162
2851 -140 2 144 182
2852 66 2 144 188
2853 112 2 144 206
2854 -98 2 144 225
2855 -196 2 145 169
2856 -160 2 145 181
2857 78 2 145 182
2858 -132 2 145 185
2859 118 2 145 205
2860 100 2 145 207
2861 -92 2 145 218
2862 -4 2 145 235
2863 -64 2 145 236
2864 -66 2 145 244
2865 196 2 146 149
2866 24 2 146 151
2867 -148 2 146 154
2868 98 2 146 168
2869 102 2 146 169
2870 -154 2 146 184
2871 30 2 146 195
2872 -14 2 146 197
2873 132 2 146 203
2874 -28 2 146 217
2875 -148 2 146 233
2876 36 2 146 237
2877 164 2 147 161
2878 34 2 147 165
2879 -70 2 147 173
2880 -188 2 147 192
2881 -126 2 147 199
2882 42 2 147 224
2883 2 2 147 236
2884 -98 2 147 243
2885 60 2 148 155
2886 134 2 148 167
2887 -74 2 148 206
2888 -34 2 148 209
2889 -152 2 148 218
2890 -166 2 148 219
2891 -2 2 148 220
2892 -180 2 148 227
2893 -14 2 148 230
2894 -20 2 148 242
2895 -42 2 149 153
2896 16 2 149 186
2897 -58 2 149 188
2898 80 2 149 191
2899 -166 2 149 204
2900 6 2 149 208
2901 114 2 149 212
2902 136 2 149 219
2903 94 2 149 222
2904 104 2 149 242
2905 154 2 150 153
2906 -62 2 150 169
2907 -86 2 150 172
2908 -116 2 150 174
2909 -172 2 150 217
2910 96 2 150 231
2911 156 2 150 237
2912 -28 2 150 241
2913 -16 2 150 242
2914 -58 2 150 243
2915 96 2 150 250
2916 -118 2 151 152
2917 132 2 151 162
2918 -194 2 151 175
2919 144 2 151 176
2920 130 2 151 188
2921 -94 2 151 200
2922 152 2 151 202
2923 -88 2 151 204
2924 -16 2 151 227
2925 146 2 151 230
2926 -92 2 151 233
2927 -52 2 151 244
2928 68 2 151 247
2929 108 2 152 154
2930 192 2 152 156
2931 6 2 152 161
2932 146 2 152 180
2933 36 2 152 192
2934 -144 2 152 209
2935 -172 2 152 233
2936 88 2 152 244
2937 -14 2 152 245
2938 -60 2 152 246
2939 114 2 152 249
2940 112 2 153 164
2941 -40 2 153 167
2942 -114 2 153 182
2943 -170 2 153 186
2944 172 2 153 189
2945 -110 2 153 190
2946 -150 2 153 191
2947 60 2 153 203
2948 -80 2 153 214
2949 118 2 153 215
2950 34 2 153 228
2951 170 2 153 243
2952 188 2 153 246
2953 142 2 154 158
2954 154 2 154 167
2955 -172 2 154 179
2956 -102 2 154 188
2957 -146 2 154 192
2958 94 2 154 215
2959 198 2 154 223
2960 52 2 154 247
2961 186 2 155 180
2962 160 2 155 193
2963 -6 2 155 198
2964 -140 2 155 209
2965 8 2 155 210
2966 116 2 155 215
2967 196 2 155 219
2968 -94 2 155 221
2969 -38 2 155 235
2970 -96 2 155 240
2971 12 2 156 170
2972 -148 2 156 181
2973 24 2 156 192
2974 64 2 156 212
2975 -4 2 156 216
2976 -94 2 156 220
2977 20 2 156 222
2978 4 2 156 238
2979 4 2 156 240
2980 200 2 156 244
2981 102 2 157 180
2982 -36 2 157 188
2983 -134 2 157 189
2984 -158 2 157 203
2985 -184 2 157 209
2986 198 2 157 231
2987 -26 2 158 163
2988 122 2 158 179
2989 -2 2 158 186
2990 -64 2 158 188
2991 -164 2 158 202
2992 -194 2 158 203
2993 -64 2 158 206
2994 68 2 158 207
2995 -80 2 158 227
2996 -190 2 158 237
2997 100 2 158 240
2998 116 2 158 248
2999 98 2 158 250
3000 192 2 159 177
3001 -70 2 159 180
3002 -152 2 159 191
3003 56 2 159 193
3004 -194 2 159 209
3005 24 2 159 217
3006 -102 2 159 224
3007 66 2 159 227
3008 136 2 159 249
3009 166 2 160 171
3010 -94 2 160 174
3011 94 2 160 191
3012 200 2 160 196
3013 110 2 160 200
3014 -68 2 160 218
3015 -96 2 160 222
3016 -112 2 160 223
3017 -32 2 160 231
3018 -114 2 160 240
3019 -44 2 160 244
3020 -66 2 161 218
3021 -52 2 161 227
3022 -32 2 161 239
3023 140 2 161 244
3024 -80 2 161 245
3025 166 2 162 173
3026 -158 2 162 183
3027 96 2 162 201
3028 52 2 162 206
3029 -84 2 162 216
3030 -152 2 162 222
3031 -106 2 162 231
3032 68 2 162 236
3033 -6 2 162 246
3034 -86 2 163 164
3035 118 2 163 194
3036 158 2 163 218
3037 136 2 163 230
3038 -118 2 163 231
3039 -148 2 163 239
3040 124 2 163 241
3041 24 2 164 171
3042 38 2 164 178
3043 178 2 164 187
3044 -98 2 164 204
3045 80 2 164 207
3046 144 2 164 208
3047 22 2 164 210
3048 156 2 164 212
3049 188 2 164 221
3050 90 2 164 226
3051 -100 2 164 228
3052 -192 2 164 250
3053 24 2 165 168
3054 132 2 165 169
3055 -144 2 165 186
3056 -72 2 165 189
3057 120 2 165 191
3058 -10 2 165 194
3059 -118 2 165 195
3060 -144 2 165 206
3061 16 2 165 212
3062 -138 2 165 227
3063 -28 2 165 231
3064 -6 2 166 167
3065 -70 2 166 170
3066 166 2 166 176
3067 172 2 166 180
3068 -154 2 166 195
3069 -90 2 166 198
3070 52 2 166 226
3071 184 2 166 235
3072 140 2 166 238
3073 -60 2 166 250
3074 58 2 167 180
3075 -50 2 167 181
3076 72 2 167 184
3077 60 2 167 209
3078 134 2 167 235
3079 64 2 167 243
3080 162 2 168 204
3081 94 2 168 206
3082 -112 2 168 220
3083 122 2 168 223
3084 154 2 168 233
3085 140 2 168 245
3086 36 2 168 250
3087 -128 2 169 179
3088 14 2 169 201
3089 -12 2 169 208
3090 -16 2 169 217
3091 120 2 169 222
3092 -62 2 169 223
3093 162 2 169 245
3094 -148 2 170 184
3095 46 2 170 194
3096 138 2 170 209
3097 150 2 170 218
3098 98 2 170 222
3099 88 2 170 250
3100 92 2 171 182
3101 116 2 171 190
3102 -8 2 171 204
3103 -60 2 171 205
3104 50 2 171 211
3105 152 2 171 223
3106 -64 2 171 231
3107 126 2 171 250
3108 166 2 172 175
3109 -14 2 172 185
3110 78 2 172 186
3111 96 2 172 199
3112 -114 2 172 202
3113 58 2 172 211
3114 170 2 172 221
3115 168 2 173 174
3116 112 2 173 227
3117 -196 2 173 231
3118 8 2 173 235
3119 -84 2 173 247
3120 -74 2 174 175
3121 158 2 174 189
3122 6 2 174 198
3123 -36 2 174 239
3124 174 2 174 247
3125 -168 2 174 249
3126 -130 2 175 182
3127 84 2 175 192
3128 164 2 175 197
3129 186 2 175 232
3130 -6 2 175 234
3131 -106 2 175 246
3132 -194 2 175 250
3133 134 2 176 177
3134 36 2 176 179
3135 156 2 176 184
3136 -114 2 176 196
3137 120 2 176 205
3138 82 2 176 223
3139 12 2 176 229
3140 10 2 176 238
3141 10 2 176 241
3142 114 2 176 242
3143 162 2 176 248
3144 -136 2 177 178
3145 152 2 177 243
3146 -34 2 177 249
3147 192 2 177 250
3148 32 2 178 179
3149 38 2 178 186
3150 144 2 178 202
3151 -90 2 178 226
3152 164 2 178 236
3153 -192 2 179 183
3154 18 2 179 184
3155 -158 2 179 190
3156 -8 2 179 204
3157 176 2 179 209
3158 -72 2 179 211
3159 -134 2 179 217
3160 -30 2 179 229
3161 86 2 179 240
3162 -104 2 179 246
3163 52 2 180 196
3164 -178 2 180 214
3165 162 2 180 221
3166 60 2 180 228
3167 -194 2 180 229
3168 52 2 180 241
3169 -166 2 181 182
3170 -14 2 181 188
3171 92 2 181 193
3172 -66 2 181 227
3173 -186 2 181 228
3174 -138 2 181 236
3175 146 2 181 242
3176 -158 2 181 243
3177 76 2 182 189
3178 126 2 182 194
3179 46 2 182 199
3180 76 2 182 202
3181 194 2 182 205
3182 112 2 182 208
3183 -56 2 182 230
3184 -182 2 182 249
3185 70 2 183 196
3186 10 2 183 200
3187 -8 2 183 212
3188 118 2 183 218
3189 94 2 183 226
3190 18 2 183 236
3191 162 2 184 191
3192 196 2 184 210
3193 -106 2 184 220
3194 -82 2 184 224
3195 86 2 184 236
3196 -6 2 185 204
3197 92 2 185 223
3198 -130 2 185 224
3199 -132 2 185 242
3200 74 2 186 188
3201 -92 2 186 196
3202 12 2 186 223
3203 82 2 186 228
3204 50 2 186 231
3205 200 2 186 239
3206 -80 2 186 242
3207 -38 2 187 190
3208 36 2 187 193
3209 122 2 187 194
3210 -86 2 187 197
3211 -52 2 187 244
3212 -88 2 187 250
3213 50 2 188 193
3214 106 2 188 228
3215 198 2 188 236
3216 182 2 188 242
3217 -22 2 189 193
3218 118 2 189 197
3219 -160 2 189 213
3220 -168 2 189 215
3221 -26 2 190 191
3222 34 2 191 194
3223 148 2 191 219
3224 -128 2 191 230
3225 -138 2 191 232
3226 -110 2 191 233
3227 -68 2 191 238
3228 112 2 192 240
3229 -194 2 192 249
3230 88 2 192 250
3231 28 2 193 196
3232 150 2 193 199
3233 184 2 193 208
3234 -6 2 193 215
3235 70 2 193 223
3236 -122 2 193 234
3237 -94 2 193 236
3238 -180 2 194 195
3239 -120 2 194 198
3240 142 2 194 201
3241 90 2 194 212
3242 130 2 194 248
3243 4 2 195 216
3244 -110 2 195 237
3245 74 2 195 241
3246 120 2 196 242
3247 116 2 196 248
3248 -176 2 197 204
3249 18 2 197 205
3250 -34 2 197 228
3251 -78 2 197 244
3252 120 2 197 245
3253 -134 2 198 219
3254 66 2 198 229
3255 -136 2 198 234
3256 100 2 198 236
3257 102 2 198 237
3258 -184 2 198 248
3259 8 2 199 206
3260 100 2 199 227
3261 -144 2 199 244
3262 160 2 199 246
3263 108 2 200 203
3264 142 2 200 229
3265 104 2 200 240
3266 2 2 200 249
3267 82 2 201 205
3268 -120 2 201 216
3269 -178 2 202 203
3270 156 2 202 208
3271 -122 2 202 211
3272 192 2 202 232
3273 56 2 202 250
3274 -126 2 203 207
3275 152 2 203 231
3276 -88 2 203 248
3277 24 2 204 212
3278 -124 2 204 227
3279 -190 2 205 211
3280 64 2 205 246
3281 -82 2 206 208
3282 -12 2 206 211
3283 184 2 206 219
3284 138 2 206 221
3285 116 2 206 233
3286 16 2 206 236
3287 -72 2 206 238
3288 -108 2 207 217
3289 -182 2 207 223
3290 -140 2 207 226
3291 6 2 207 241
3292 10 2 208 230
3293 90 2 209 240
3294 -128 2 211 217
3295 192 2 211 229
3296 16 2 211 237
3297 -100 2 211 239
3298 -190 2 211 244
3299 50 2 212 214
3300 -54 2 212 218
3301 -150 2 212 236
3302 -44 2 212 241
3303 46 2 213 217
3304 16 2 213 219
3305 -194 2 213 223
3306 -178 2 213 233
3307 70 2 214 244
3308 114 2 214 249
3309 -68 2 215 227
3310 100 2 215 232
3311 -152 2 216 222
3312 192 2 216 229
3313 48 2 216 240
3314 66 2 216 246
3315 -128 2 217 234
3316 -182 2 218 242
3317 -160 2 219 235
3318 6 2 220 236
3319 70 2 221 224
3320 -44 2 221 231
3321 74 2 221 237
3322 12 2 222 230
3323 -110 2 222 237
3324 30 2 222 240
3325 28 2 222 242
3326 -142 2 223 237
3327 -26 2 223 245
3328 112 2 224 230
3329 -52 2 224 231
3330 -92 2 224 242
3331 8 2 225 235
3332 64 2 225 247
3333 -142 2 226 227
3334 -130 2 226 230
3335 -182 2 226 236
3336 72 2 226 248
3337 156 2 227 239
3338 8 2 228 238
3339 82 2 228 246
3340 -78 2 229 235
3341 -170 2 229 244
3342 -20 2 230 235
3343 -132 2 230 236
3344 -38 2 230 239
3345 78 2 230 241
3346 -82 2 230 244
3347 112 2 230 246
3348 86 2 231 234
3349 54 2 231 240
3350 120 2 231 241
3351 -14 2 232 245
3352 -52 2 233 237
3353 -146 2 233 245
3354 50 2 234 236
3355 -160 2 234 244
3356 66 2 235 248
3357 114 2 238 243
3358 -174 2 240 242
3359 -156 2 240 247
3360 -76 2 240 248
3361 -30 2 242 248
3362 -124 2 243 247
3363 -128 2 243 249
3364 96 2 245 247
