30 326 62.0
2 10 18 
1  31.0 1 1
2  31.0 1 2
3  31.0 1 3
4  -30.0 1 4
5  31.0 1 5
6  31.0 1 6
7  -30.0 1 7
8  -30.0 1 8
9  -30.0 1 9
10  31.0 1 10
11  31.0 1 11
12  -0.0 1 12
13  -0.0 1 13
14  31.0 1 14
15  31.0 1 15
16  1.0 1 16
17  -30.0 1 17
18  31.0 1 18
19  -30.0 1 19
20  31.0 1 20
21  -30.0 1 21
22  -0.0 1 22
23  31.0 1 23
24  -0.0 1 24
25  31.0 1 25
26  -30.0 1 26
27  31.0 1 27
28  -0.0 1 28
29  -30.0 1 29
30  -0.0 1 30
31  -62.0 2 1 2
32  -62.0 2 1 3
33  -1.0 2 1 4
34  -62.0 2 1 5
35  -62.0 2 1 6
36  -1.0 2 1 7
37  -1.0 2 1 8
38  -1.0 2 1 9
39  -62.0 2 1 10
40  -62.0 2 1 11
41  -31.0 2 1 12
42  -31.0 2 1 13
43  -62.0 2 1 14
44  -62.0 2 1 15
45  -32.0 2 1 16
46  -1.0 2 1 17
47  -62.0 2 1 18
48  -62.0 2 1 20
49  -1.0 2 1 21
50  -31.0 2 1 22
51  -62.0 2 1 23
52  -31.0 2 1 24
53  -62.0 2 1 25
54  -1.0 2 1 26
55  -62.0 2 1 27
56  -31.0 2 1 28
57  -1.0 2 1 29
58  -31.0 2 1 30
59  -62.0 2 2 3
60  -62.0 2 2 5
61  -62.0 2 2 6
62  -1.0 2 2 7
63  -1.0 2 2 8
64  -1.0 2 2 9
65  -62.0 2 2 10
66  -62.0 2 2 11
67  -62.0 2 2 14
68  -62.0 2 2 15
69  -32.0 2 2 16
70  -1.0 2 2 17
71  -62.0 2 2 18
72  -1.0 2 2 19
73  -62.0 2 2 20
74  -1.0 2 2 21
75  -31.0 2 2 22
76  -62.0 2 2 23
77  -31.0 2 2 24
78  -62.0 2 2 25
79  -1.0 2 2 26
80  -62.0 2 2 27
81  -31.0 2 2 28
82  -1.0 2 2 29
83  -31.0 2 2 30
84  -1.0 2 3 4
85  -62.0 2 3 5
86  -62.0 2 3 6
87  -1.0 2 3 7
88  -1.0 2 3 8
89  -1.0 2 3 9
90  -62.0 2 3 10
91  -62.0 2 3 11
92  -31.0 2 3 12
93  -31.0 2 3 13
94  -62.0 2 3 14
95  -62.0 2 3 15
96  -32.0 2 3 16
97  -1.0 2 3 17
98  -62.0 2 3 18
99  -1.0 2 3 19
100  -62.0 2 3 20
101  -1.0 2 3 21
102  -31.0 2 3 22
103  -62.0 2 3 23
104  -31.0 2 3 24
105  -62.0 2 3 25
106  -1.0 2 3 26
107  -62.0 2 3 27
108  -31.0 2 3 28
109  -31.0 2 3 30
110  -1.0 2 4 5
111  -1.0 2 4 6
112  -1.0 2 4 10
113  -1.0 2 4 11
114  -1.0 2 4 14
115  -1.0 2 4 15
116  -1.0 2 4 18
117  -1.0 2 4 20
118  -1.0 2 4 23
119  -1.0 2 4 25
120  -1.0 2 4 27
121  -62.0 2 5 6
122  -1.0 2 5 7
123  -1.0 2 5 8
124  -1.0 2 5 9
125  -62.0 2 5 10
126  -62.0 2 5 11
127  -31.0 2 5 12
128  -31.0 2 5 13
129  -62.0 2 5 14
130  -62.0 2 5 15
131  -32.0 2 5 16
132  -1.0 2 5 17
133  -62.0 2 5 18
134  -1.0 2 5 19
135  -62.0 2 5 20
136  -1.0 2 5 21
137  -31.0 2 5 22
138  -62.0 2 5 23
139  -31.0 2 5 24
140  -62.0 2 5 25
141  -1.0 2 5 26
142  -62.0 2 5 27
143  -31.0 2 5 28
144  -1.0 2 5 29
145  -31.0 2 5 30
146  -1.0 2 6 7
147  -1.0 2 6 9
148  -62.0 2 6 10
149  -62.0 2 6 11
150  -31.0 2 6 12
151  -31.0 2 6 13
152  -62.0 2 6 14
153  -62.0 2 6 15
154  -32.0 2 6 16
155  -1.0 2 6 17
156  -62.0 2 6 18
157  -1.0 2 6 19
158  -62.0 2 6 20
159  -1.0 2 6 21
160  -31.0 2 6 22
161  -62.0 2 6 23
162  -62.0 2 6 25
163  -1.0 2 6 26
164  -62.0 2 6 27
165  -31.0 2 6 28
166  -1.0 2 6 29
167  -31.0 2 6 30
168  -1.0 2 7 10
169  -1.0 2 7 11
170  -1.0 2 7 14
171  -1.0 2 7 15
172  -1.0 2 7 20
173  -1.0 2 7 25
174  -1.0 2 7 27
175  -1.0 2 8 10
176  -1.0 2 8 11
177  -1.0 2 8 14
178  -1.0 2 8 15
179  -1.0 2 8 18
180  -1.0 2 8 20
181  -1.0 2 8 23
182  -1.0 2 8 25
183  -1.0 2 8 27
184  -1.0 2 9 10
185  -1.0 2 9 14
186  -1.0 2 9 15
187  -1.0 2 9 18
188  -1.0 2 9 20
189  -1.0 2 9 23
190  -1.0 2 9 25
191  -1.0 2 9 27
192  -62.0 2 10 11
193  -31.0 2 10 12
194  -31.0 2 10 13
195  -62.0 2 10 14
196  -62.0 2 10 15
197  -32.0 2 10 16
198  -1.0 2 10 17
199  -1.0 2 10 19
200  -62.0 2 10 20
201  -1.0 2 10 21
202  -31.0 2 10 22
203  -62.0 2 10 23
204  -31.0 2 10 24
205  -62.0 2 10 25
206  -1.0 2 10 26
207  -62.0 2 10 27
208  -31.0 2 10 28
209  -1.0 2 10 29
210  -31.0 2 10 30
211  -31.0 2 11 12
212  -31.0 2 11 13
213  -62.0 2 11 14
214  -62.0 2 11 15
215  -32.0 2 11 16
216  -1.0 2 11 17
217  -62.0 2 11 18
218  -62.0 2 11 20
219  -1.0 2 11 21
220  -31.0 2 11 22
221  -62.0 2 11 23
222  -31.0 2 11 24
223  -62.0 2 11 25
224  -1.0 2 11 26
225  -62.0 2 11 27
226  -31.0 2 11 28
227  -1.0 2 11 29
228  -31.0 2 11 30
229  -31.0 2 12 14
230  -31.0 2 12 15
231  -1.0 2 12 16
232  -31.0 2 12 18
233  -31.0 2 12 20
234  -31.0 2 12 23
235  -31.0 2 12 25
236  -31.0 2 12 27
237  -31.0 2 13 14
238  -31.0 2 13 15
239  -1.0 2 13 16
240  -31.0 2 13 18
241  -31.0 2 13 20
242  -31.0 2 13 23
243  -31.0 2 13 25
244  -31.0 2 13 27
245  -62.0 2 14 15
246  -32.0 2 14 16
247  -1.0 2 14 17
248  -62.0 2 14 18
249  -1.0 2 14 19
250  -62.0 2 14 20
251  -1.0 2 14 21
252  -31.0 2 14 22
253  -62.0 2 14 23
254  -31.0 2 14 24
255  -62.0 2 14 25
256  -62.0 2 14 27
257  -1.0 2 14 29
258  -31.0 2 14 30
259  -32.0 2 15 16
260  -1.0 2 15 17
261  -62.0 2 15 18
262  -1.0 2 15 19
263  -62.0 2 15 20
264  -31.0 2 15 22
265  -62.0 2 15 23
266  -31.0 2 15 24
267  -62.0 2 15 25
268  -1.0 2 15 26
269  -62.0 2 15 27
270  -31.0 2 15 28
271  -1.0 2 15 29
272  -31.0 2 15 30
273  -32.0 2 16 18
274  -32.0 2 16 20
275  -32.0 2 16 23
276  -1.0 2 16 24
277  -32.0 2 16 25
278  -32.0 2 16 27
279  -1.0 2 16 30
280  -1.0 2 17 18
281  -1.0 2 17 25
282  -1.0 2 17 27
283  -1.0 2 18 19
284  -62.0 2 18 20
285  -1.0 2 18 21
286  -31.0 2 18 22
287  -62.0 2 18 23
288  -31.0 2 18 24
289  -62.0 2 18 25
290  -1.0 2 18 26
291  -62.0 2 18 27
292  -31.0 2 18 28
293  -1.0 2 18 29
294  -31.0 2 18 30
295  -1.0 2 19 20
296  -1.0 2 19 23
297  -1.0 2 19 25
298  -1.0 2 19 27
299  -1.0 2 20 21
300  -62.0 2 20 23
301  -31.0 2 20 24
302  -62.0 2 20 25
303  -62.0 2 20 27
304  -1.0 2 20 29
305  -1.0 2 21 23
306  -1.0 2 21 25
307  -1.0 2 21 27
308  -31.0 2 22 25
309  -31.0 2 22 27
310  -31.0 2 23 24
311  -62.0 2 23 25
312  -1.0 2 23 26
313  -62.0 2 23 27
314  -31.0 2 23 28
315  -1.0 2 23 29
316  -31.0 2 24 25
317  -31.0 2 24 27
318  -1.0 2 25 26
319  -62.0 2 25 27
320  -31.0 2 25 28
321  -1.0 2 25 29
322  -31.0 2 25 30
323  -1.0 2 26 27
324  -31.0 2 27 28
325  -1.0 2 27 29
326  -31.0 2 27 30
