30 346 62.0
2 6 8 
1  31.0 1 1
2  31.0 1 2
3  31.0 1 3
4  -30.0 1 4
5  31.0 1 5
6  31.0 1 6
7  31.0 1 7
8  31.0 1 8
9  31.0 1 9
10  31.0 1 10
11  31.0 1 11
12  -0.0 1 12
13  -0.0 1 13
14  31.0 1 14
15  31.0 1 15
16  31.0 1 16
17  31.0 1 17
18  31.0 1 18
19  -30.0 1 19
20  31.0 1 20
21  31.0 1 21
22  -61.0 1 22
23  31.0 1 23
24  -61.0 1 24
25  31.0 1 25
26  31.0 1 26
27  31.0 1 27
28  -61.0 1 28
29  -30.0 1 29
30  -0.0 1 30
31  -62.0 2 1 2
32  -62.0 2 1 3
33  -1.0 2 1 4
34  -62.0 2 1 5
35  -62.0 2 1 6
36  -62.0 2 1 7
37  -62.0 2 1 8
38  -62.0 2 1 9
39  -62.0 2 1 10
40  -62.0 2 1 11
41  -31.0 2 1 12
42  -31.0 2 1 13
43  -62.0 2 1 14
44  -62.0 2 1 15
45  -62.0 2 1 16
46  -62.0 2 1 17
47  -62.0 2 1 18
48  -62.0 2 1 20
49  -62.0 2 1 21
50  -62.0 2 1 23
51  -62.0 2 1 25
52  -62.0 2 1 26
53  -62.0 2 1 27
54  -1.0 2 1 29
55  -31.0 2 1 30
56  -62.0 2 2 3
57  -62.0 2 2 5
58  -62.0 2 2 6
59  -62.0 2 2 7
60  -62.0 2 2 8
61  -62.0 2 2 9
62  -62.0 2 2 10
63  -62.0 2 2 11
64  -62.0 2 2 14
65  -62.0 2 2 15
66  -62.0 2 2 16
67  -62.0 2 2 17
68  -62.0 2 2 18
69  -1.0 2 2 19
70  -62.0 2 2 20
71  -62.0 2 2 21
72  -62.0 2 2 23
73  -62.0 2 2 25
74  -62.0 2 2 26
75  -62.0 2 2 27
76  -1.0 2 2 29
77  -31.0 2 2 30
78  -1.0 2 3 4
79  -62.0 2 3 5
80  -62.0 2 3 6
81  -62.0 2 3 7
82  -62.0 2 3 8
83  -62.0 2 3 9
84  -62.0 2 3 10
85  -62.0 2 3 11
86  -31.0 2 3 12
87  -31.0 2 3 13
88  -62.0 2 3 14
89  -62.0 2 3 15
90  -62.0 2 3 16
91  -62.0 2 3 17
92  -62.0 2 3 18
93  -1.0 2 3 19
94  -62.0 2 3 20
95  -62.0 2 3 21
96  -62.0 2 3 23
97  -62.0 2 3 25
98  -62.0 2 3 26
99  -62.0 2 3 27
100  -31.0 2 3 30
101  -1.0 2 4 5
102  -1.0 2 4 6
103  -1.0 2 4 7
104  -1.0 2 4 8
105  -1.0 2 4 9
106  -1.0 2 4 10
107  -1.0 2 4 11
108  -1.0 2 4 14
109  -1.0 2 4 15
110  -1.0 2 4 16
111  -1.0 2 4 17
112  -1.0 2 4 18
113  -1.0 2 4 20
114  -1.0 2 4 21
115  -1.0 2 4 23
116  -1.0 2 4 25
117  -1.0 2 4 26
118  -1.0 2 4 27
119  -62.0 2 5 6
120  -62.0 2 5 7
121  -62.0 2 5 8
122  -62.0 2 5 9
123  -62.0 2 5 10
124  -62.0 2 5 11
125  -31.0 2 5 12
126  -31.0 2 5 13
127  -62.0 2 5 14
128  -62.0 2 5 15
129  -62.0 2 5 16
130  -62.0 2 5 17
131  -62.0 2 5 18
132  -1.0 2 5 19
133  -62.0 2 5 20
134  -62.0 2 5 21
135  -62.0 2 5 23
136  -62.0 2 5 25
137  -62.0 2 5 26
138  -62.0 2 5 27
139  -1.0 2 5 29
140  -31.0 2 5 30
141  -62.0 2 6 7
142  -62.0 2 6 9
143  -62.0 2 6 10
144  -62.0 2 6 11
145  -31.0 2 6 12
146  -31.0 2 6 13
147  -62.0 2 6 14
148  -62.0 2 6 15
149  -62.0 2 6 16
150  -62.0 2 6 17
151  -62.0 2 6 18
152  -1.0 2 6 19
153  -62.0 2 6 20
154  -62.0 2 6 21
155  -62.0 2 6 23
156  -62.0 2 6 25
157  -62.0 2 6 26
158  -62.0 2 6 27
159  -1.0 2 6 29
160  -31.0 2 6 30
161  -62.0 2 7 8
162  -62.0 2 7 9
163  -62.0 2 7 10
164  -62.0 2 7 11
165  -31.0 2 7 12
166  -31.0 2 7 13
167  -62.0 2 7 14
168  -62.0 2 7 15
169  -62.0 2 7 16
170  -62.0 2 7 17
171  -1.0 2 7 19
172  -62.0 2 7 20
173  -62.0 2 7 21
174  -62.0 2 7 25
175  -62.0 2 7 26
176  -62.0 2 7 27
177  -1.0 2 7 29
178  -31.0 2 7 30
179  -62.0 2 8 9
180  -62.0 2 8 10
181  -62.0 2 8 11
182  -31.0 2 8 12
183  -31.0 2 8 13
184  -62.0 2 8 14
185  -62.0 2 8 15
186  -62.0 2 8 16
187  -62.0 2 8 17
188  -62.0 2 8 18
189  -1.0 2 8 19
190  -62.0 2 8 20
191  -62.0 2 8 21
192  -62.0 2 8 23
193  -62.0 2 8 25
194  -62.0 2 8 26
195  -62.0 2 8 27
196  -1.0 2 8 29
197  -31.0 2 8 30
198  -62.0 2 9 10
199  -31.0 2 9 12
200  -31.0 2 9 13
201  -62.0 2 9 14
202  -62.0 2 9 15
203  -62.0 2 9 16
204  -62.0 2 9 17
205  -62.0 2 9 18
206  -1.0 2 9 19
207  -62.0 2 9 20
208  -62.0 2 9 21
209  -62.0 2 9 23
210  -62.0 2 9 25
211  -62.0 2 9 26
212  -62.0 2 9 27
213  -1.0 2 9 29
214  -31.0 2 9 30
215  -62.0 2 10 11
216  -31.0 2 10 12
217  -31.0 2 10 13
218  -62.0 2 10 14
219  -62.0 2 10 15
220  -62.0 2 10 16
221  -62.0 2 10 17
222  -1.0 2 10 19
223  -62.0 2 10 20
224  -62.0 2 10 21
225  -62.0 2 10 23
226  -62.0 2 10 25
227  -62.0 2 10 26
228  -62.0 2 10 27
229  -1.0 2 10 29
230  -31.0 2 10 30
231  -31.0 2 11 12
232  -31.0 2 11 13
233  -62.0 2 11 14
234  -62.0 2 11 15
235  -62.0 2 11 16
236  -62.0 2 11 17
237  -62.0 2 11 18
238  -62.0 2 11 20
239  -62.0 2 11 21
240  -62.0 2 11 23
241  -62.0 2 11 25
242  -62.0 2 11 26
243  -62.0 2 11 27
244  -1.0 2 11 29
245  -31.0 2 11 30
246  -31.0 2 12 14
247  -31.0 2 12 15
248  -31.0 2 12 16
249  -31.0 2 12 17
250  -31.0 2 12 18
251  -31.0 2 12 20
252  -31.0 2 12 21
253  -31.0 2 12 23
254  -31.0 2 12 25
255  -31.0 2 12 26
256  -31.0 2 12 27
257  -31.0 2 13 14
258  -31.0 2 13 15
259  -31.0 2 13 16
260  -31.0 2 13 17
261  -31.0 2 13 18
262  -31.0 2 13 20
263  -31.0 2 13 21
264  -31.0 2 13 23
265  -31.0 2 13 25
266  -31.0 2 13 26
267  -31.0 2 13 27
268  -62.0 2 14 15
269  -62.0 2 14 16
270  -62.0 2 14 17
271  -62.0 2 14 18
272  -1.0 2 14 19
273  -62.0 2 14 20
274  -62.0 2 14 21
275  -62.0 2 14 23
276  -62.0 2 14 25
277  -62.0 2 14 27
278  -1.0 2 14 29
279  -31.0 2 14 30
280  -62.0 2 15 16
281  -62.0 2 15 17
282  -62.0 2 15 18
283  -1.0 2 15 19
284  -62.0 2 15 20
285  -62.0 2 15 23
286  -62.0 2 15 25
287  -62.0 2 15 26
288  -62.0 2 15 27
289  -1.0 2 15 29
290  -31.0 2 15 30
291  -62.0 2 16 17
292  -62.0 2 16 18
293  -1.0 2 16 19
294  -62.0 2 16 20
295  -62.0 2 16 21
296  -62.0 2 16 23
297  -62.0 2 16 25
298  -62.0 2 16 26
299  -62.0 2 16 27
300  -1.0 2 16 29
301  -31.0 2 16 30
302  -62.0 2 17 18
303  -1.0 2 17 19
304  -62.0 2 17 21
305  -62.0 2 17 25
306  -62.0 2 17 26
307  -62.0 2 17 27
308  -1.0 2 17 29
309  -1.0 2 18 19
310  -62.0 2 18 20
311  -62.0 2 18 21
312  -62.0 2 18 23
313  -62.0 2 18 25
314  -62.0 2 18 26
315  -62.0 2 18 27
316  -1.0 2 18 29
317  -31.0 2 18 30
318  -1.0 2 19 20
319  -1.0 2 19 21
320  -1.0 2 19 23
321  -1.0 2 19 25
322  -1.0 2 19 26
323  -1.0 2 19 27
324  -62.0 2 20 21
325  -62.0 2 20 23
326  -62.0 2 20 25
327  -62.0 2 20 27
328  -1.0 2 20 29
329  -62.0 2 21 23
330  -62.0 2 21 25
331  -62.0 2 21 26
332  -62.0 2 21 27
333  -1.0 2 21 29
334  -31.0 2 21 30
335  -62.0 2 23 25
336  -62.0 2 23 26
337  -62.0 2 23 27
338  -1.0 2 23 29
339  -62.0 2 25 26
340  -62.0 2 25 27
341  -1.0 2 25 29
342  -31.0 2 25 30
343  -62.0 2 26 27
344  -1.0 2 26 29
345  -1.0 2 27 29
346  -31.0 2 27 30
