30 326 62.0
2 7 23 
1  31.0 1 1
2  31.0 1 2
3  31.0 1 3
4  -30.0 1 4
5  31.0 1 5
6  31.0 1 6
7  31.0 1 7
8  -30.0 1 8
9  -30.0 1 9
10  31.0 1 10
11  31.0 1 11
12  -0.0 1 12
13  -0.0 1 13
14  31.0 1 14
15  31.0 1 15
16  1.0 1 16
17  -30.0 1 17
18  -30.0 1 18
19  -30.0 1 19
20  31.0 1 20
21  -30.0 1 21
22  -0.0 1 22
23  31.0 1 23
24  -0.0 1 24
25  31.0 1 25
26  -30.0 1 26
27  31.0 1 27
28  -0.0 1 28
29  -30.0 1 29
30  -0.0 1 30
31  -62.0 2 1 2
32  -62.0 2 1 3
33  -1.0 2 1 4
34  -62.0 2 1 5
35  -62.0 2 1 6
36  -62.0 2 1 7
37  -1.0 2 1 8
38  -1.0 2 1 9
39  -62.0 2 1 10
40  -62.0 2 1 11
41  -31.0 2 1 12
42  -31.0 2 1 13
43  -62.0 2 1 14
44  -62.0 2 1 15
45  -32.0 2 1 16
46  -1.0 2 1 17
47  -1.0 2 1 18
48  -62.0 2 1 20
49  -1.0 2 1 21
50  -31.0 2 1 22
51  -62.0 2 1 23
52  -31.0 2 1 24
53  -62.0 2 1 25
54  -1.0 2 1 26
55  -62.0 2 1 27
56  -31.0 2 1 28
57  -1.0 2 1 29
58  -31.0 2 1 30
59  -62.0 2 2 3
60  -62.0 2 2 5
61  -62.0 2 2 6
62  -62.0 2 2 7
63  -1.0 2 2 8
64  -1.0 2 2 9
65  -62.0 2 2 10
66  -62.0 2 2 11
67  -62.0 2 2 14
68  -62.0 2 2 15
69  -32.0 2 2 16
70  -1.0 2 2 17
71  -1.0 2 2 18
72  -1.0 2 2 19
73  -62.0 2 2 20
74  -1.0 2 2 21
75  -31.0 2 2 22
76  -62.0 2 2 23
77  -31.0 2 2 24
78  -62.0 2 2 25
79  -1.0 2 2 26
80  -62.0 2 2 27
81  -31.0 2 2 28
82  -1.0 2 2 29
83  -31.0 2 2 30
84  -1.0 2 3 4
85  -62.0 2 3 5
86  -62.0 2 3 6
87  -62.0 2 3 7
88  -1.0 2 3 8
89  -1.0 2 3 9
90  -62.0 2 3 10
91  -62.0 2 3 11
92  -31.0 2 3 12
93  -31.0 2 3 13
94  -62.0 2 3 14
95  -62.0 2 3 15
96  -32.0 2 3 16
97  -1.0 2 3 17
98  -1.0 2 3 18
99  -1.0 2 3 19
100  -62.0 2 3 20
101  -1.0 2 3 21
102  -31.0 2 3 22
103  -62.0 2 3 23
104  -31.0 2 3 24
105  -62.0 2 3 25
106  -1.0 2 3 26
107  -62.0 2 3 27
108  -31.0 2 3 28
109  -31.0 2 3 30
110  -1.0 2 4 5
111  -1.0 2 4 6
112  -1.0 2 4 7
113  -1.0 2 4 10
114  -1.0 2 4 11
115  -1.0 2 4 14
116  -1.0 2 4 15
117  -1.0 2 4 20
118  -1.0 2 4 23
119  -1.0 2 4 25
120  -1.0 2 4 27
121  -62.0 2 5 6
122  -62.0 2 5 7
123  -1.0 2 5 8
124  -1.0 2 5 9
125  -62.0 2 5 10
126  -62.0 2 5 11
127  -31.0 2 5 12
128  -31.0 2 5 13
129  -62.0 2 5 14
130  -62.0 2 5 15
131  -32.0 2 5 16
132  -1.0 2 5 17
133  -1.0 2 5 18
134  -1.0 2 5 19
135  -62.0 2 5 20
136  -1.0 2 5 21
137  -31.0 2 5 22
138  -62.0 2 5 23
139  -31.0 2 5 24
140  -62.0 2 5 25
141  -1.0 2 5 26
142  -62.0 2 5 27
143  -31.0 2 5 28
144  -1.0 2 5 29
145  -31.0 2 5 30
146  -62.0 2 6 7
147  -1.0 2 6 9
148  -62.0 2 6 10
149  -62.0 2 6 11
150  -31.0 2 6 12
151  -31.0 2 6 13
152  -62.0 2 6 14
153  -62.0 2 6 15
154  -32.0 2 6 16
155  -1.0 2 6 17
156  -1.0 2 6 18
157  -1.0 2 6 19
158  -62.0 2 6 20
159  -1.0 2 6 21
160  -31.0 2 6 22
161  -62.0 2 6 23
162  -62.0 2 6 25
163  -1.0 2 6 26
164  -62.0 2 6 27
165  -31.0 2 6 28
166  -1.0 2 6 29
167  -31.0 2 6 30
168  -1.0 2 7 8
169  -1.0 2 7 9
170  -62.0 2 7 10
171  -62.0 2 7 11
172  -31.0 2 7 12
173  -31.0 2 7 13
174  -62.0 2 7 14
175  -62.0 2 7 15
176  -32.0 2 7 16
177  -1.0 2 7 17
178  -1.0 2 7 19
179  -62.0 2 7 20
180  -1.0 2 7 21
181  -31.0 2 7 22
182  -31.0 2 7 24
183  -62.0 2 7 25
184  -1.0 2 7 26
185  -62.0 2 7 27
186  -31.0 2 7 28
187  -1.0 2 7 29
188  -31.0 2 7 30
189  -1.0 2 8 10
190  -1.0 2 8 11
191  -1.0 2 8 14
192  -1.0 2 8 15
193  -1.0 2 8 20
194  -1.0 2 8 23
195  -1.0 2 8 25
196  -1.0 2 8 27
197  -1.0 2 9 10
198  -1.0 2 9 14
199  -1.0 2 9 15
200  -1.0 2 9 20
201  -1.0 2 9 23
202  -1.0 2 9 25
203  -1.0 2 9 27
204  -62.0 2 10 11
205  -31.0 2 10 12
206  -31.0 2 10 13
207  -62.0 2 10 14
208  -62.0 2 10 15
209  -32.0 2 10 16
210  -1.0 2 10 17
211  -1.0 2 10 19
212  -62.0 2 10 20
213  -1.0 2 10 21
214  -31.0 2 10 22
215  -62.0 2 10 23
216  -31.0 2 10 24
217  -62.0 2 10 25
218  -1.0 2 10 26
219  -62.0 2 10 27
220  -31.0 2 10 28
221  -1.0 2 10 29
222  -31.0 2 10 30
223  -31.0 2 11 12
224  -31.0 2 11 13
225  -62.0 2 11 14
226  -62.0 2 11 15
227  -32.0 2 11 16
228  -1.0 2 11 17
229  -1.0 2 11 18
230  -62.0 2 11 20
231  -1.0 2 11 21
232  -31.0 2 11 22
233  -62.0 2 11 23
234  -31.0 2 11 24
235  -62.0 2 11 25
236  -1.0 2 11 26
237  -62.0 2 11 27
238  -31.0 2 11 28
239  -1.0 2 11 29
240  -31.0 2 11 30
241  -31.0 2 12 14
242  -31.0 2 12 15
243  -1.0 2 12 16
244  -31.0 2 12 20
245  -31.0 2 12 23
246  -31.0 2 12 25
247  -31.0 2 12 27
248  -31.0 2 13 14
249  -31.0 2 13 15
250  -1.0 2 13 16
251  -31.0 2 13 20
252  -31.0 2 13 23
253  -31.0 2 13 25
254  -31.0 2 13 27
255  -62.0 2 14 15
256  -32.0 2 14 16
257  -1.0 2 14 17
258  -1.0 2 14 18
259  -1.0 2 14 19
260  -62.0 2 14 20
261  -1.0 2 14 21
262  -31.0 2 14 22
263  -62.0 2 14 23
264  -31.0 2 14 24
265  -62.0 2 14 25
266  -62.0 2 14 27
267  -1.0 2 14 29
268  -31.0 2 14 30
269  -32.0 2 15 16
270  -1.0 2 15 17
271  -1.0 2 15 18
272  -1.0 2 15 19
273  -62.0 2 15 20
274  -31.0 2 15 22
275  -62.0 2 15 23
276  -31.0 2 15 24
277  -62.0 2 15 25
278  -1.0 2 15 26
279  -62.0 2 15 27
280  -31.0 2 15 28
281  -1.0 2 15 29
282  -31.0 2 15 30
283  -32.0 2 16 20
284  -32.0 2 16 23
285  -1.0 2 16 24
286  -32.0 2 16 25
287  -32.0 2 16 27
288  -1.0 2 16 30
289  -1.0 2 17 25
290  -1.0 2 17 27
291  -1.0 2 18 20
292  -1.0 2 18 23
293  -1.0 2 18 25
294  -1.0 2 18 27
295  -1.0 2 19 20
296  -1.0 2 19 23
297  -1.0 2 19 25
298  -1.0 2 19 27
299  -1.0 2 20 21
300  -62.0 2 20 23
301  -31.0 2 20 24
302  -62.0 2 20 25
303  -62.0 2 20 27
304  -1.0 2 20 29
305  -1.0 2 21 23
306  -1.0 2 21 25
307  -1.0 2 21 27
308  -31.0 2 22 25
309  -31.0 2 22 27
310  -31.0 2 23 24
311  -62.0 2 23 25
312  -1.0 2 23 26
313  -62.0 2 23 27
314  -31.0 2 23 28
315  -1.0 2 23 29
316  -31.0 2 24 25
317  -31.0 2 24 27
318  -1.0 2 25 26
319  -62.0 2 25 27
320  -31.0 2 25 28
321  -1.0 2 25 29
322  -31.0 2 25 30
323  -1.0 2 26 27
324  -31.0 2 27 28
325  -1.0 2 27 29
326  -31.0 2 27 30
