30 318 63.0
3 17 20 30 
1  31.0 1 1
2  31.0 1 2
3  31.0 1 3
4  -30.0 1 4
5  31.0 1 5
6  31.0 1 6
7  31.0 1 7
8  -30.0 1 8
9  -30.0 1 9
10  31.0 1 10
11  31.0 1 11
12  -0.0 1 12
13  -0.0 1 13
14  31.0 1 14
15  31.0 1 15
16  1.0 1 16
17  1.0 1 17
18  -30.0 1 18
19  -30.0 1 19
20  31.0 1 20
21  -30.0 1 21
22  -31.0 1 22
23  -0.0 1 23
24  -0.0 1 24
25  31.0 1 25
26  -30.0 1 26
27  31.0 1 27
28  -0.0 1 28
29  -30.0 1 29
30  31.0 1 30
31  -62.0 2 1 2
32  -62.0 2 1 3
33  -1.0 2 1 4
34  -62.0 2 1 5
35  -62.0 2 1 6
36  -62.0 2 1 7
37  -1.0 2 1 8
38  -1.0 2 1 9
39  -62.0 2 1 10
40  -62.0 2 1 11
41  -31.0 2 1 12
42  -31.0 2 1 13
43  -62.0 2 1 14
44  -62.0 2 1 15
45  -32.0 2 1 16
46  -32.0 2 1 17
47  -1.0 2 1 18
48  -62.0 2 1 20
49  -1.0 2 1 21
50  -31.0 2 1 23
51  -31.0 2 1 24
52  -62.0 2 1 25
53  -1.0 2 1 26
54  -62.0 2 1 27
55  -31.0 2 1 28
56  -1.0 2 1 29
57  -62.0 2 1 30
58  -62.0 2 2 3
59  -62.0 2 2 5
60  -62.0 2 2 6
61  -62.0 2 2 7
62  -1.0 2 2 8
63  -1.0 2 2 9
64  -62.0 2 2 10
65  -62.0 2 2 11
66  -62.0 2 2 14
67  -62.0 2 2 15
68  -32.0 2 2 16
69  -32.0 2 2 17
70  -1.0 2 2 18
71  -1.0 2 2 19
72  -62.0 2 2 20
73  -1.0 2 2 21
74  -31.0 2 2 23
75  -31.0 2 2 24
76  -62.0 2 2 25
77  -1.0 2 2 26
78  -62.0 2 2 27
79  -31.0 2 2 28
80  -1.0 2 2 29
81  -62.0 2 2 30
82  -1.0 2 3 4
83  -62.0 2 3 5
84  -62.0 2 3 6
85  -62.0 2 3 7
86  -1.0 2 3 8
87  -1.0 2 3 9
88  -62.0 2 3 10
89  -62.0 2 3 11
90  -31.0 2 3 12
91  -31.0 2 3 13
92  -62.0 2 3 14
93  -62.0 2 3 15
94  -32.0 2 3 16
95  -32.0 2 3 17
96  -1.0 2 3 18
97  -1.0 2 3 19
98  -62.0 2 3 20
99  -1.0 2 3 21
100  -31.0 2 3 23
101  -31.0 2 3 24
102  -62.0 2 3 25
103  -1.0 2 3 26
104  -62.0 2 3 27
105  -31.0 2 3 28
106  -62.0 2 3 30
107  -1.0 2 4 5
108  -1.0 2 4 6
109  -1.0 2 4 7
110  -1.0 2 4 10
111  -1.0 2 4 11
112  -1.0 2 4 14
113  -1.0 2 4 15
114  -1.0 2 4 20
115  -1.0 2 4 25
116  -1.0 2 4 27
117  -1.0 2 4 30
118  -62.0 2 5 6
119  -62.0 2 5 7
120  -1.0 2 5 8
121  -1.0 2 5 9
122  -62.0 2 5 10
123  -62.0 2 5 11
124  -31.0 2 5 12
125  -31.0 2 5 13
126  -62.0 2 5 14
127  -62.0 2 5 15
128  -32.0 2 5 16
129  -32.0 2 5 17
130  -1.0 2 5 18
131  -1.0 2 5 19
132  -62.0 2 5 20
133  -1.0 2 5 21
134  -31.0 2 5 23
135  -31.0 2 5 24
136  -62.0 2 5 25
137  -1.0 2 5 26
138  -62.0 2 5 27
139  -31.0 2 5 28
140  -1.0 2 5 29
141  -62.0 2 5 30
142  -62.0 2 6 7
143  -1.0 2 6 9
144  -62.0 2 6 10
145  -62.0 2 6 11
146  -31.0 2 6 12
147  -31.0 2 6 13
148  -62.0 2 6 14
149  -62.0 2 6 15
150  -32.0 2 6 16
151  -32.0 2 6 17
152  -1.0 2 6 18
153  -1.0 2 6 19
154  -62.0 2 6 20
155  -1.0 2 6 21
156  -31.0 2 6 23
157  -62.0 2 6 25
158  -1.0 2 6 26
159  -62.0 2 6 27
160  -31.0 2 6 28
161  -1.0 2 6 29
162  -62.0 2 6 30
163  -1.0 2 7 8
164  -1.0 2 7 9
165  -62.0 2 7 10
166  -62.0 2 7 11
167  -31.0 2 7 12
168  -31.0 2 7 13
169  -62.0 2 7 14
170  -62.0 2 7 15
171  -32.0 2 7 16
172  -32.0 2 7 17
173  -1.0 2 7 19
174  -62.0 2 7 20
175  -1.0 2 7 21
176  -31.0 2 7 24
177  -62.0 2 7 25
178  -1.0 2 7 26
179  -62.0 2 7 27
180  -31.0 2 7 28
181  -1.0 2 7 29
182  -62.0 2 7 30
183  -1.0 2 8 10
184  -1.0 2 8 11
185  -1.0 2 8 14
186  -1.0 2 8 15
187  -1.0 2 8 20
188  -1.0 2 8 25
189  -1.0 2 8 27
190  -1.0 2 8 30
191  -1.0 2 9 10
192  -1.0 2 9 14
193  -1.0 2 9 15
194  -1.0 2 9 20
195  -1.0 2 9 25
196  -1.0 2 9 27
197  -1.0 2 9 30
198  -62.0 2 10 11
199  -31.0 2 10 12
200  -31.0 2 10 13
201  -62.0 2 10 14
202  -62.0 2 10 15
203  -32.0 2 10 16
204  -32.0 2 10 17
205  -1.0 2 10 19
206  -62.0 2 10 20
207  -1.0 2 10 21
208  -31.0 2 10 23
209  -31.0 2 10 24
210  -62.0 2 10 25
211  -1.0 2 10 26
212  -62.0 2 10 27
213  -31.0 2 10 28
214  -1.0 2 10 29
215  -62.0 2 10 30
216  -31.0 2 11 12
217  -31.0 2 11 13
218  -62.0 2 11 14
219  -62.0 2 11 15
220  -32.0 2 11 16
221  -32.0 2 11 17
222  -1.0 2 11 18
223  -62.0 2 11 20
224  -1.0 2 11 21
225  -31.0 2 11 23
226  -31.0 2 11 24
227  -62.0 2 11 25
228  -1.0 2 11 26
229  -62.0 2 11 27
230  -31.0 2 11 28
231  -1.0 2 11 29
232  -62.0 2 11 30
233  -31.0 2 12 14
234  -31.0 2 12 15
235  -1.0 2 12 16
236  -1.0 2 12 17
237  -31.0 2 12 20
238  -31.0 2 12 25
239  -31.0 2 12 27
240  -31.0 2 12 30
241  -31.0 2 13 14
242  -31.0 2 13 15
243  -1.0 2 13 16
244  -1.0 2 13 17
245  -31.0 2 13 20
246  -31.0 2 13 25
247  -31.0 2 13 27
248  -31.0 2 13 30
249  -62.0 2 14 15
250  -32.0 2 14 16
251  -32.0 2 14 17
252  -1.0 2 14 18
253  -1.0 2 14 19
254  -62.0 2 14 20
255  -1.0 2 14 21
256  -31.0 2 14 23
257  -31.0 2 14 24
258  -62.0 2 14 25
259  -62.0 2 14 27
260  -1.0 2 14 29
261  -62.0 2 14 30
262  -32.0 2 15 16
263  -32.0 2 15 17
264  -1.0 2 15 18
265  -1.0 2 15 19
266  -62.0 2 15 20
267  -31.0 2 15 23
268  -31.0 2 15 24
269  -62.0 2 15 25
270  -1.0 2 15 26
271  -62.0 2 15 27
272  -31.0 2 15 28
273  -1.0 2 15 29
274  -62.0 2 15 30
275  -2.0 2 16 17
276  -32.0 2 16 20
277  -1.0 2 16 23
278  -1.0 2 16 24
279  -32.0 2 16 25
280  -32.0 2 16 27
281  -32.0 2 16 30
282  -1.0 2 17 24
283  -32.0 2 17 25
284  -32.0 2 17 27
285  -1.0 2 17 28
286  -1.0 2 18 20
287  -1.0 2 18 25
288  -1.0 2 18 27
289  -1.0 2 18 30
290  -1.0 2 19 20
291  -1.0 2 19 25
292  -1.0 2 19 27
293  -1.0 2 19 30
294  -1.0 2 20 21
295  -31.0 2 20 23
296  -31.0 2 20 24
297  -62.0 2 20 25
298  -62.0 2 20 27
299  -1.0 2 20 29
300  -1.0 2 21 25
301  -1.0 2 21 27
302  -1.0 2 21 30
303  -31.0 2 23 25
304  -31.0 2 23 27
305  -31.0 2 24 25
306  -31.0 2 24 27
307  -31.0 2 24 30
308  -1.0 2 25 26
309  -62.0 2 25 27
310  -31.0 2 25 28
311  -1.0 2 25 29
312  -62.0 2 25 30
313  -1.0 2 26 27
314  -31.0 2 27 28
315  -1.0 2 27 29
316  -62.0 2 27 30
317  -31.0 2 28 30
318  -1.0 2 29 30
