30 351 62.0
2 15 21 
1  31.0 1 1
2  31.0 1 2
3  31.0 1 3
4  -30.0 1 4
5  31.0 1 5
6  31.0 1 6
7  31.0 1 7
8  -30.0 1 8
9  -30.0 1 9
10  31.0 1 10
11  31.0 1 11
12  -0.0 1 12
13  -0.0 1 13
14  31.0 1 14
15  31.0 1 15
16  31.0 1 16
17  31.0 1 17
18  31.0 1 18
19  -30.0 1 19
20  31.0 1 20
21  31.0 1 21
22  -61.0 1 22
23  31.0 1 23
24  -0.0 1 24
25  31.0 1 25
26  31.0 1 26
27  31.0 1 27
28  -61.0 1 28
29  -30.0 1 29
30  -0.0 1 30
31  -62.0 2 1 2
32  -62.0 2 1 3
33  -1.0 2 1 4
34  -62.0 2 1 5
35  -62.0 2 1 6
36  -62.0 2 1 7
37  -1.0 2 1 8
38  -1.0 2 1 9
39  -62.0 2 1 10
40  -62.0 2 1 11
41  -31.0 2 1 12
42  -31.0 2 1 13
43  -62.0 2 1 14
44  -62.0 2 1 15
45  -62.0 2 1 16
46  -62.0 2 1 17
47  -62.0 2 1 18
48  -62.0 2 1 20
49  -62.0 2 1 21
50  -62.0 2 1 23
51  -31.0 2 1 24
52  -62.0 2 1 25
53  -62.0 2 1 26
54  -62.0 2 1 27
55  -1.0 2 1 29
56  -31.0 2 1 30
57  -62.0 2 2 3
58  -62.0 2 2 5
59  -62.0 2 2 6
60  -62.0 2 2 7
61  -1.0 2 2 8
62  -1.0 2 2 9
63  -62.0 2 2 10
64  -62.0 2 2 11
65  -62.0 2 2 14
66  -62.0 2 2 15
67  -62.0 2 2 16
68  -62.0 2 2 17
69  -62.0 2 2 18
70  -1.0 2 2 19
71  -62.0 2 2 20
72  -62.0 2 2 21
73  -62.0 2 2 23
74  -31.0 2 2 24
75  -62.0 2 2 25
76  -62.0 2 2 26
77  -62.0 2 2 27
78  -1.0 2 2 29
79  -31.0 2 2 30
80  -1.0 2 3 4
81  -62.0 2 3 5
82  -62.0 2 3 6
83  -62.0 2 3 7
84  -1.0 2 3 8
85  -1.0 2 3 9
86  -62.0 2 3 10
87  -62.0 2 3 11
88  -31.0 2 3 12
89  -31.0 2 3 13
90  -62.0 2 3 14
91  -62.0 2 3 15
92  -62.0 2 3 16
93  -62.0 2 3 17
94  -62.0 2 3 18
95  -1.0 2 3 19
96  -62.0 2 3 20
97  -62.0 2 3 21
98  -62.0 2 3 23
99  -31.0 2 3 24
100  -62.0 2 3 25
101  -62.0 2 3 26
102  -62.0 2 3 27
103  -31.0 2 3 30
104  -1.0 2 4 5
105  -1.0 2 4 6
106  -1.0 2 4 7
107  -1.0 2 4 10
108  -1.0 2 4 11
109  -1.0 2 4 14
110  -1.0 2 4 15
111  -1.0 2 4 16
112  -1.0 2 4 17
113  -1.0 2 4 18
114  -1.0 2 4 20
115  -1.0 2 4 21
116  -1.0 2 4 23
117  -1.0 2 4 25
118  -1.0 2 4 26
119  -1.0 2 4 27
120  -62.0 2 5 6
121  -62.0 2 5 7
122  -1.0 2 5 8
123  -1.0 2 5 9
124  -62.0 2 5 10
125  -62.0 2 5 11
126  -31.0 2 5 12
127  -31.0 2 5 13
128  -62.0 2 5 14
129  -62.0 2 5 15
130  -62.0 2 5 16
131  -62.0 2 5 17
132  -62.0 2 5 18
133  -1.0 2 5 19
134  -62.0 2 5 20
135  -62.0 2 5 21
136  -62.0 2 5 23
137  -31.0 2 5 24
138  -62.0 2 5 25
139  -62.0 2 5 26
140  -62.0 2 5 27
141  -1.0 2 5 29
142  -31.0 2 5 30
143  -62.0 2 6 7
144  -1.0 2 6 9
145  -62.0 2 6 10
146  -62.0 2 6 11
147  -31.0 2 6 12
148  -31.0 2 6 13
149  -62.0 2 6 14
150  -62.0 2 6 15
151  -62.0 2 6 16
152  -62.0 2 6 17
153  -62.0 2 6 18
154  -1.0 2 6 19
155  -62.0 2 6 20
156  -62.0 2 6 21
157  -62.0 2 6 23
158  -62.0 2 6 25
159  -62.0 2 6 26
160  -62.0 2 6 27
161  -1.0 2 6 29
162  -31.0 2 6 30
163  -1.0 2 7 8
164  -1.0 2 7 9
165  -62.0 2 7 10
166  -62.0 2 7 11
167  -31.0 2 7 12
168  -31.0 2 7 13
169  -62.0 2 7 14
170  -62.0 2 7 15
171  -62.0 2 7 16
172  -62.0 2 7 17
173  -1.0 2 7 19
174  -62.0 2 7 20
175  -62.0 2 7 21
176  -31.0 2 7 24
177  -62.0 2 7 25
178  -62.0 2 7 26
179  -62.0 2 7 27
180  -1.0 2 7 29
181  -31.0 2 7 30
182  -1.0 2 8 10
183  -1.0 2 8 11
184  -1.0 2 8 14
185  -1.0 2 8 15
186  -1.0 2 8 16
187  -1.0 2 8 17
188  -1.0 2 8 18
189  -1.0 2 8 20
190  -1.0 2 8 21
191  -1.0 2 8 23
192  -1.0 2 8 25
193  -1.0 2 8 26
194  -1.0 2 8 27
195  -1.0 2 9 10
196  -1.0 2 9 14
197  -1.0 2 9 15
198  -1.0 2 9 16
199  -1.0 2 9 17
200  -1.0 2 9 18
201  -1.0 2 9 20
202  -1.0 2 9 21
203  -1.0 2 9 23
204  -1.0 2 9 25
205  -1.0 2 9 26
206  -1.0 2 9 27
207  -62.0 2 10 11
208  -31.0 2 10 12
209  -31.0 2 10 13
210  -62.0 2 10 14
211  -62.0 2 10 15
212  -62.0 2 10 16
213  -62.0 2 10 17
214  -1.0 2 10 19
215  -62.0 2 10 20
216  -62.0 2 10 21
217  -62.0 2 10 23
218  -31.0 2 10 24
219  -62.0 2 10 25
220  -62.0 2 10 26
221  -62.0 2 10 27
222  -1.0 2 10 29
223  -31.0 2 10 30
224  -31.0 2 11 12
225  -31.0 2 11 13
226  -62.0 2 11 14
227  -62.0 2 11 15
228  -62.0 2 11 16
229  -62.0 2 11 17
230  -62.0 2 11 18
231  -62.0 2 11 20
232  -62.0 2 11 21
233  -62.0 2 11 23
234  -31.0 2 11 24
235  -62.0 2 11 25
236  -62.0 2 11 26
237  -62.0 2 11 27
238  -1.0 2 11 29
239  -31.0 2 11 30
240  -31.0 2 12 14
241  -31.0 2 12 15
242  -31.0 2 12 16
243  -31.0 2 12 17
244  -31.0 2 12 18
245  -31.0 2 12 20
246  -31.0 2 12 21
247  -31.0 2 12 23
248  -31.0 2 12 25
249  -31.0 2 12 26
250  -31.0 2 12 27
251  -31.0 2 13 14
252  -31.0 2 13 15
253  -31.0 2 13 16
254  -31.0 2 13 17
255  -31.0 2 13 18
256  -31.0 2 13 20
257  -31.0 2 13 21
258  -31.0 2 13 23
259  -31.0 2 13 25
260  -31.0 2 13 26
261  -31.0 2 13 27
262  -62.0 2 14 15
263  -62.0 2 14 16
264  -62.0 2 14 17
265  -62.0 2 14 18
266  -1.0 2 14 19
267  -62.0 2 14 20
268  -62.0 2 14 21
269  -62.0 2 14 23
270  -31.0 2 14 24
271  -62.0 2 14 25
272  -62.0 2 14 27
273  -1.0 2 14 29
274  -31.0 2 14 30
275  -62.0 2 15 16
276  -62.0 2 15 17
277  -62.0 2 15 18
278  -1.0 2 15 19
279  -62.0 2 15 20
280  -62.0 2 15 23
281  -31.0 2 15 24
282  -62.0 2 15 25
283  -62.0 2 15 26
284  -62.0 2 15 27
285  -1.0 2 15 29
286  -31.0 2 15 30
287  -62.0 2 16 17
288  -62.0 2 16 18
289  -1.0 2 16 19
290  -62.0 2 16 20
291  -62.0 2 16 21
292  -62.0 2 16 23
293  -31.0 2 16 24
294  -62.0 2 16 25
295  -62.0 2 16 26
296  -62.0 2 16 27
297  -1.0 2 16 29
298  -31.0 2 16 30
299  -62.0 2 17 18
300  -1.0 2 17 19
301  -62.0 2 17 21
302  -31.0 2 17 24
303  -62.0 2 17 25
304  -62.0 2 17 26
305  -62.0 2 17 27
306  -1.0 2 17 29
307  -1.0 2 18 19
308  -62.0 2 18 20
309  -62.0 2 18 21
310  -62.0 2 18 23
311  -31.0 2 18 24
312  -62.0 2 18 25
313  -62.0 2 18 26
314  -62.0 2 18 27
315  -1.0 2 18 29
316  -31.0 2 18 30
317  -1.0 2 19 20
318  -1.0 2 19 21
319  -1.0 2 19 23
320  -1.0 2 19 25
321  -1.0 2 19 26
322  -1.0 2 19 27
323  -62.0 2 20 21
324  -62.0 2 20 23
325  -31.0 2 20 24
326  -62.0 2 20 25
327  -62.0 2 20 27
328  -1.0 2 20 29
329  -62.0 2 21 23
330  -31.0 2 21 24
331  -62.0 2 21 25
332  -62.0 2 21 26
333  -62.0 2 21 27
334  -1.0 2 21 29
335  -31.0 2 21 30
336  -31.0 2 23 24
337  -62.0 2 23 25
338  -62.0 2 23 26
339  -62.0 2 23 27
340  -1.0 2 23 29
341  -31.0 2 24 25
342  -31.0 2 24 26
343  -31.0 2 24 27
344  -62.0 2 25 26
345  -62.0 2 25 27
346  -1.0 2 25 29
347  -31.0 2 25 30
348  -62.0 2 26 27
349  -1.0 2 26 29
350  -1.0 2 27 29
351  -31.0 2 27 30
