30 350 62.0
2 7 18 
1  31.0 1 1
2  31.0 1 2
3  31.0 1 3
4  -30.0 1 4
5  31.0 1 5
6  31.0 1 6
7  31.0 1 7
8  -30.0 1 8
9  -30.0 1 9
10  31.0 1 10
11  31.0 1 11
12  -0.0 1 12
13  -0.0 1 13
14  31.0 1 14
15  31.0 1 15
16  31.0 1 16
17  31.0 1 17
18  31.0 1 18
19  -30.0 1 19
20  -30.0 1 20
21  -30.0 1 21
22  -0.0 1 22
23  -30.0 1 23
24  -0.0 1 24
25  31.0 1 25
26  31.0 1 26
27  31.0 1 27
28  -0.0 1 28
29  -30.0 1 29
30  -0.0 1 30
31  -62.0 2 1 2
32  -62.0 2 1 3
33  -1.0 2 1 4
34  -62.0 2 1 5
35  -62.0 2 1 6
36  -62.0 2 1 7
37  -1.0 2 1 8
38  -1.0 2 1 9
39  -62.0 2 1 10
40  -62.0 2 1 11
41  -31.0 2 1 12
42  -31.0 2 1 13
43  -62.0 2 1 14
44  -62.0 2 1 15
45  -62.0 2 1 16
46  -62.0 2 1 17
47  -62.0 2 1 18
48  -1.0 2 1 20
49  -1.0 2 1 21
50  -31.0 2 1 22
51  -1.0 2 1 23
52  -31.0 2 1 24
53  -62.0 2 1 25
54  -62.0 2 1 26
55  -62.0 2 1 27
56  -31.0 2 1 28
57  -1.0 2 1 29
58  -31.0 2 1 30
59  -62.0 2 2 3
60  -62.0 2 2 5
61  -62.0 2 2 6
62  -62.0 2 2 7
63  -1.0 2 2 8
64  -1.0 2 2 9
65  -62.0 2 2 10
66  -62.0 2 2 11
67  -62.0 2 2 14
68  -62.0 2 2 15
69  -62.0 2 2 16
70  -62.0 2 2 17
71  -62.0 2 2 18
72  -1.0 2 2 19
73  -1.0 2 2 20
74  -1.0 2 2 21
75  -31.0 2 2 22
76  -1.0 2 2 23
77  -31.0 2 2 24
78  -62.0 2 2 25
79  -62.0 2 2 26
80  -62.0 2 2 27
81  -31.0 2 2 28
82  -1.0 2 2 29
83  -31.0 2 2 30
84  -1.0 2 3 4
85  -62.0 2 3 5
86  -62.0 2 3 6
87  -62.0 2 3 7
88  -1.0 2 3 8
89  -1.0 2 3 9
90  -62.0 2 3 10
91  -62.0 2 3 11
92  -31.0 2 3 12
93  -31.0 2 3 13
94  -62.0 2 3 14
95  -62.0 2 3 15
96  -62.0 2 3 16
97  -62.0 2 3 17
98  -62.0 2 3 18
99  -1.0 2 3 19
100  -1.0 2 3 20
101  -1.0 2 3 21
102  -31.0 2 3 22
103  -1.0 2 3 23
104  -31.0 2 3 24
105  -62.0 2 3 25
106  -62.0 2 3 26
107  -62.0 2 3 27
108  -31.0 2 3 28
109  -31.0 2 3 30
110  -1.0 2 4 5
111  -1.0 2 4 6
112  -1.0 2 4 7
113  -1.0 2 4 10
114  -1.0 2 4 11
115  -1.0 2 4 14
116  -1.0 2 4 15
117  -1.0 2 4 16
118  -1.0 2 4 17
119  -1.0 2 4 18
120  -1.0 2 4 25
121  -1.0 2 4 26
122  -1.0 2 4 27
123  -62.0 2 5 6
124  -62.0 2 5 7
125  -1.0 2 5 8
126  -1.0 2 5 9
127  -62.0 2 5 10
128  -62.0 2 5 11
129  -31.0 2 5 12
130  -31.0 2 5 13
131  -62.0 2 5 14
132  -62.0 2 5 15
133  -62.0 2 5 16
134  -62.0 2 5 17
135  -62.0 2 5 18
136  -1.0 2 5 19
137  -1.0 2 5 20
138  -1.0 2 5 21
139  -31.0 2 5 22
140  -1.0 2 5 23
141  -31.0 2 5 24
142  -62.0 2 5 25
143  -62.0 2 5 26
144  -62.0 2 5 27
145  -31.0 2 5 28
146  -1.0 2 5 29
147  -31.0 2 5 30
148  -62.0 2 6 7
149  -1.0 2 6 9
150  -62.0 2 6 10
151  -62.0 2 6 11
152  -31.0 2 6 12
153  -31.0 2 6 13
154  -62.0 2 6 14
155  -62.0 2 6 15
156  -62.0 2 6 16
157  -62.0 2 6 17
158  -62.0 2 6 18
159  -1.0 2 6 19
160  -1.0 2 6 20
161  -1.0 2 6 21
162  -31.0 2 6 22
163  -1.0 2 6 23
164  -62.0 2 6 25
165  -62.0 2 6 26
166  -62.0 2 6 27
167  -31.0 2 6 28
168  -1.0 2 6 29
169  -31.0 2 6 30
170  -1.0 2 7 8
171  -1.0 2 7 9
172  -62.0 2 7 10
173  -62.0 2 7 11
174  -31.0 2 7 12
175  -31.0 2 7 13
176  -62.0 2 7 14
177  -62.0 2 7 15
178  -62.0 2 7 16
179  -62.0 2 7 17
180  -1.0 2 7 19
181  -1.0 2 7 20
182  -1.0 2 7 21
183  -31.0 2 7 22
184  -31.0 2 7 24
185  -62.0 2 7 25
186  -62.0 2 7 26
187  -62.0 2 7 27
188  -31.0 2 7 28
189  -1.0 2 7 29
190  -31.0 2 7 30
191  -1.0 2 8 10
192  -1.0 2 8 11
193  -1.0 2 8 14
194  -1.0 2 8 15
195  -1.0 2 8 16
196  -1.0 2 8 17
197  -1.0 2 8 18
198  -1.0 2 8 25
199  -1.0 2 8 26
200  -1.0 2 8 27
201  -1.0 2 9 10
202  -1.0 2 9 14
203  -1.0 2 9 15
204  -1.0 2 9 16
205  -1.0 2 9 17
206  -1.0 2 9 18
207  -1.0 2 9 25
208  -1.0 2 9 26
209  -1.0 2 9 27
210  -62.0 2 10 11
211  -31.0 2 10 12
212  -31.0 2 10 13
213  -62.0 2 10 14
214  -62.0 2 10 15
215  -62.0 2 10 16
216  -62.0 2 10 17
217  -1.0 2 10 19
218  -1.0 2 10 20
219  -1.0 2 10 21
220  -31.0 2 10 22
221  -1.0 2 10 23
222  -31.0 2 10 24
223  -62.0 2 10 25
224  -62.0 2 10 26
225  -62.0 2 10 27
226  -31.0 2 10 28
227  -1.0 2 10 29
228  -31.0 2 10 30
229  -31.0 2 11 12
230  -31.0 2 11 13
231  -62.0 2 11 14
232  -62.0 2 11 15
233  -62.0 2 11 16
234  -62.0 2 11 17
235  -62.0 2 11 18
236  -1.0 2 11 20
237  -1.0 2 11 21
238  -31.0 2 11 22
239  -1.0 2 11 23
240  -31.0 2 11 24
241  -62.0 2 11 25
242  -62.0 2 11 26
243  -62.0 2 11 27
244  -31.0 2 11 28
245  -1.0 2 11 29
246  -31.0 2 11 30
247  -31.0 2 12 14
248  -31.0 2 12 15
249  -31.0 2 12 16
250  -31.0 2 12 17
251  -31.0 2 12 18
252  -31.0 2 12 25
253  -31.0 2 12 26
254  -31.0 2 12 27
255  -31.0 2 13 14
256  -31.0 2 13 15
257  -31.0 2 13 16
258  -31.0 2 13 17
259  -31.0 2 13 18
260  -31.0 2 13 25
261  -31.0 2 13 26
262  -31.0 2 13 27
263  -62.0 2 14 15
264  -62.0 2 14 16
265  -62.0 2 14 17
266  -62.0 2 14 18
267  -1.0 2 14 19
268  -1.0 2 14 20
269  -1.0 2 14 21
270  -31.0 2 14 22
271  -1.0 2 14 23
272  -31.0 2 14 24
273  -62.0 2 14 25
274  -62.0 2 14 27
275  -1.0 2 14 29
276  -31.0 2 14 30
277  -62.0 2 15 16
278  -62.0 2 15 17
279  -62.0 2 15 18
280  -1.0 2 15 19
281  -1.0 2 15 20
282  -31.0 2 15 22
283  -1.0 2 15 23
284  -31.0 2 15 24
285  -62.0 2 15 25
286  -62.0 2 15 26
287  -62.0 2 15 27
288  -31.0 2 15 28
289  -1.0 2 15 29
290  -31.0 2 15 30
291  -62.0 2 16 17
292  -62.0 2 16 18
293  -1.0 2 16 19
294  -1.0 2 16 20
295  -1.0 2 16 21
296  -1.0 2 16 23
297  -31.0 2 16 24
298  -62.0 2 16 25
299  -62.0 2 16 26
300  -62.0 2 16 27
301  -1.0 2 16 29
302  -31.0 2 16 30
303  -62.0 2 17 18
304  -1.0 2 17 19
305  -1.0 2 17 21
306  -31.0 2 17 24
307  -62.0 2 17 25
308  -62.0 2 17 26
309  -62.0 2 17 27
310  -31.0 2 17 28
311  -1.0 2 17 29
312  -1.0 2 18 19
313  -1.0 2 18 20
314  -1.0 2 18 21
315  -31.0 2 18 22
316  -1.0 2 18 23
317  -31.0 2 18 24
318  -62.0 2 18 25
319  -62.0 2 18 26
320  -62.0 2 18 27
321  -31.0 2 18 28
322  -1.0 2 18 29
323  -31.0 2 18 30
324  -1.0 2 19 25
325  -1.0 2 19 26
326  -1.0 2 19 27
327  -1.0 2 20 25
328  -1.0 2 20 27
329  -1.0 2 21 25
330  -1.0 2 21 26
331  -1.0 2 21 27
332  -31.0 2 22 25
333  -31.0 2 22 26
334  -31.0 2 22 27
335  -1.0 2 23 25
336  -1.0 2 23 26
337  -1.0 2 23 27
338  -31.0 2 24 25
339  -31.0 2 24 26
340  -31.0 2 24 27
341  -62.0 2 25 26
342  -62.0 2 25 27
343  -31.0 2 25 28
344  -1.0 2 25 29
345  -31.0 2 25 30
346  -62.0 2 26 27
347  -1.0 2 26 29
348  -31.0 2 27 28
349  -1.0 2 27 29
350  -31.0 2 27 30
