30 312 93.0
3 20 22 30 
1  31.0 1 1
2  31.0 1 2
3  31.0 1 3
4  -30.0 1 4
5  31.0 1 5
6  31.0 1 6
7  1.0 1 7
8  -30.0 1 8
9  -30.0 1 9
10  1.0 1 10
11  31.0 1 11
12  -0.0 1 12
13  -0.0 1 13
14  31.0 1 14
15  31.0 1 15
16  1.0 1 16
17  -61.0 1 17
18  -0.0 1 18
19  -30.0 1 19
20  31.0 1 20
21  -30.0 1 21
22  31.0 1 22
23  -0.0 1 23
24  -0.0 1 24
25  31.0 1 25
26  -30.0 1 26
27  31.0 1 27
28  -0.0 1 28
29  -30.0 1 29
30  31.0 1 30
31  -62.0 2 1 2
32  -62.0 2 1 3
33  -1.0 2 1 4
34  -62.0 2 1 5
35  -62.0 2 1 6
36  -32.0 2 1 7
37  -1.0 2 1 8
38  -1.0 2 1 9
39  -32.0 2 1 10
40  -62.0 2 1 11
41  -31.0 2 1 12
42  -31.0 2 1 13
43  -62.0 2 1 14
44  -62.0 2 1 15
45  -32.0 2 1 16
46  -31.0 2 1 18
47  -62.0 2 1 20
48  -1.0 2 1 21
49  -62.0 2 1 22
50  -31.0 2 1 23
51  -31.0 2 1 24
52  -62.0 2 1 25
53  -1.0 2 1 26
54  -62.0 2 1 27
55  -31.0 2 1 28
56  -1.0 2 1 29
57  -62.0 2 1 30
58  -62.0 2 2 3
59  -62.0 2 2 5
60  -62.0 2 2 6
61  -32.0 2 2 7
62  -1.0 2 2 8
63  -1.0 2 2 9
64  -32.0 2 2 10
65  -62.0 2 2 11
66  -62.0 2 2 14
67  -62.0 2 2 15
68  -32.0 2 2 16
69  -31.0 2 2 18
70  -1.0 2 2 19
71  -62.0 2 2 20
72  -1.0 2 2 21
73  -62.0 2 2 22
74  -31.0 2 2 23
75  -31.0 2 2 24
76  -62.0 2 2 25
77  -1.0 2 2 26
78  -62.0 2 2 27
79  -31.0 2 2 28
80  -1.0 2 2 29
81  -62.0 2 2 30
82  -1.0 2 3 4
83  -62.0 2 3 5
84  -62.0 2 3 6
85  -32.0 2 3 7
86  -1.0 2 3 8
87  -1.0 2 3 9
88  -32.0 2 3 10
89  -62.0 2 3 11
90  -31.0 2 3 12
91  -31.0 2 3 13
92  -62.0 2 3 14
93  -62.0 2 3 15
94  -32.0 2 3 16
95  -31.0 2 3 18
96  -1.0 2 3 19
97  -62.0 2 3 20
98  -1.0 2 3 21
99  -62.0 2 3 22
100  -31.0 2 3 23
101  -31.0 2 3 24
102  -62.0 2 3 25
103  -1.0 2 3 26
104  -62.0 2 3 27
105  -31.0 2 3 28
106  -62.0 2 3 30
107  -1.0 2 4 5
108  -1.0 2 4 6
109  -1.0 2 4 11
110  -1.0 2 4 14
111  -1.0 2 4 15
112  -1.0 2 4 20
113  -1.0 2 4 22
114  -1.0 2 4 25
115  -1.0 2 4 27
116  -1.0 2 4 30
117  -62.0 2 5 6
118  -32.0 2 5 7
119  -1.0 2 5 8
120  -1.0 2 5 9
121  -32.0 2 5 10
122  -62.0 2 5 11
123  -31.0 2 5 12
124  -31.0 2 5 13
125  -62.0 2 5 14
126  -62.0 2 5 15
127  -32.0 2 5 16
128  -31.0 2 5 18
129  -1.0 2 5 19
130  -62.0 2 5 20
131  -1.0 2 5 21
132  -62.0 2 5 22
133  -31.0 2 5 23
134  -31.0 2 5 24
135  -62.0 2 5 25
136  -1.0 2 5 26
137  -62.0 2 5 27
138  -31.0 2 5 28
139  -1.0 2 5 29
140  -62.0 2 5 30
141  -32.0 2 6 7
142  -1.0 2 6 9
143  -32.0 2 6 10
144  -62.0 2 6 11
145  -31.0 2 6 12
146  -31.0 2 6 13
147  -62.0 2 6 14
148  -62.0 2 6 15
149  -32.0 2 6 16
150  -31.0 2 6 18
151  -1.0 2 6 19
152  -62.0 2 6 20
153  -1.0 2 6 21
154  -62.0 2 6 22
155  -31.0 2 6 23
156  -62.0 2 6 25
157  -1.0 2 6 26
158  -62.0 2 6 27
159  -31.0 2 6 28
160  -1.0 2 6 29
161  -62.0 2 6 30
162  -2.0 2 7 10
163  -32.0 2 7 11
164  -1.0 2 7 12
165  -1.0 2 7 13
166  -32.0 2 7 14
167  -32.0 2 7 15
168  -2.0 2 7 16
169  -32.0 2 7 20
170  -32.0 2 7 22
171  -1.0 2 7 24
172  -32.0 2 7 25
173  -32.0 2 7 27
174  -1.0 2 7 28
175  -32.0 2 7 30
176  -1.0 2 8 11
177  -1.0 2 8 14
178  -1.0 2 8 15
179  -1.0 2 8 20
180  -1.0 2 8 22
181  -1.0 2 8 25
182  -1.0 2 8 27
183  -1.0 2 8 30
184  -1.0 2 9 14
185  -1.0 2 9 15
186  -1.0 2 9 20
187  -1.0 2 9 22
188  -1.0 2 9 25
189  -1.0 2 9 27
190  -1.0 2 9 30
191  -32.0 2 10 11
192  -1.0 2 10 12
193  -1.0 2 10 13
194  -32.0 2 10 14
195  -32.0 2 10 15
196  -2.0 2 10 16
197  -32.0 2 10 20
198  -32.0 2 10 22
199  -1.0 2 10 23
200  -1.0 2 10 24
201  -32.0 2 10 25
202  -32.0 2 10 27
203  -1.0 2 10 28
204  -32.0 2 10 30
205  -31.0 2 11 12
206  -31.0 2 11 13
207  -62.0 2 11 14
208  -62.0 2 11 15
209  -32.0 2 11 16
210  -31.0 2 11 18
211  -62.0 2 11 20
212  -1.0 2 11 21
213  -62.0 2 11 22
214  -31.0 2 11 23
215  -31.0 2 11 24
216  -62.0 2 11 25
217  -1.0 2 11 26
218  -62.0 2 11 27
219  -31.0 2 11 28
220  -1.0 2 11 29
221  -62.0 2 11 30
222  -31.0 2 12 14
223  -31.0 2 12 15
224  -1.0 2 12 16
225  -31.0 2 12 20
226  -31.0 2 12 22
227  -31.0 2 12 25
228  -31.0 2 12 27
229  -31.0 2 12 30
230  -31.0 2 13 14
231  -31.0 2 13 15
232  -1.0 2 13 16
233  -31.0 2 13 20
234  -31.0 2 13 22
235  -31.0 2 13 25
236  -31.0 2 13 27
237  -31.0 2 13 30
238  -62.0 2 14 15
239  -32.0 2 14 16
240  -31.0 2 14 18
241  -1.0 2 14 19
242  -62.0 2 14 20
243  -1.0 2 14 21
244  -62.0 2 14 22
245  -31.0 2 14 23
246  -31.0 2 14 24
247  -62.0 2 14 25
248  -62.0 2 14 27
249  -1.0 2 14 29
250  -62.0 2 14 30
251  -32.0 2 15 16
252  -31.0 2 15 18
253  -1.0 2 15 19
254  -62.0 2 15 20
255  -62.0 2 15 22
256  -31.0 2 15 23
257  -31.0 2 15 24
258  -62.0 2 15 25
259  -1.0 2 15 26
260  -62.0 2 15 27
261  -31.0 2 15 28
262  -1.0 2 15 29
263  -62.0 2 15 30
264  -1.0 2 16 18
265  -32.0 2 16 20
266  -1.0 2 16 23
267  -1.0 2 16 24
268  -32.0 2 16 25
269  -32.0 2 16 27
270  -32.0 2 16 30
271  -31.0 2 18 20
272  -31.0 2 18 22
273  -31.0 2 18 25
274  -31.0 2 18 27
275  -31.0 2 18 30
276  -1.0 2 19 20
277  -1.0 2 19 22
278  -1.0 2 19 25
279  -1.0 2 19 27
280  -1.0 2 19 30
281  -1.0 2 20 21
282  -31.0 2 20 23
283  -31.0 2 20 24
284  -62.0 2 20 25
285  -62.0 2 20 27
286  -1.0 2 20 29
287  -1.0 2 21 22
288  -1.0 2 21 25
289  -1.0 2 21 27
290  -1.0 2 21 30
291  -31.0 2 22 24
292  -62.0 2 22 25
293  -1.0 2 22 26
294  -62.0 2 22 27
295  -31.0 2 22 28
296  -1.0 2 22 29
297  -31.0 2 23 25
298  -31.0 2 23 27
299  -31.0 2 24 25
300  -31.0 2 24 27
301  -31.0 2 24 30
302  -1.0 2 25 26
303  -62.0 2 25 27
304  -31.0 2 25 28
305  -1.0 2 25 29
306  -62.0 2 25 30
307  -1.0 2 26 27
308  -31.0 2 27 28
309  -1.0 2 27 29
310  -62.0 2 27 30
311  -31.0 2 28 30
312  -1.0 2 29 30
