30 359 62.0
2 1 19 
1  31.0 1 1
2  31.0 1 2
3  31.0 1 3
4  -30.0 1 4
5  31.0 1 5
6  31.0 1 6
7  31.0 1 7
8  -30.0 1 8
9  31.0 1 9
10  31.0 1 10
11  -30.0 1 11
12  -0.0 1 12
13  -0.0 1 13
14  31.0 1 14
15  31.0 1 15
16  31.0 1 16
17  31.0 1 17
18  31.0 1 18
19  31.0 1 19
20  31.0 1 20
21  31.0 1 21
22  -61.0 1 22
23  31.0 1 23
24  -0.0 1 24
25  31.0 1 25
26  31.0 1 26
27  31.0 1 27
28  -61.0 1 28
29  -30.0 1 29
30  -0.0 1 30
31  -62.0 2 1 2
32  -62.0 2 1 3
33  -1.0 2 1 4
34  -62.0 2 1 5
35  -62.0 2 1 6
36  -62.0 2 1 7
37  -1.0 2 1 8
38  -62.0 2 1 9
39  -62.0 2 1 10
40  -1.0 2 1 11
41  -31.0 2 1 12
42  -31.0 2 1 13
43  -62.0 2 1 14
44  -62.0 2 1 15
45  -62.0 2 1 16
46  -62.0 2 1 17
47  -62.0 2 1 18
48  -62.0 2 1 20
49  -62.0 2 1 21
50  -62.0 2 1 23
51  -31.0 2 1 24
52  -62.0 2 1 25
53  -62.0 2 1 26
54  -62.0 2 1 27
55  -1.0 2 1 29
56  -31.0 2 1 30
57  -62.0 2 2 3
58  -62.0 2 2 5
59  -62.0 2 2 6
60  -62.0 2 2 7
61  -1.0 2 2 8
62  -62.0 2 2 9
63  -62.0 2 2 10
64  -1.0 2 2 11
65  -62.0 2 2 14
66  -62.0 2 2 15
67  -62.0 2 2 16
68  -62.0 2 2 17
69  -62.0 2 2 18
70  -62.0 2 2 19
71  -62.0 2 2 20
72  -62.0 2 2 21
73  -62.0 2 2 23
74  -31.0 2 2 24
75  -62.0 2 2 25
76  -62.0 2 2 26
77  -62.0 2 2 27
78  -1.0 2 2 29
79  -31.0 2 2 30
80  -1.0 2 3 4
81  -62.0 2 3 5
82  -62.0 2 3 6
83  -62.0 2 3 7
84  -1.0 2 3 8
85  -62.0 2 3 9
86  -62.0 2 3 10
87  -1.0 2 3 11
88  -31.0 2 3 12
89  -31.0 2 3 13
90  -62.0 2 3 14
91  -62.0 2 3 15
92  -62.0 2 3 16
93  -62.0 2 3 17
94  -62.0 2 3 18
95  -62.0 2 3 19
96  -62.0 2 3 20
97  -62.0 2 3 21
98  -62.0 2 3 23
99  -31.0 2 3 24
100  -62.0 2 3 25
101  -62.0 2 3 26
102  -62.0 2 3 27
103  -31.0 2 3 30
104  -1.0 2 4 5
105  -1.0 2 4 6
106  -1.0 2 4 7
107  -1.0 2 4 9
108  -1.0 2 4 10
109  -1.0 2 4 14
110  -1.0 2 4 15
111  -1.0 2 4 16
112  -1.0 2 4 17
113  -1.0 2 4 18
114  -1.0 2 4 19
115  -1.0 2 4 20
116  -1.0 2 4 21
117  -1.0 2 4 23
118  -1.0 2 4 25
119  -1.0 2 4 26
120  -1.0 2 4 27
121  -62.0 2 5 6
122  -62.0 2 5 7
123  -1.0 2 5 8
124  -62.0 2 5 9
125  -62.0 2 5 10
126  -1.0 2 5 11
127  -31.0 2 5 12
128  -31.0 2 5 13
129  -62.0 2 5 14
130  -62.0 2 5 15
131  -62.0 2 5 16
132  -62.0 2 5 17
133  -62.0 2 5 18
134  -62.0 2 5 19
135  -62.0 2 5 20
136  -62.0 2 5 21
137  -62.0 2 5 23
138  -31.0 2 5 24
139  -62.0 2 5 25
140  -62.0 2 5 26
141  -62.0 2 5 27
142  -1.0 2 5 29
143  -31.0 2 5 30
144  -62.0 2 6 7
145  -62.0 2 6 9
146  -62.0 2 6 10
147  -1.0 2 6 11
148  -31.0 2 6 12
149  -31.0 2 6 13
150  -62.0 2 6 14
151  -62.0 2 6 15
152  -62.0 2 6 16
153  -62.0 2 6 17
154  -62.0 2 6 18
155  -62.0 2 6 19
156  -62.0 2 6 20
157  -62.0 2 6 21
158  -62.0 2 6 23
159  -62.0 2 6 25
160  -62.0 2 6 26
161  -62.0 2 6 27
162  -1.0 2 6 29
163  -31.0 2 6 30
164  -1.0 2 7 8
165  -62.0 2 7 9
166  -62.0 2 7 10
167  -1.0 2 7 11
168  -31.0 2 7 12
169  -31.0 2 7 13
170  -62.0 2 7 14
171  -62.0 2 7 15
172  -62.0 2 7 16
173  -62.0 2 7 17
174  -62.0 2 7 19
175  -62.0 2 7 20
176  -62.0 2 7 21
177  -31.0 2 7 24
178  -62.0 2 7 25
179  -62.0 2 7 26
180  -62.0 2 7 27
181  -1.0 2 7 29
182  -31.0 2 7 30
183  -1.0 2 8 9
184  -1.0 2 8 10
185  -1.0 2 8 14
186  -1.0 2 8 15
187  -1.0 2 8 16
188  -1.0 2 8 17
189  -1.0 2 8 18
190  -1.0 2 8 19
191  -1.0 2 8 20
192  -1.0 2 8 21
193  -1.0 2 8 23
194  -1.0 2 8 25
195  -1.0 2 8 26
196  -1.0 2 8 27
197  -62.0 2 9 10
198  -31.0 2 9 12
199  -31.0 2 9 13
200  -62.0 2 9 14
201  -62.0 2 9 15
202  -62.0 2 9 16
203  -62.0 2 9 17
204  -62.0 2 9 18
205  -62.0 2 9 19
206  -62.0 2 9 20
207  -62.0 2 9 21
208  -62.0 2 9 23
209  -31.0 2 9 24
210  -62.0 2 9 25
211  -62.0 2 9 26
212  -62.0 2 9 27
213  -1.0 2 9 29
214  -31.0 2 9 30
215  -1.0 2 10 11
216  -31.0 2 10 12
217  -31.0 2 10 13
218  -62.0 2 10 14
219  -62.0 2 10 15
220  -62.0 2 10 16
221  -62.0 2 10 17
222  -62.0 2 10 19
223  -62.0 2 10 20
224  -62.0 2 10 21
225  -62.0 2 10 23
226  -31.0 2 10 24
227  -62.0 2 10 25
228  -62.0 2 10 26
229  -62.0 2 10 27
230  -1.0 2 10 29
231  -31.0 2 10 30
232  -1.0 2 11 14
233  -1.0 2 11 15
234  -1.0 2 11 16
235  -1.0 2 11 17
236  -1.0 2 11 18
237  -1.0 2 11 20
238  -1.0 2 11 21
239  -1.0 2 11 23
240  -1.0 2 11 25
241  -1.0 2 11 26
242  -1.0 2 11 27
243  -31.0 2 12 14
244  -31.0 2 12 15
245  -31.0 2 12 16
246  -31.0 2 12 17
247  -31.0 2 12 18
248  -31.0 2 12 19
249  -31.0 2 12 20
250  -31.0 2 12 21
251  -31.0 2 12 23
252  -31.0 2 12 25
253  -31.0 2 12 26
254  -31.0 2 12 27
255  -31.0 2 13 14
256  -31.0 2 13 15
257  -31.0 2 13 16
258  -31.0 2 13 17
259  -31.0 2 13 18
260  -31.0 2 13 19
261  -31.0 2 13 20
262  -31.0 2 13 21
263  -31.0 2 13 23
264  -31.0 2 13 25
265  -31.0 2 13 26
266  -31.0 2 13 27
267  -62.0 2 14 15
268  -62.0 2 14 16
269  -62.0 2 14 17
270  -62.0 2 14 18
271  -62.0 2 14 19
272  -62.0 2 14 20
273  -62.0 2 14 21
274  -62.0 2 14 23
275  -31.0 2 14 24
276  -62.0 2 14 25
277  -62.0 2 14 27
278  -1.0 2 14 29
279  -31.0 2 14 30
280  -62.0 2 15 16
281  -62.0 2 15 17
282  -62.0 2 15 18
283  -62.0 2 15 19
284  -62.0 2 15 20
285  -62.0 2 15 23
286  -31.0 2 15 24
287  -62.0 2 15 25
288  -62.0 2 15 26
289  -62.0 2 15 27
290  -1.0 2 15 29
291  -31.0 2 15 30
292  -62.0 2 16 17
293  -62.0 2 16 18
294  -62.0 2 16 19
295  -62.0 2 16 20
296  -62.0 2 16 21
297  -62.0 2 16 23
298  -31.0 2 16 24
299  -62.0 2 16 25
300  -62.0 2 16 26
301  -62.0 2 16 27
302  -1.0 2 16 29
303  -31.0 2 16 30
304  -62.0 2 17 18
305  -62.0 2 17 19
306  -62.0 2 17 21
307  -31.0 2 17 24
308  -62.0 2 17 25
309  -62.0 2 17 26
310  -62.0 2 17 27
311  -1.0 2 17 29
312  -62.0 2 18 19
313  -62.0 2 18 20
314  -62.0 2 18 21
315  -62.0 2 18 23
316  -31.0 2 18 24
317  -62.0 2 18 25
318  -62.0 2 18 26
319  -62.0 2 18 27
320  -1.0 2 18 29
321  -31.0 2 18 30
322  -62.0 2 19 20
323  -62.0 2 19 21
324  -62.0 2 19 23
325  -31.0 2 19 24
326  -62.0 2 19 25
327  -62.0 2 19 26
328  -62.0 2 19 27
329  -1.0 2 19 29
330  -31.0 2 19 30
331  -62.0 2 20 21
332  -62.0 2 20 23
333  -31.0 2 20 24
334  -62.0 2 20 25
335  -62.0 2 20 27
336  -1.0 2 20 29
337  -62.0 2 21 23
338  -31.0 2 21 24
339  -62.0 2 21 25
340  -62.0 2 21 26
341  -62.0 2 21 27
342  -1.0 2 21 29
343  -31.0 2 21 30
344  -31.0 2 23 24
345  -62.0 2 23 25
346  -62.0 2 23 26
347  -62.0 2 23 27
348  -1.0 2 23 29
349  -31.0 2 24 25
350  -31.0 2 24 26
351  -31.0 2 24 27
352  -62.0 2 25 26
353  -62.0 2 25 27
354  -1.0 2 25 29
355  -31.0 2 25 30
356  -62.0 2 26 27
357  -1.0 2 26 29
358  -1.0 2 27 29
359  -31.0 2 27 30
