30 342 62.0
2 17 23 
1  31.0 1 1
2  31.0 1 2
3  31.0 1 3
4  -30.0 1 4
5  31.0 1 5
6  31.0 1 6
7  31.0 1 7
8  -30.0 1 8
9  -30.0 1 9
10  31.0 1 10
11  31.0 1 11
12  -0.0 1 12
13  -0.0 1 13
14  31.0 1 14
15  31.0 1 15
16  31.0 1 16
17  31.0 1 17
18  31.0 1 18
19  -30.0 1 19
20  31.0 1 20
21  -30.0 1 21
22  -61.0 1 22
23  31.0 1 23
24  -0.0 1 24
25  31.0 1 25
26  31.0 1 26
27  31.0 1 27
28  -61.0 1 28
29  -30.0 1 29
30  -0.0 1 30
31  -62.0 2 1 2
32  -62.0 2 1 3
33  -1.0 2 1 4
34  -62.0 2 1 5
35  -62.0 2 1 6
36  -62.0 2 1 7
37  -1.0 2 1 8
38  -1.0 2 1 9
39  -62.0 2 1 10
40  -62.0 2 1 11
41  -31.0 2 1 12
42  -31.0 2 1 13
43  -62.0 2 1 14
44  -62.0 2 1 15
45  -62.0 2 1 16
46  -62.0 2 1 17
47  -62.0 2 1 18
48  -62.0 2 1 20
49  -1.0 2 1 21
50  -62.0 2 1 23
51  -31.0 2 1 24
52  -62.0 2 1 25
53  -62.0 2 1 26
54  -62.0 2 1 27
55  -1.0 2 1 29
56  -31.0 2 1 30
57  -62.0 2 2 3
58  -62.0 2 2 5
59  -62.0 2 2 6
60  -62.0 2 2 7
61  -1.0 2 2 8
62  -1.0 2 2 9
63  -62.0 2 2 10
64  -62.0 2 2 11
65  -62.0 2 2 14
66  -62.0 2 2 15
67  -62.0 2 2 16
68  -62.0 2 2 17
69  -62.0 2 2 18
70  -1.0 2 2 19
71  -62.0 2 2 20
72  -1.0 2 2 21
73  -62.0 2 2 23
74  -31.0 2 2 24
75  -62.0 2 2 25
76  -62.0 2 2 26
77  -62.0 2 2 27
78  -1.0 2 2 29
79  -31.0 2 2 30
80  -1.0 2 3 4
81  -62.0 2 3 5
82  -62.0 2 3 6
83  -62.0 2 3 7
84  -1.0 2 3 8
85  -1.0 2 3 9
86  -62.0 2 3 10
87  -62.0 2 3 11
88  -31.0 2 3 12
89  -31.0 2 3 13
90  -62.0 2 3 14
91  -62.0 2 3 15
92  -62.0 2 3 16
93  -62.0 2 3 17
94  -62.0 2 3 18
95  -1.0 2 3 19
96  -62.0 2 3 20
97  -1.0 2 3 21
98  -62.0 2 3 23
99  -31.0 2 3 24
100  -62.0 2 3 25
101  -62.0 2 3 26
102  -62.0 2 3 27
103  -31.0 2 3 30
104  -1.0 2 4 5
105  -1.0 2 4 6
106  -1.0 2 4 7
107  -1.0 2 4 10
108  -1.0 2 4 11
109  -1.0 2 4 14
110  -1.0 2 4 15
111  -1.0 2 4 16
112  -1.0 2 4 17
113  -1.0 2 4 18
114  -1.0 2 4 20
115  -1.0 2 4 23
116  -1.0 2 4 25
117  -1.0 2 4 26
118  -1.0 2 4 27
119  -62.0 2 5 6
120  -62.0 2 5 7
121  -1.0 2 5 8
122  -1.0 2 5 9
123  -62.0 2 5 10
124  -62.0 2 5 11
125  -31.0 2 5 12
126  -31.0 2 5 13
127  -62.0 2 5 14
128  -62.0 2 5 15
129  -62.0 2 5 16
130  -62.0 2 5 17
131  -62.0 2 5 18
132  -1.0 2 5 19
133  -62.0 2 5 20
134  -1.0 2 5 21
135  -62.0 2 5 23
136  -31.0 2 5 24
137  -62.0 2 5 25
138  -62.0 2 5 26
139  -62.0 2 5 27
140  -1.0 2 5 29
141  -31.0 2 5 30
142  -62.0 2 6 7
143  -1.0 2 6 9
144  -62.0 2 6 10
145  -62.0 2 6 11
146  -31.0 2 6 12
147  -31.0 2 6 13
148  -62.0 2 6 14
149  -62.0 2 6 15
150  -62.0 2 6 16
151  -62.0 2 6 17
152  -62.0 2 6 18
153  -1.0 2 6 19
154  -62.0 2 6 20
155  -1.0 2 6 21
156  -62.0 2 6 23
157  -62.0 2 6 25
158  -62.0 2 6 26
159  -62.0 2 6 27
160  -1.0 2 6 29
161  -31.0 2 6 30
162  -1.0 2 7 8
163  -1.0 2 7 9
164  -62.0 2 7 10
165  -62.0 2 7 11
166  -31.0 2 7 12
167  -31.0 2 7 13
168  -62.0 2 7 14
169  -62.0 2 7 15
170  -62.0 2 7 16
171  -62.0 2 7 17
172  -1.0 2 7 19
173  -62.0 2 7 20
174  -1.0 2 7 21
175  -31.0 2 7 24
176  -62.0 2 7 25
177  -62.0 2 7 26
178  -62.0 2 7 27
179  -1.0 2 7 29
180  -31.0 2 7 30
181  -1.0 2 8 10
182  -1.0 2 8 11
183  -1.0 2 8 14
184  -1.0 2 8 15
185  -1.0 2 8 16
186  -1.0 2 8 17
187  -1.0 2 8 18
188  -1.0 2 8 20
189  -1.0 2 8 23
190  -1.0 2 8 25
191  -1.0 2 8 26
192  -1.0 2 8 27
193  -1.0 2 9 10
194  -1.0 2 9 14
195  -1.0 2 9 15
196  -1.0 2 9 16
197  -1.0 2 9 17
198  -1.0 2 9 18
199  -1.0 2 9 20
200  -1.0 2 9 23
201  -1.0 2 9 25
202  -1.0 2 9 26
203  -1.0 2 9 27
204  -62.0 2 10 11
205  -31.0 2 10 12
206  -31.0 2 10 13
207  -62.0 2 10 14
208  -62.0 2 10 15
209  -62.0 2 10 16
210  -62.0 2 10 17
211  -1.0 2 10 19
212  -62.0 2 10 20
213  -1.0 2 10 21
214  -62.0 2 10 23
215  -31.0 2 10 24
216  -62.0 2 10 25
217  -62.0 2 10 26
218  -62.0 2 10 27
219  -1.0 2 10 29
220  -31.0 2 10 30
221  -31.0 2 11 12
222  -31.0 2 11 13
223  -62.0 2 11 14
224  -62.0 2 11 15
225  -62.0 2 11 16
226  -62.0 2 11 17
227  -62.0 2 11 18
228  -62.0 2 11 20
229  -1.0 2 11 21
230  -62.0 2 11 23
231  -31.0 2 11 24
232  -62.0 2 11 25
233  -62.0 2 11 26
234  -62.0 2 11 27
235  -1.0 2 11 29
236  -31.0 2 11 30
237  -31.0 2 12 14
238  -31.0 2 12 15
239  -31.0 2 12 16
240  -31.0 2 12 17
241  -31.0 2 12 18
242  -31.0 2 12 20
243  -31.0 2 12 23
244  -31.0 2 12 25
245  -31.0 2 12 26
246  -31.0 2 12 27
247  -31.0 2 13 14
248  -31.0 2 13 15
249  -31.0 2 13 16
250  -31.0 2 13 17
251  -31.0 2 13 18
252  -31.0 2 13 20
253  -31.0 2 13 23
254  -31.0 2 13 25
255  -31.0 2 13 26
256  -31.0 2 13 27
257  -62.0 2 14 15
258  -62.0 2 14 16
259  -62.0 2 14 17
260  -62.0 2 14 18
261  -1.0 2 14 19
262  -62.0 2 14 20
263  -1.0 2 14 21
264  -62.0 2 14 23
265  -31.0 2 14 24
266  -62.0 2 14 25
267  -62.0 2 14 27
268  -1.0 2 14 29
269  -31.0 2 14 30
270  -62.0 2 15 16
271  -62.0 2 15 17
272  -62.0 2 15 18
273  -1.0 2 15 19
274  -62.0 2 15 20
275  -62.0 2 15 23
276  -31.0 2 15 24
277  -62.0 2 15 25
278  -62.0 2 15 26
279  -62.0 2 15 27
280  -1.0 2 15 29
281  -31.0 2 15 30
282  -62.0 2 16 17
283  -62.0 2 16 18
284  -1.0 2 16 19
285  -62.0 2 16 20
286  -1.0 2 16 21
287  -62.0 2 16 23
288  -31.0 2 16 24
289  -62.0 2 16 25
290  -62.0 2 16 26
291  -62.0 2 16 27
292  -1.0 2 16 29
293  -31.0 2 16 30
294  -62.0 2 17 18
295  -1.0 2 17 19
296  -1.0 2 17 21
297  -31.0 2 17 24
298  -62.0 2 17 25
299  -62.0 2 17 26
300  -62.0 2 17 27
301  -1.0 2 17 29
302  -1.0 2 18 19
303  -62.0 2 18 20
304  -1.0 2 18 21
305  -62.0 2 18 23
306  -31.0 2 18 24
307  -62.0 2 18 25
308  -62.0 2 18 26
309  -62.0 2 18 27
310  -1.0 2 18 29
311  -31.0 2 18 30
312  -1.0 2 19 20
313  -1.0 2 19 23
314  -1.0 2 19 25
315  -1.0 2 19 26
316  -1.0 2 19 27
317  -1.0 2 20 21
318  -62.0 2 20 23
319  -31.0 2 20 24
320  -62.0 2 20 25
321  -62.0 2 20 27
322  -1.0 2 20 29
323  -1.0 2 21 23
324  -1.0 2 21 25
325  -1.0 2 21 26
326  -1.0 2 21 27
327  -31.0 2 23 24
328  -62.0 2 23 25
329  -62.0 2 23 26
330  -62.0 2 23 27
331  -1.0 2 23 29
332  -31.0 2 24 25
333  -31.0 2 24 26
334  -31.0 2 24 27
335  -62.0 2 25 26
336  -62.0 2 25 27
337  -1.0 2 25 29
338  -31.0 2 25 30
339  -62.0 2 26 27
340  -1.0 2 26 29
341  -1.0 2 27 29
342  -31.0 2 27 30
