30 336 62.0
2 14 26 
1  31.0 1 1
2  31.0 1 2
3  31.0 1 3
4  -30.0 1 4
5  31.0 1 5
6  31.0 1 6
7  31.0 1 7
8  -30.0 1 8
9  -30.0 1 9
10  31.0 1 10
11  31.0 1 11
12  -0.0 1 12
13  -0.0 1 13
14  31.0 1 14
15  31.0 1 15
16  31.0 1 16
17  31.0 1 17
18  -30.0 1 18
19  -30.0 1 19
20  -30.0 1 20
21  -30.0 1 21
22  -0.0 1 22
23  -30.0 1 23
24  -0.0 1 24
25  31.0 1 25
26  31.0 1 26
27  31.0 1 27
28  -0.0 1 28
29  -30.0 1 29
30  -0.0 1 30
31  -62.0 2 1 2
32  -62.0 2 1 3
33  -1.0 2 1 4
34  -62.0 2 1 5
35  -62.0 2 1 6
36  -62.0 2 1 7
37  -1.0 2 1 8
38  -1.0 2 1 9
39  -62.0 2 1 10
40  -62.0 2 1 11
41  -31.0 2 1 12
42  -31.0 2 1 13
43  -62.0 2 1 14
44  -62.0 2 1 15
45  -62.0 2 1 16
46  -62.0 2 1 17
47  -1.0 2 1 18
48  -1.0 2 1 20
49  -1.0 2 1 21
50  -31.0 2 1 22
51  -1.0 2 1 23
52  -31.0 2 1 24
53  -62.0 2 1 25
54  -62.0 2 1 26
55  -62.0 2 1 27
56  -31.0 2 1 28
57  -1.0 2 1 29
58  -31.0 2 1 30
59  -62.0 2 2 3
60  -62.0 2 2 5
61  -62.0 2 2 6
62  -62.0 2 2 7
63  -1.0 2 2 8
64  -1.0 2 2 9
65  -62.0 2 2 10
66  -62.0 2 2 11
67  -62.0 2 2 14
68  -62.0 2 2 15
69  -62.0 2 2 16
70  -62.0 2 2 17
71  -1.0 2 2 18
72  -1.0 2 2 19
73  -1.0 2 2 20
74  -1.0 2 2 21
75  -31.0 2 2 22
76  -1.0 2 2 23
77  -31.0 2 2 24
78  -62.0 2 2 25
79  -62.0 2 2 26
80  -62.0 2 2 27
81  -31.0 2 2 28
82  -1.0 2 2 29
83  -31.0 2 2 30
84  -1.0 2 3 4
85  -62.0 2 3 5
86  -62.0 2 3 6
87  -62.0 2 3 7
88  -1.0 2 3 8
89  -1.0 2 3 9
90  -62.0 2 3 10
91  -62.0 2 3 11
92  -31.0 2 3 12
93  -31.0 2 3 13
94  -62.0 2 3 14
95  -62.0 2 3 15
96  -62.0 2 3 16
97  -62.0 2 3 17
98  -1.0 2 3 18
99  -1.0 2 3 19
100  -1.0 2 3 20
101  -1.0 2 3 21
102  -31.0 2 3 22
103  -1.0 2 3 23
104  -31.0 2 3 24
105  -62.0 2 3 25
106  -62.0 2 3 26
107  -62.0 2 3 27
108  -31.0 2 3 28
109  -31.0 2 3 30
110  -1.0 2 4 5
111  -1.0 2 4 6
112  -1.0 2 4 7
113  -1.0 2 4 10
114  -1.0 2 4 11
115  -1.0 2 4 14
116  -1.0 2 4 15
117  -1.0 2 4 16
118  -1.0 2 4 17
119  -1.0 2 4 25
120  -1.0 2 4 26
121  -1.0 2 4 27
122  -62.0 2 5 6
123  -62.0 2 5 7
124  -1.0 2 5 8
125  -1.0 2 5 9
126  -62.0 2 5 10
127  -62.0 2 5 11
128  -31.0 2 5 12
129  -31.0 2 5 13
130  -62.0 2 5 14
131  -62.0 2 5 15
132  -62.0 2 5 16
133  -62.0 2 5 17
134  -1.0 2 5 18
135  -1.0 2 5 19
136  -1.0 2 5 20
137  -1.0 2 5 21
138  -31.0 2 5 22
139  -1.0 2 5 23
140  -31.0 2 5 24
141  -62.0 2 5 25
142  -62.0 2 5 26
143  -62.0 2 5 27
144  -31.0 2 5 28
145  -1.0 2 5 29
146  -31.0 2 5 30
147  -62.0 2 6 7
148  -1.0 2 6 9
149  -62.0 2 6 10
150  -62.0 2 6 11
151  -31.0 2 6 12
152  -31.0 2 6 13
153  -62.0 2 6 14
154  -62.0 2 6 15
155  -62.0 2 6 16
156  -62.0 2 6 17
157  -1.0 2 6 18
158  -1.0 2 6 19
159  -1.0 2 6 20
160  -1.0 2 6 21
161  -31.0 2 6 22
162  -1.0 2 6 23
163  -62.0 2 6 25
164  -62.0 2 6 26
165  -62.0 2 6 27
166  -31.0 2 6 28
167  -1.0 2 6 29
168  -31.0 2 6 30
169  -1.0 2 7 8
170  -1.0 2 7 9
171  -62.0 2 7 10
172  -62.0 2 7 11
173  -31.0 2 7 12
174  -31.0 2 7 13
175  -62.0 2 7 14
176  -62.0 2 7 15
177  -62.0 2 7 16
178  -62.0 2 7 17
179  -1.0 2 7 19
180  -1.0 2 7 20
181  -1.0 2 7 21
182  -31.0 2 7 22
183  -31.0 2 7 24
184  -62.0 2 7 25
185  -62.0 2 7 26
186  -62.0 2 7 27
187  -31.0 2 7 28
188  -1.0 2 7 29
189  -31.0 2 7 30
190  -1.0 2 8 10
191  -1.0 2 8 11
192  -1.0 2 8 14
193  -1.0 2 8 15
194  -1.0 2 8 16
195  -1.0 2 8 17
196  -1.0 2 8 25
197  -1.0 2 8 26
198  -1.0 2 8 27
199  -1.0 2 9 10
200  -1.0 2 9 14
201  -1.0 2 9 15
202  -1.0 2 9 16
203  -1.0 2 9 17
204  -1.0 2 9 25
205  -1.0 2 9 26
206  -1.0 2 9 27
207  -62.0 2 10 11
208  -31.0 2 10 12
209  -31.0 2 10 13
210  -62.0 2 10 14
211  -62.0 2 10 15
212  -62.0 2 10 16
213  -62.0 2 10 17
214  -1.0 2 10 19
215  -1.0 2 10 20
216  -1.0 2 10 21
217  -31.0 2 10 22
218  -1.0 2 10 23
219  -31.0 2 10 24
220  -62.0 2 10 25
221  -62.0 2 10 26
222  -62.0 2 10 27
223  -31.0 2 10 28
224  -1.0 2 10 29
225  -31.0 2 10 30
226  -31.0 2 11 12
227  -31.0 2 11 13
228  -62.0 2 11 14
229  -62.0 2 11 15
230  -62.0 2 11 16
231  -62.0 2 11 17
232  -1.0 2 11 18
233  -1.0 2 11 20
234  -1.0 2 11 21
235  -31.0 2 11 22
236  -1.0 2 11 23
237  -31.0 2 11 24
238  -62.0 2 11 25
239  -62.0 2 11 26
240  -62.0 2 11 27
241  -31.0 2 11 28
242  -1.0 2 11 29
243  -31.0 2 11 30
244  -31.0 2 12 14
245  -31.0 2 12 15
246  -31.0 2 12 16
247  -31.0 2 12 17
248  -31.0 2 12 25
249  -31.0 2 12 26
250  -31.0 2 12 27
251  -31.0 2 13 14
252  -31.0 2 13 15
253  -31.0 2 13 16
254  -31.0 2 13 17
255  -31.0 2 13 25
256  -31.0 2 13 26
257  -31.0 2 13 27
258  -62.0 2 14 15
259  -62.0 2 14 16
260  -62.0 2 14 17
261  -1.0 2 14 18
262  -1.0 2 14 19
263  -1.0 2 14 20
264  -1.0 2 14 21
265  -31.0 2 14 22
266  -1.0 2 14 23
267  -31.0 2 14 24
268  -62.0 2 14 25
269  -62.0 2 14 27
270  -1.0 2 14 29
271  -31.0 2 14 30
272  -62.0 2 15 16
273  -62.0 2 15 17
274  -1.0 2 15 18
275  -1.0 2 15 19
276  -1.0 2 15 20
277  -31.0 2 15 22
278  -1.0 2 15 23
279  -31.0 2 15 24
280  -62.0 2 15 25
281  -62.0 2 15 26
282  -62.0 2 15 27
283  -31.0 2 15 28
284  -1.0 2 15 29
285  -31.0 2 15 30
286  -62.0 2 16 17
287  -1.0 2 16 18
288  -1.0 2 16 19
289  -1.0 2 16 20
290  -1.0 2 16 21
291  -1.0 2 16 23
292  -31.0 2 16 24
293  -62.0 2 16 25
294  -62.0 2 16 26
295  -62.0 2 16 27
296  -1.0 2 16 29
297  -31.0 2 16 30
298  -1.0 2 17 18
299  -1.0 2 17 19
300  -1.0 2 17 21
301  -31.0 2 17 24
302  -62.0 2 17 25
303  -62.0 2 17 26
304  -62.0 2 17 27
305  -31.0 2 17 28
306  -1.0 2 17 29
307  -1.0 2 18 25
308  -1.0 2 18 26
309  -1.0 2 18 27
310  -1.0 2 19 25
311  -1.0 2 19 26
312  -1.0 2 19 27
313  -1.0 2 20 25
314  -1.0 2 20 27
315  -1.0 2 21 25
316  -1.0 2 21 26
317  -1.0 2 21 27
318  -31.0 2 22 25
319  -31.0 2 22 26
320  -31.0 2 22 27
321  -1.0 2 23 25
322  -1.0 2 23 26
323  -1.0 2 23 27
324  -31.0 2 24 25
325  -31.0 2 24 26
326  -31.0 2 24 27
327  -62.0 2 25 26
328  -62.0 2 25 27
329  -31.0 2 25 28
330  -1.0 2 25 29
331  -31.0 2 25 30
332  -62.0 2 26 27
333  -1.0 2 26 29
334  -31.0 2 27 28
335  -1.0 2 27 29
336  -31.0 2 27 30
